x	y	r	phi
-0.9907	0.1029	0.9960	3.0380
-0.9882	0.1071	0.9940	3.0336
-0.9858	0.1109	0.9920	3.0295
-0.9813	0.1147	0.9880	3.0252
-0.9910	0.1178	0.9980	3.0233
-0.9788	0.1188	0.9860	3.0208
-0.9885	0.1219	0.9960	3.0189
-0.9763	0.1225	0.9840	3.0168
-0.9860	0.1259	0.9940	3.0146
-0.9717	0.1270	0.9800	3.0116
-0.9795	0.1295	0.9880	3.0101
-0.9692	0.1311	0.9780	3.0072
-0.9769	0.1334	0.9860	3.0058
-0.9666	0.1350	0.9760	3.0029
-0.9763	0.1378	0.9860	3.0014
-0.9641	0.1387	0.9740	2.9987
-0.9737	0.1417	0.9840	2.9971
-0.9615	0.1426	0.9720	2.9943
-0.9710	0.1464	0.9820	2.9919
-0.9569	0.1462	0.9680	2.9900
-0.9684	0.1504	0.9800	2.9875
-0.9543	0.1498	0.9660	2.9859
-0.9638	0.1539	0.9760	2.9832
-0.9517	0.1536	0.9640	2.9816
-0.9611	0.1579	0.9740	2.9788
-0.9491	0.1572	0.9620	2.9775
-0.9585	0.1617	0.9720	2.9745
-0.9464	0.1609	0.9600	2.9731
-0.9558	0.1656	0.9700	2.9701
-0.9437	0.1648	0.9580	2.9687
-0.9531	0.1693	0.9680	2.9658
-0.9411	0.1683	0.9560	2.9646
-0.9504	0.1732	0.9660	2.9613
-0.9364	0.1717	0.9520	2.9603
-0.9476	0.1769	0.9640	2.9570
-0.9337	0.1754	0.9500	2.9559
-0.9449	0.1807	0.9620	2.9526
-0.9310	0.1788	0.9480	2.9519
-0.9402	0.1840	0.9580	2.9483
-0.9282	0.1825	0.9460	2.9474
-0.9393	0.1882	0.9580	2.9439
-0.9253	0.1869	0.9440	2.9423
-0.9366	0.1915	0.9560	2.9399
-0.9225	0.1905	0.9420	2.9380
-0.9338	0.1953	0.9540	2.9355
-0.9198	0.1939	0.9400	2.9338
-0.9310	0.1989	0.9520	2.9311
-0.9170	0.1974	0.9380	2.9295
-0.9282	0.2025	0.9500	2.9267
-0.9142	0.2010	0.9360	2.9251
-0.9253	0.2061	0.9480	2.9224
-0.9133	0.2048	0.9360	2.9210
-0.9225	0.2097	0.9460	2.9180
-0.9085	0.2079	0.9320	2.9167
-0.9057	0.2112	0.9300	2.9126
-0.9193	0.2143	0.9440	2.9126
-0.9028	0.2146	0.9280	2.9082
-0.9165	0.2178	0.9420	2.9082
-0.9136	0.2214	0.9400	2.9038
-0.8999	0.2181	0.9260	2.9038
-0.8971	0.2213	0.9240	2.8997
-0.9106	0.2249	0.9380	2.8995
-0.8942	0.2247	0.9220	2.8954
-0.9078	0.2281	0.9360	2.8954
-0.9048	0.2316	0.9340	2.8910
-0.8913	0.2282	0.9200	2.8910
-0.8884	0.2312	0.9180	2.8870
-0.9019	0.2350	0.9320	2.8867
-0.8874	0.2352	0.9180	2.8825
-0.9008	0.2390	0.9320	2.8823
-0.8845	0.2382	0.9160	2.8785
-0.8979	0.2424	0.9300	2.8779
-0.8796	0.2411	0.9120	2.8741
-0.8949	0.2458	0.9280	2.8735
-0.8785	0.2448	0.9120	2.8698
-0.8938	0.2497	0.9280	2.8692
-0.8908	0.2530	0.9260	2.8648
-0.8753	0.2488	0.9100	2.8646
-0.8877	0.2563	0.9240	2.8605
-0.8724	0.2519	0.9080	2.8605
-0.8693	0.2552	0.9060	2.8561
-0.8847	0.2597	0.9220	2.8561
-0.8663	0.2584	0.9040	2.8518
-0.8816	0.2629	0.9200	2.8518
-0.8633	0.2613	0.9020	2.8476
-0.8805	0.2668	0.9200	2.8474
-0.8622	0.2651	0.9020	2.8433
-0.8812	0.2712	0.9220	2.8430
-0.8610	0.2689	0.9020	2.8389
-0.8781	0.2745	0.9200	2.8386
-0.8618	0.2730	0.9040	2.8348
-0.8751	0.2774	0.9180	2.8346
-0.8606	0.2767	0.9040	2.8305
-0.8719	0.2807	0.9160	2.8302
-0.8576	0.2797	0.9020	2.8264
-0.8670	0.2830	0.9120	2.8261
-0.8544	0.2827	0.9000	2.8220
-0.8658	0.2867	0.9120	2.8218
-0.8475	0.2846	0.8940	2.8176
-0.8624	0.2906	0.9100	2.8166
-0.8426	0.2867	0.8900	2.8136
-0.8593	0.2935	0.9080	2.8125
-0.8394	0.2898	0.8880	2.8092
-0.8561	0.2965	0.9060	2.8081
-0.8381	0.2934	0.8880	2.8049
-0.8548	0.3003	0.9060	2.8037
-0.8369	0.2968	0.8880	2.8008
-0.8498	0.3024	0.9020	2.7997
-0.8337	0.2998	0.8860	2.7964
-0.8466	0.3055	0.9000	2.7953
-0.8306	0.3025	0.8840	2.7923
-0.8453	0.3090	0.9000	2.7912
-0.8255	0.3048	0.8800	2.7879
-0.8440	0.3126	0.9000	2.7869
-0.8408	0.3154	0.8980	2.7827
-0.8221	0.3084	0.8780	2.7827
-0.8229	0.3117	0.8800	2.7795
-0.8376	0.3183	0.8960	2.7784
-0.8216	0.3153	0.8800	2.7752
-0.8362	0.3217	0.8960	2.7743
-0.8181	0.3188	0.8780	2.7700
-0.8348	0.3253	0.8960	2.7700
-0.8148	0.3217	0.8760	2.7656
-0.8320	0.3325	0.8960	2.7615
-0.8134	0.3253	0.8760	2.7612
-0.8120	0.3288	0.8760	2.7569
-0.8105	0.3324	0.8760	2.7524
-0.8071	0.3353	0.8740	2.7478
-0.8057	0.3388	0.8740	2.7435
-0.8042	0.3423	0.8740	2.7391
-0.7978	0.3520	0.8720	2.7261
-0.3194	0.1480	0.3520	2.7078
-0.3187	0.1494	0.3520	2.7034
-0.3181	0.1507	0.3520	2.6993
-0.3164	0.1519	0.3510	2.6941
-0.3158	0.1533	0.3510	2.6897
-0.3152	0.1545	0.3510	2.6857
-0.3136	0.1555	0.3500	2.6813
-0.3129	0.1568	0.3500	2.6770
-0.3123	0.1581	0.3500	2.6729
-0.2952	0.1498	0.3310	2.6720
-0.3116	0.1595	0.3500	2.6685
-0.2945	0.1511	0.3310	2.6677
-0.3109	0.1607	0.3500	2.6644
-0.2939	0.1524	0.3310	2.6633
-0.3102	0.1621	0.3500	2.6600
-0.2932	0.1536	0.3310	2.6590
-0.3087	0.1629	0.3490	2.6560
-0.2925	0.1549	0.3310	2.6546
-0.3079	0.1643	0.3490	2.6516
-0.2909	0.1558	0.3300	2.6500
-0.3073	0.1655	0.3490	2.6475
-0.2902	0.1571	0.3300	2.6455
-0.3065	0.1668	0.3490	2.6431
-0.2895	0.1583	0.3300	2.6412
-0.3050	0.1676	0.3480	2.6390
-0.2888	0.1596	0.3300	2.6368
-0.3042	0.1689	0.3480	2.6347
-0.2882	0.1608	0.3300	2.6325
-0.3035	0.1702	0.3480	2.6306
-0.2866	0.1616	0.3290	2.6281
-0.3028	0.1715	0.3480	2.6262
-0.2858	0.1629	0.3290	2.6235
-0.3012	0.1723	0.3470	2.6219
-0.2851	0.1642	0.3290	2.6192
-0.2994	0.1734	0.3460	2.6167
-0.2844	0.1654	0.3290	2.6148
-0.2987	0.1746	0.3460	2.6126
-0.2837	0.1666	0.3290	2.6105
-0.2990	0.1761	0.3470	2.6093
-0.2821	0.1674	0.3280	2.6060
-0.2982	0.1774	0.3470	2.6050
-0.2813	0.1687	0.3280	2.6014
-0.2975	0.1786	0.3470	2.6009
-0.2806	0.1699	0.3280	2.5970
-0.2957	0.1796	0.3460	2.5957
-0.2798	0.1711	0.3280	2.5927
-0.2949	0.1809	0.3460	2.5913
-0.2791	0.1724	0.3280	2.5883
-0.2942	0.1821	0.3460	2.5873
-0.2783	0.1736	0.3280	2.5840
-0.2934	0.1834	0.3460	2.5828
-0.2917	0.1842	0.3450	2.5785
-0.2765	0.1745	0.3270	2.5785
-0.2910	0.1854	0.3450	2.5744
-0.2757	0.1758	0.3270	2.5741
-0.2910	0.1872	0.3460	2.5701
-0.2750	0.1770	0.3270	2.5698
-0.2902	0.1883	0.3460	2.5660
-0.2742	0.1782	0.3270	2.5651
-0.2886	0.1891	0.3450	2.5616
-0.2734	0.1794	0.3270	2.5608
-0.2870	0.1897	0.3440	2.5575
-0.2726	0.1806	0.3270	2.5564
-0.2870	0.1915	0.3450	2.5531
-0.2718	0.1818	0.3270	2.5521
-0.2862	0.1927	0.3450	2.5491
-0.2710	0.1830	0.3270	2.5477
-0.2853	0.1939	0.3450	2.5447
-0.2694	0.1836	0.3260	2.5433
-0.2837	0.1945	0.3440	2.5406
-0.2685	0.1849	0.3260	2.5386
-0.2829	0.1958	0.3440	2.5362
-0.2677	0.1860	0.3260	2.5343
-0.2821	0.1969	0.3440	2.5321
-0.2669	0.1872	0.3260	2.5299
-0.2812	0.1981	0.3440	2.5278
-0.2661	0.1884	0.3260	2.5256
-0.2803	0.1994	0.3440	2.5234
-0.2652	0.1895	0.3260	2.5212
-0.2803	0.2011	0.3450	2.5193
-0.2636	0.1901	0.3250	2.5169
-0.2795	0.2023	0.3450	2.5150
-0.2627	0.1913	0.3250	2.5123
-0.2778	0.2029	0.3440	2.5108
-0.2619	0.1924	0.3250	2.5079
-0.2769	0.2041	0.3440	2.5065
-0.2618	0.1942	0.3260	2.5035
-0.2761	0.2052	0.3440	2.5024
-0.2610	0.1953	0.3260	2.4991
-0.2752	0.2064	0.3440	2.4981
-0.2601	0.1965	0.3260	2.4947
-0.2735	0.2069	0.3430	2.4940
-0.2584	0.1971	0.3250	2.4901
-0.2726	0.2081	0.3430	2.4896
-0.2576	0.1982	0.3250	2.4858
-0.2726	0.2098	0.3440	2.4855
-0.2567	0.1993	0.3250	2.4814
-0.2717	0.2110	0.3440	2.4811
-0.2558	0.2004	0.3250	2.4771
-0.2707	0.2122	0.3440	2.4768
-0.2699	0.2133	0.3440	2.4727
-0.2557	0.2022	0.3260	2.4727
-0.2682	0.2139	0.3430	2.4684
-0.2549	0.2033	0.3260	2.4684
-0.2673	0.2150	0.3430	2.4642
-0.2539	0.2045	0.3260	2.4637
-0.2671	0.2168	0.3440	2.4598
-0.2530	0.2056	0.3260	2.4594
-0.2662	0.2178	0.3440	2.4558
-0.2521	0.2067	0.3260	2.4549
-0.2653	0.2190	0.3440	2.4514
-0.2505	0.2071	0.3250	2.4506
-0.2644	0.2201	0.3440	2.4474
-0.2495	0.2082	0.3250	2.4462
-0.2634	0.2213	0.3440	2.4430
-0.2486	0.2093	0.3250	2.4419
-0.2625	0.2223	0.3440	2.4388
-0.2477	0.2105	0.3250	2.4372
-0.2615	0.2235	0.3440	2.4345
-0.2475	0.2122	0.3260	2.4329
-0.2606	0.2245	0.3440	2.4304
-0.2466	0.2133	0.3260	2.4285
-0.2596	0.2257	0.3440	2.4261
-0.2456	0.2143	0.3260	2.4242
-0.2594	0.2275	0.3450	2.4217
-0.2447	0.2154	0.3260	2.4198
-0.2585	0.2285	0.3450	2.4176
-0.2437	0.2165	0.3260	2.4152
-0.2575	0.2296	0.3450	2.4132
-0.2427	0.2176	0.3260	2.4107
-0.2565	0.2307	0.3450	2.4091
-0.2418	0.2187	0.3260	2.4064
-0.2555	0.2318	0.3450	2.4048
-0.2408	0.2197	0.3260	2.4020
-0.2546	0.2329	0.3450	2.4007
-0.2399	0.2208	0.3260	2.3977
-0.2536	0.2340	0.3450	2.3964
-0.2389	0.2218	0.3260	2.3933
-0.2526	0.2350	0.3450	2.3922
-0.2379	0.2229	0.3260	2.3887
-0.2523	0.2368	0.3460	2.3878
-0.2369	0.2240	0.3260	2.3843
-0.2513	0.2379	0.3460	2.3835
-0.2367	0.2257	0.3270	2.3800
-0.2495	0.2383	0.3450	2.3791
-0.2357	0.2267	0.3270	2.3756
-0.2484	0.2394	0.3450	2.3748
-0.2347	0.2277	0.3270	2.3712
-0.2482	0.2411	0.3460	2.3707
-0.2480	0.2427	0.3470	2.3671
-0.2337	0.2288	0.3270	2.3668
-0.2470	0.2437	0.3470	2.3628
-0.2326	0.2298	0.3270	2.3622
-0.2326	0.2313	0.3280	2.3590
-0.2459	0.2448	0.3470	2.3584
-0.2316	0.2323	0.3280	2.3546
-0.2449	0.2458	0.3470	2.3544
-0.2438	0.2469	0.3470	2.3500
-0.2305	0.2334	0.3280	2.3500
-0.2295	0.2344	0.3280	2.3456
-0.2428	0.2479	0.3470	2.3456
-0.2284	0.2354	0.3280	2.3412
-0.2417	0.2490	0.3470	2.3412
-0.2274	0.2364	0.3280	2.3369
-0.2413	0.2508	0.3480	2.3369
-0.2264	0.2374	0.3280	2.3325
-0.2402	0.2518	0.3480	2.3325
-0.2260	0.2391	0.3290	2.3282
-0.2391	0.2529	0.3480	2.3282
-0.2380	0.2539	0.3480	2.3238
-0.2249	0.2401	0.3290	2.3235
-0.2368	0.2550	0.3480	2.3194
-0.2246	0.2418	0.3300	2.3192
-0.2365	0.2567	0.3490	2.3154
-0.2228	0.2421	0.3290	2.3148
-0.2354	0.2577	0.3490	2.3109
-0.2218	0.2430	0.3290	2.3105
-0.2349	0.2594	0.3500	2.3066
-0.2207	0.2440	0.3290	2.3061
-0.2338	0.2605	0.3500	2.3022
-0.2202	0.2458	0.3300	2.3015
-0.2326	0.2615	0.3500	2.2979
-0.2191	0.2467	0.3300	2.2970
-0.2315	0.2625	0.3500	2.2935
-0.2187	0.2484	0.3310	2.2927
-0.2310	0.2643	0.3510	2.2892
-0.2176	0.2494	0.3310	2.2883
-0.2298	0.2653	0.3510	2.2848
-0.2166	0.2503	0.3310	2.2843
-0.2288	0.2662	0.3510	2.2807
-0.2155	0.2512	0.3310	2.2799
-0.2276	0.2672	0.3510	2.2763
-0.2144	0.2521	0.3310	2.2756
-0.2264	0.2682	0.3510	2.2720
-0.2133	0.2531	0.3310	2.2712
-0.2261	0.2698	0.3520	2.2685
-0.2129	0.2548	0.3320	2.2668
-0.2250	0.2707	0.3520	2.2643
-0.2117	0.2557	0.3320	2.2624
-0.2245	0.2724	0.3530	2.2599
-0.2106	0.2566	0.3320	2.2580
-0.2239	0.2742	0.3540	2.2556
-0.2095	0.2575	0.3320	2.2537
-0.2227	0.2752	0.3540	2.2512
-0.2084	0.2585	0.3320	2.2493
-0.2215	0.2761	0.3540	2.2469
-0.2073	0.2594	0.3320	2.2450
-0.2203	0.2771	0.3540	2.2425
-0.2070	0.2608	0.3330	2.2417
-0.2191	0.2780	0.3540	2.2382
-0.2071	0.2633	0.3350	2.2373
-0.2185	0.2798	0.3550	2.2338
-0.2060	0.2642	0.3350	2.2330
-0.2173	0.2807	0.3550	2.2294
-0.2048	0.2651	0.3350	2.2286
-0.2167	0.2824	0.3560	2.2253
-0.2037	0.2660	0.3350	2.2243
-0.2155	0.2834	0.3560	2.2210
-0.2025	0.2669	0.3350	2.2199
-0.2151	0.2849	0.3570	2.2175
-0.2019	0.2685	0.3360	2.2155
-0.2139	0.2858	0.3570	2.2133
-0.2008	0.2694	0.3360	2.2114
-0.2127	0.2867	0.3570	2.2089
-0.1997	0.2702	0.3360	2.2071
-0.2114	0.2877	0.3570	2.2046
-0.1993	0.2718	0.3370	2.2036
-0.2107	0.2894	0.3580	2.2002
-0.1981	0.2726	0.3370	2.1992
-0.2101	0.2911	0.3590	2.1959
-0.1969	0.2735	0.3370	2.1948
-0.2088	0.2920	0.3590	2.1915
-0.1964	0.2751	0.3380	2.1907
-0.2075	0.2929	0.3590	2.1872
-0.1952	0.2760	0.3380	2.1863
-0.2068	0.2947	0.3600	2.1828
-0.1945	0.2776	0.3390	2.1820
-0.2061	0.2964	0.3610	2.1784
-0.1933	0.2785	0.3390	2.1776
-0.2049	0.2972	0.3610	2.1743
-0.1921	0.2793	0.3390	2.1733
-0.2036	0.2981	0.3610	2.1700
-0.1914	0.2810	0.3400	2.1689
-0.2031	0.2997	0.3620	2.1665
-0.1908	0.2826	0.3410	2.1645
-0.2018	0.3005	0.3620	2.1621
-0.1895	0.2835	0.3410	2.1601
-0.2011	0.3022	0.3630	2.1580
-0.1892	0.2849	0.3420	2.1569
-0.1998	0.3031	0.3630	2.1536
-0.1879	0.2857	0.3420	2.1526
-0.1985	0.3039	0.3630	2.1493
-0.1872	0.2874	0.3430	2.1481
-0.1977	0.3056	0.3640	2.1449
-0.1860	0.2882	0.3430	2.1438
-0.1969	0.3073	0.3650	2.1406
-0.1847	0.2890	0.3430	2.1394
-0.1961	0.3090	0.3660	2.1362
-0.1840	0.2907	0.3440	2.1351
-0.1953	0.3107	0.3670	2.1318
-0.1827	0.2915	0.3440	2.1307
-0.1939	0.3116	0.3670	2.1274
-0.1820	0.2931	0.3450	2.1264
-0.1926	0.3124	0.3670	2.1233
-0.1812	0.2948	0.3460	2.1220
-0.1920	0.3139	0.3680	2.1198
-0.1800	0.2955	0.3460	2.1179
-0.1907	0.3148	0.3680	2.1155
-0.1794	0.2970	0.3470	2.1143
-0.1899	0.3164	0.3690	2.1113
-0.1782	0.2978	0.3470	2.1100
-0.1890	0.3181	0.3700	2.1070
-0.1774	0.2994	0.3480	2.1056
-0.1876	0.3189	0.3700	2.1026
-0.1761	0.3002	0.3480	2.1013
-0.1868	0.3206	0.3710	2.0983
-0.1753	0.3018	0.3490	2.0971
-0.1853	0.3214	0.3710	2.0939
-0.1745	0.3034	0.3500	2.0928
-0.1844	0.3231	0.3720	2.0896
-0.1732	0.3041	0.3500	2.0884
-0.1839	0.3245	0.3730	2.0862
-0.1724	0.3058	0.3510	2.0841
-0.1824	0.3253	0.3730	2.0819
-0.1718	0.3072	0.3520	2.0806
-0.1815	0.3270	0.3740	2.0775
-0.1705	0.3080	0.3520	2.0764
-0.1806	0.3287	0.3750	2.0732
-0.1696	0.3096	0.3530	2.0721
-0.1791	0.3295	0.3750	2.0688
-0.1683	0.3103	0.3530	2.0677
-0.1782	0.3311	0.3760	2.0645
-0.1674	0.3119	0.3540	2.0634
-0.1767	0.3319	0.3760	2.0600
-0.1665	0.3135	0.3550	2.0590
-0.1758	0.3335	0.3770	2.0560
-0.1652	0.3142	0.3550	2.0547
-0.1748	0.3351	0.3780	2.0516
-0.1642	0.3159	0.3560	2.0503
-0.1734	0.3359	0.3780	2.0473
-0.1629	0.3166	0.3560	2.0459
-0.1727	0.3373	0.3790	2.0440
-0.1623	0.3180	0.3570	2.0426
-0.1717	0.3390	0.3800	2.0396
-0.1613	0.3196	0.3580	2.0383
-0.1707	0.3406	0.3810	2.0353
-0.1604	0.3212	0.3590	2.0339
-0.1692	0.3414	0.3810	2.0309
-0.1590	0.3219	0.3590	2.0296
-0.1681	0.3430	0.3820	2.0266
-0.1580	0.3235	0.3600	2.0251
-0.1671	0.3446	0.3830	2.0222
-0.1570	0.3251	0.3610	2.0208
-0.1660	0.3463	0.3840	2.0179
-0.1564	0.3265	0.3620	2.0176
-0.1653	0.3477	0.3850	2.0145
-0.1550	0.3272	0.3620	2.0132
-0.1642	0.3493	0.3860	2.0102
-0.1540	0.3287	0.3630	2.0088
-0.1627	0.3501	0.3860	2.0058
-0.1529	0.3303	0.3640	2.0044
-0.1616	0.3517	0.3870	2.0015
-0.1519	0.3319	0.3650	2.0001
-0.1604	0.3533	0.3880	1.9971
-0.1505	0.3325	0.3650	1.9957
-0.1589	0.3540	0.3880	1.9927
-0.1494	0.3341	0.3660	1.9914
-0.1578	0.3555	0.3890	1.9886
-0.1485	0.3356	0.3670	1.9873
-0.1567	0.3571	0.3900	1.9843
-0.1477	0.3371	0.3680	1.9837
-0.1558	0.3586	0.3910	1.9808
-0.1462	0.3377	0.3680	1.9793
-0.1548	0.3602	0.3920	1.9766
-0.1451	0.3393	0.3690	1.9750
-0.1536	0.3617	0.3930	1.9723
-0.1444	0.3417	0.3710	1.9706
-0.1524	0.3633	0.3940	1.9679
-0.1430	0.3423	0.3710	1.9666
-0.1513	0.3649	0.3950	1.9638
-0.1419	0.3439	0.3720	1.9622
-0.1497	0.3655	0.3950	1.9595
-0.1411	0.3453	0.3730	1.9586
-0.1486	0.3671	0.3960	1.9553
-0.1399	0.3468	0.3740	1.9543
-0.1481	0.3694	0.3980	1.9521
-0.1388	0.3484	0.3750	1.9499
-0.1465	0.3701	0.3980	1.9478
-0.1377	0.3499	0.3760	1.9459
-0.1452	0.3716	0.3990	1.9434
-0.1366	0.3514	0.3770	1.9414
-0.1444	0.3741	0.4010	1.9392
-0.1354	0.3529	0.3780	1.9371
-0.1432	0.3756	0.4020	1.9349
-0.1338	0.3535	0.3780	1.9327
-0.1420	0.3772	0.4030	1.9308
-0.1329	0.3549	0.3790	1.9292
-0.1403	0.3778	0.4030	1.9265
-0.1318	0.3564	0.3800	1.9251
-0.1395	0.3792	0.4040	1.9232
-0.1306	0.3579	0.3810	1.9207
-0.1381	0.3807	0.4050	1.9188
-0.1294	0.3594	0.3820	1.9163
-0.1369	0.3822	0.4060	1.9147
-0.1282	0.3609	0.3830	1.9120
-0.1359	0.3847	0.4080	1.9104
-0.1269	0.3624	0.3840	1.9076
-0.1345	0.3862	0.4090	1.9060
-0.1260	0.3638	0.3850	1.9043
-0.1336	0.3876	0.4100	1.9027
-0.1248	0.3653	0.3860	1.9000
-0.1324	0.3891	0.4110	1.8987
-0.1235	0.3668	0.3870	1.8956
-0.1310	0.3906	0.4120	1.8943
-0.1222	0.3682	0.3880	1.8913
-0.1293	0.3912	0.4120	1.8902
-0.1209	0.3697	0.3890	1.8869
-0.1283	0.3936	0.4140	1.8858
-0.1196	0.3712	0.3900	1.8826
-0.1272	0.3961	0.4160	1.8814
-0.1187	0.3725	0.3910	1.8793
-0.1262	0.3975	0.4170	1.8782
-0.1178	0.3749	0.3930	1.8752
-0.1249	0.3989	0.4180	1.8741
-0.1164	0.3764	0.3940	1.8708
-0.1231	0.3995	0.4180	1.8697
-0.1152	0.3778	0.3950	1.8668
-0.1217	0.4009	0.4190	1.8656
-0.1138	0.3793	0.3960	1.8623
-0.1206	0.4034	0.4210	1.8613
-0.1129	0.3806	0.3970	1.8591
-0.1194	0.4058	0.4230	1.8569
-0.1115	0.3821	0.3980	1.8548
-0.1183	0.4072	0.4240	1.8536
-0.1102	0.3835	0.3990	1.8507
-0.1170	0.4086	0.4250	1.8496
-0.1088	0.3849	0.4000	1.8462
-0.1154	0.4101	0.4260	1.8452
-0.1077	0.3873	0.4020	1.8419
-0.1139	0.4115	0.4270	1.8408
-0.1063	0.3887	0.4030	1.8378
-0.1128	0.4139	0.4290	1.8368
-0.1053	0.3900	0.4040	1.8345
-0.1112	0.4154	0.4300	1.8323
-0.1039	0.3914	0.4050	1.8302
-0.1098	0.4168	0.4310	1.8283
-0.1024	0.3929	0.4060	1.8258
-0.1089	0.4191	0.4330	1.8251
-0.1013	0.3952	0.4080	1.8217
-0.1073	0.4205	0.4340	1.8206
-0.0998	0.3966	0.4090	1.8174
-0.1057	0.4220	0.4350	1.8162
-0.0988	0.3979	0.4100	1.8141
-0.1045	0.4243	0.4370	1.8122
-0.0973	0.3993	0.4110	1.8097
-0.1028	0.4258	0.4380	1.8078
-0.0959	0.4007	0.4120	1.8057
-0.1019	0.4280	0.4400	1.8045
-0.0946	0.4031	0.4140	1.8013
-0.1003	0.4294	0.4410	1.8002
-0.0933	0.4054	0.4160	1.7970
-0.0987	0.4308	0.4420	1.7961
-0.0921	0.4067	0.4170	1.7936
-0.0973	0.4332	0.4440	1.7917
-0.0907	0.4080	0.4180	1.7896
-0.0960	0.4356	0.4460	1.7877
-0.0891	0.4094	0.4190	1.7852
-0.0950	0.4378	0.4480	1.7844
-0.0879	0.4117	0.4210	1.7811
-0.0932	0.4392	0.4490	1.7800
-0.0863	0.4131	0.4220	1.7767
-0.0916	0.4406	0.4500	1.7757
-0.0847	0.4144	0.4230	1.7724
-0.0901	0.4429	0.4520	1.7716
-0.0837	0.4167	0.4250	1.7691
-0.0886	0.4453	0.4540	1.7671
-0.0822	0.4180	0.4260	1.7650
-0.0868	0.4466	0.4550	1.7628
-0.0808	0.4203	0.4280	1.7606
-0.0858	0.4489	0.4570	1.7596
-0.0791	0.4216	0.4290	1.7563
-0.0843	0.4512	0.4590	1.7554
-0.0778	0.4239	0.4310	1.7522
-0.0825	0.4525	0.4600	1.7511
-0.0765	0.4252	0.4320	1.7489
-0.0810	0.4548	0.4620	1.7470
-0.0750	0.4275	0.4340	1.7445
-0.0799	0.4571	0.4640	1.7438
-0.0735	0.4298	0.4360	1.7402
-0.0782	0.4594	0.4660	1.7393
-0.0719	0.4310	0.4370	1.7361
-0.0765	0.4617	0.4680	1.7350
-0.0702	0.4323	0.4380	1.7318
-0.0749	0.4640	0.4700	1.7309
-0.0691	0.4345	0.4400	1.7285
-0.0731	0.4653	0.4710	1.7266
-0.0675	0.4368	0.4420	1.7241
-0.0719	0.4675	0.4730	1.7233
-0.0660	0.4391	0.4440	1.7200
-0.0701	0.4698	0.4750	1.7189
-0.0642	0.4403	0.4450	1.7157
-0.0685	0.4721	0.4770	1.7148
-0.0627	0.4426	0.4470	1.7115
-0.0667	0.4743	0.4790	1.7105
-0.0613	0.4438	0.4480	1.7080
-0.0650	0.4766	0.4810	1.7064
-0.0597	0.4460	0.4500	1.7040
-0.0637	0.4788	0.4830	1.7031
-0.0580	0.4483	0.4520	1.6996
-0.0619	0.4810	0.4850	1.6988
-0.0564	0.4505	0.4540	1.6954
-0.0600	0.4833	0.4870	1.6944
-0.0552	0.4526	0.4560	1.6922
-0.0583	0.4855	0.4890	1.6903
-0.0535	0.4549	0.4580	1.6879
-0.0564	0.4877	0.4910	1.6859
-0.0516	0.4561	0.4590	1.6834
-0.0550	0.4899	0.4930	1.6827
-0.0500	0.4583	0.4610	1.6794
-0.0531	0.4921	0.4950	1.6783
-0.0482	0.4605	0.4630	1.6750
-0.0513	0.4943	0.4970	1.6742
-0.0469	0.4626	0.4650	1.6718
-0.0494	0.4975	0.5000	1.6698
-0.0450	0.4648	0.4670	1.6673
-0.0475	0.4987	0.5010	1.6657
-0.0433	0.4670	0.4690	1.6633
-0.0461	0.5019	0.5040	1.6625
-0.0414	0.4692	0.4710	1.6589
-0.0441	0.5041	0.5060	1.6581
-0.0395	0.4703	0.4720	1.6546
-0.0422	0.5073	0.5090	1.6537
-0.0381	0.4725	0.4740	1.6513
-0.0403	0.5094	0.5110	1.6497
-0.0364	0.4756	0.4770	1.6472
-0.0387	0.5115	0.5130	1.6463
-0.0345	0.4778	0.4790	1.6428
-0.0367	0.5147	0.5160	1.6420
-0.0325	0.4799	0.4810	1.6385
-0.0347	0.5168	0.5180	1.6379
-0.0312	0.4830	0.4840	1.6352
-0.0326	0.5190	0.5200	1.6336
-0.0293	0.4851	0.4860	1.6311
-0.0305	0.5211	0.5220	1.6292
-0.0273	0.4872	0.4880	1.6268
-0.0289	0.5232	0.5240	1.6259
-0.0253	0.4893	0.4900	1.6224
-0.0269	0.5273	0.5280	1.6218
-0.0238	0.4924	0.4930	1.6191
-0.0247	0.5294	0.5300	1.6175
-0.0219	0.4945	0.4950	1.6150
-0.0225	0.5315	0.5320	1.6131
-0.0198	0.4966	0.4970	1.6107
-0.0204	0.5336	0.5340	1.6090
-0.0178	0.4987	0.4990	1.6066
-0.0188	0.5377	0.5380	1.6058
-0.0162	0.5017	0.5020	1.6030
-0.0165	0.5397	0.5400	1.6014
-0.0142	0.5038	0.5040	1.5989
-0.0144	0.5438	0.5440	1.5973
-0.0121	0.5069	0.5070	1.5946
-0.0121	0.5459	0.5460	1.5929
-0.0100	0.5079	0.5080	1.5905
-0.0103	0.5479	0.5480	1.5897
-0.0079	0.5119	0.5120	1.5861
-0.0080	0.5519	0.5520	1.5853
-0.0062	0.5140	0.5140	1.5829
-0.0058	0.5540	0.5540	1.5812
-0.0040	0.5160	0.5160	1.5785
-0.0035	0.5580	0.5580	1.5771
-0.0018	0.5200	0.5200	1.5743
-0.0017	0.5600	0.5600	1.5739
0.0004	0.5220	0.5220	1.5700
0.0008	0.5640	0.5640	1.5695
0.0021	0.5240	0.5240	1.5668
0.0030	0.5660	0.5660	1.5654
0.0045	0.5280	0.5280	1.5624
0.0056	0.5680	0.5680	1.5610
0.0066	0.5300	0.5300	1.5583
0.0073	0.5720	0.5720	1.5580
0.0090	0.5339	0.5340	1.5539
0.0099	0.5759	0.5760	1.5536
0.0108	0.5359	0.5360	1.5507
0.0122	0.5779	0.5780	1.5496
0.0133	0.5398	0.5400	1.5463
0.0149	0.5818	0.5820	1.5452
0.0155	0.5418	0.5420	1.5422
0.0174	0.5837	0.5840	1.5411
0.0194	0.5877	0.5880	1.5378
0.0180	0.5457	0.5460	1.5378
0.0199	0.5476	0.5480	1.5346
0.0219	0.5916	0.5920	1.5338
0.0224	0.5515	0.5520	1.5302
0.0246	0.5935	0.5940	1.5294
0.0247	0.5534	0.5540	1.5261
0.0272	0.5974	0.5980	1.5253
0.0294	0.6013	0.6020	1.5220
0.0274	0.5573	0.5580	1.5217
0.0294	0.5612	0.5620	1.5184
0.0322	0.6051	0.6060	1.5177
0.0319	0.5631	0.5640	1.5141
0.0348	0.6070	0.6080	1.5136
0.0345	0.5670	0.5680	1.5100
0.0376	0.6108	0.6120	1.5092
0.0366	0.5708	0.5720	1.5068
0.0398	0.6147	0.6160	1.5062
0.0392	0.5727	0.5740	1.5024
0.0427	0.6185	0.6200	1.5019
0.0420	0.5765	0.5780	1.4980
0.0455	0.6223	0.6240	1.4977
0.0448	0.5803	0.5820	1.4937
0.0485	0.6261	0.6280	1.4934
0.0472	0.5841	0.5860	1.4902
0.0513	0.6279	0.6300	1.4893
0.0537	0.6317	0.6340	1.4860
0.0501	0.5879	0.5900	1.4858
0.0568	0.6375	0.6400	1.4819
0.0530	0.5916	0.5940	1.4814
0.0599	0.6412	0.6440	1.4776
0.0560	0.5954	0.5980	1.4770
0.0624	0.6450	0.6480	1.4743
0.0583	0.5972	0.6000	1.4735
0.0655	0.6487	0.6520	1.4702
0.0615	0.6029	0.6060	1.4692
0.0687	0.6524	0.6560	1.4658
0.0646	0.6066	0.6100	1.4648
0.0718	0.6561	0.6600	1.4618
0.0677	0.6103	0.6140	1.4603
0.0750	0.6598	0.6640	1.4577
0.0701	0.6140	0.6180	1.4571
0.0776	0.6635	0.6680	1.4544
0.0734	0.6177	0.6220	1.4525
0.0810	0.6671	0.6720	1.4500
0.0766	0.6213	0.6260	1.4481
0.0844	0.6727	0.6780	1.4460
0.0798	0.6249	0.6300	1.4438
0.0879	0.6763	0.6820	1.4416
0.0824	0.6286	0.6340	1.4405
0.0907	0.6820	0.6880	1.4386
0.0859	0.6342	0.6400	1.4361
0.0942	0.6856	0.6920	1.4342
0.0894	0.6378	0.6440	1.4315
0.0976	0.6891	0.6960	1.4301
0.0921	0.6414	0.6480	1.4282
0.1015	0.6946	0.7020	1.4257
0.0955	0.6450	0.6520	1.4238
0.1043	0.6982	0.7060	1.4225
0.0992	0.6505	0.6580	1.4195
0.1030	0.6560	0.6640	1.4151
0.1059	0.6595	0.6680	1.4115
0.1094	0.6630	0.6720	1.4072
0.1133	0.6685	0.6780	1.4028
0.1167	0.6740	0.6840	1.3993
0.1204	0.6774	0.6880	1.3950
0.1244	0.6828	0.6940	1.3906
0.1285	0.6881	0.7000	1.3862
0.1325	0.7036	0.7160	1.3846
0.1316	0.6916	0.7040	1.3827
0.1347	0.6991	0.7120	1.3805
0.1358	0.6969	0.7100	1.3783
0.1376	0.6986	0.7120	1.3764
0.1406	0.6980	0.7120	1.3720
0.1426	0.6935	0.7080	1.3679
0.1456	0.6929	0.7080	1.3636
0.1481	0.6903	0.7060	1.3595
0.1511	0.6897	0.7060	1.3552
0.1558	0.7009	0.7180	1.3521
0.1535	0.6871	0.7040	1.3511
0.1566	0.6843	0.7020	1.3459
0.1630	0.7034	0.7220	1.3431
0.1591	0.6817	0.7000	1.3415
0.1656	0.7007	0.7200	1.3388
0.1614	0.6791	0.6980	1.3374
0.1682	0.6980	0.7180	1.3344
0.1637	0.6765	0.6960	1.3333
0.1707	0.6954	0.7160	1.3301
0.1667	0.6757	0.6960	1.3289
0.1733	0.6927	0.7140	1.3256
0.1690	0.6731	0.6940	1.3249
0.1763	0.6919	0.7140	1.3213
0.1714	0.6704	0.6920	1.3205
0.1788	0.6892	0.7120	1.3169
0.1741	0.6697	0.6920	1.3164
0.1818	0.6884	0.7120	1.3126
0.1766	0.6670	0.6900	1.3120
0.1793	0.6663	0.6900	1.3079
0.1845	0.6856	0.7100	1.3079
0.1815	0.6636	0.6880	1.3039
0.1869	0.6829	0.7080	1.3036
0.1844	0.6628	0.6880	1.2995
0.1899	0.6820	0.7080	1.2992
0.1865	0.6602	0.6860	1.2954
0.1923	0.6793	0.7060	1.2949
0.1889	0.6574	0.6840	1.2910
0.1948	0.6765	0.7040	1.2905
0.1916	0.6566	0.6840	1.2869
0.1978	0.6735	0.7020	1.2851
0.1944	0.6537	0.6820	1.2817
0.2008	0.6727	0.7020	1.2807
0.1966	0.6509	0.6800	1.2774
0.2032	0.6699	0.7000	1.2763
0.1993	0.6501	0.6800	1.2733
0.2061	0.6690	0.7000	1.2720
0.2021	0.6493	0.6800	1.2690
0.2084	0.6662	0.6980	1.2675
0.2042	0.6465	0.6780	1.2649
0.2107	0.6633	0.6960	1.2632
0.2063	0.6438	0.6760	1.2607
0.2136	0.6624	0.6960	1.2588
0.2084	0.6410	0.6740	1.2564
0.2159	0.6596	0.6940	1.2545
0.2111	0.6401	0.6740	1.2523
0.2189	0.6586	0.6940	1.2499
0.2132	0.6373	0.6720	1.2480
0.2212	0.6557	0.6920	1.2455
0.2158	0.6364	0.6720	1.2439
0.2233	0.6529	0.6900	1.2412
0.2180	0.6336	0.6700	1.2395
0.2262	0.6519	0.6900	1.2368
0.2205	0.6327	0.6700	1.2354
0.2284	0.6490	0.6880	1.2325
0.2233	0.6317	0.6700	1.2310
0.2305	0.6461	0.6860	1.2280
0.2252	0.6289	0.6680	1.2270
0.2333	0.6451	0.6860	1.2237
0.2271	0.6261	0.6660	1.2229
0.2362	0.6441	0.6860	1.2193
0.2298	0.6251	0.6660	1.2185
0.2384	0.6411	0.6840	1.2147
0.2324	0.6220	0.6640	1.2133
0.2411	0.6380	0.6820	1.2095
0.2342	0.6192	0.6620	1.2093
0.2439	0.6369	0.6820	1.2051
0.2369	0.6182	0.6620	1.2048
0.2459	0.6340	0.6800	1.2008
0.2394	0.6172	0.6620	1.2008
0.2421	0.6161	0.6620	1.1964
0.2489	0.6328	0.6800	1.1961
0.2439	0.6133	0.6600	1.1923
0.2516	0.6317	0.6800	1.1918
0.2465	0.6122	0.6600	1.1880
0.2536	0.6288	0.6780	1.1874
0.2485	0.6093	0.6580	1.1836
0.2563	0.6277	0.6780	1.1831
0.2509	0.6083	0.6580	1.1795
0.2583	0.6247	0.6760	1.1787
0.2528	0.6053	0.6560	1.1751
0.2610	0.6236	0.6760	1.1744
0.2554	0.6042	0.6560	1.1708
0.2630	0.6206	0.6740	1.1699
0.2573	0.6012	0.6540	1.1664
0.2657	0.6194	0.6740	1.1656
0.2599	0.6001	0.6540	1.1621
0.2676	0.6164	0.6720	1.1612
0.2626	0.5990	0.6540	1.1577
0.2704	0.6152	0.6720	1.1566
0.2642	0.5961	0.6520	1.1536
0.2731	0.6140	0.6720	1.1522
0.2668	0.5949	0.6520	1.1492
0.2758	0.6128	0.6720	1.1479
0.2694	0.5937	0.6520	1.1448
0.2777	0.6098	0.6700	1.1435
0.2711	0.5908	0.6500	1.1405
0.2803	0.6086	0.6700	1.1392
0.2729	0.5877	0.6480	1.1361
0.2821	0.6055	0.6680	1.1348
0.2754	0.5866	0.6480	1.1318
0.2847	0.6043	0.6680	1.1304
0.2778	0.5854	0.6480	1.1277
0.2865	0.6012	0.6660	1.1260
0.2804	0.5842	0.6480	1.1234
0.2893	0.5999	0.6660	1.1214
0.2827	0.5809	0.6460	1.1179
0.2919	0.5986	0.6660	1.1170
0.2851	0.5797	0.6460	1.1138
0.2942	0.5953	0.6640	1.1118
0.2876	0.5785	0.6460	1.1095
0.2967	0.5940	0.6640	1.1075
0.2901	0.5772	0.6460	1.1050
0.2995	0.5926	0.6640	1.1028
0.2917	0.5741	0.6440	1.1007
0.3021	0.5913	0.6640	1.0985
0.2942	0.5729	0.6440	1.0963
0.3037	0.5882	0.6620	1.0941
0.2967	0.5716	0.6440	1.0920
0.3063	0.5869	0.6620	1.0898
0.2981	0.5686	0.6420	1.0879
0.3079	0.5838	0.6600	1.0854
0.3006	0.5673	0.6420	1.0835
0.3105	0.5824	0.6600	1.0811
0.3031	0.5660	0.6420	1.0792
0.3129	0.5811	0.6600	1.0770
0.3056	0.5646	0.6420	1.0747
0.3154	0.5798	0.6600	1.0726
0.3070	0.5615	0.6400	1.0704
0.3168	0.5767	0.6580	1.0685
0.3093	0.5603	0.6400	1.0663
0.3193	0.5754	0.6580	1.0642
0.3118	0.5589	0.6400	1.0620
0.3218	0.5739	0.6580	1.0598
0.3132	0.5558	0.6380	1.0576
0.3232	0.5709	0.6560	1.0557
0.3156	0.5545	0.6380	1.0533
0.3256	0.5695	0.6560	1.0514
0.3181	0.5531	0.6380	1.0489
0.3281	0.5680	0.6560	1.0469
0.3195	0.5499	0.6360	1.0445
0.3314	0.5684	0.6580	1.0429
0.3217	0.5486	0.6360	1.0404
0.3329	0.5652	0.6560	1.0385
0.3241	0.5472	0.6360	1.0361
0.3342	0.5621	0.6540	1.0344
0.3265	0.5458	0.6360	1.0317
0.3367	0.5607	0.6540	1.0301
0.3289	0.5444	0.6360	1.0274
0.3381	0.5575	0.6520	1.0257
0.3312	0.5429	0.6360	1.0230
0.3403	0.5561	0.6520	1.0216
0.3335	0.5416	0.6360	1.0189
0.3428	0.5546	0.6520	1.0172
0.3348	0.5384	0.6340	1.0145
0.3450	0.5532	0.6520	1.0132
0.3382	0.5386	0.6360	1.0101
0.3474	0.5517	0.6520	1.0088
0.3394	0.5355	0.6340	1.0058
0.3487	0.5485	0.6500	1.0045
0.3418	0.5340	0.6340	1.0014
0.3521	0.5488	0.6520	1.0003
0.3441	0.5325	0.6340	0.9971
0.3534	0.5455	0.6500	0.9959
0.3463	0.5311	0.6340	0.9930
0.3558	0.5440	0.6500	0.9916
0.3486	0.5296	0.6340	0.9887
0.3580	0.5425	0.6500	0.9875
0.3509	0.5280	0.6340	0.9842
0.3603	0.5410	0.6500	0.9832
0.3532	0.5265	0.6340	0.9799
0.3626	0.5395	0.6500	0.9791
0.3544	0.5233	0.6320	0.9755
0.3638	0.5363	0.6480	0.9747
0.3566	0.5218	0.6320	0.9712
0.3661	0.5346	0.6480	0.9703
0.3588	0.5203	0.6320	0.9671
0.3683	0.5331	0.6480	0.9662
0.3611	0.5187	0.6320	0.9627
0.3706	0.5315	0.6480	0.9619
0.3633	0.5171	0.6320	0.9584
0.3728	0.5300	0.6480	0.9578
0.3751	0.5284	0.6480	0.9535
0.3648	0.5136	0.6300	0.9532
0.3678	0.5139	0.6320	0.9496
0.3774	0.5267	0.6480	0.9491
0.3699	0.5124	0.6320	0.9455
0.3796	0.5252	0.6480	0.9449
0.3721	0.5108	0.6320	0.9412
0.3811	0.5216	0.6460	0.9398
0.3744	0.5092	0.6320	0.9368
0.3834	0.5199	0.6460	0.9354
0.3760	0.5055	0.6300	0.9313
0.3857	0.5182	0.6460	0.9310
0.3886	0.5186	0.6480	0.9278
0.3780	0.5040	0.6300	0.9273
0.3810	0.5043	0.6320	0.9237
0.3900	0.5150	0.6460	0.9226
0.3831	0.5027	0.6320	0.9196
0.3922	0.5133	0.6460	0.9183
0.3944	0.5117	0.6460	0.9142
0.3846	0.4990	0.6300	0.9142
0.3867	0.4973	0.6300	0.9098
0.3966	0.5100	0.6460	0.9098
0.3995	0.5102	0.6480	0.9065
0.3888	0.4957	0.6300	0.9057
0.3918	0.4959	0.6320	0.9022
0.4009	0.5066	0.6460	0.9013
0.3931	0.4923	0.6300	0.8970
0.4031	0.5048	0.6460	0.8970
0.4052	0.5032	0.6460	0.8929
0.3953	0.4906	0.6300	0.8926
0.4073	0.5014	0.6460	0.8886
0.3974	0.4889	0.6300	0.8883
0.4002	0.4891	0.6320	0.8850
0.4094	0.4997	0.6460	0.8844
0.4115	0.4979	0.6460	0.8801
0.4015	0.4855	0.6300	0.8798
0.4137	0.4961	0.6460	0.8757
0.4036	0.4837	0.6300	0.8754
0.4158	0.4944	0.6460	0.8716
0.4057	0.4820	0.6300	0.8711
0.4179	0.4926	0.6460	0.8673
0.4078	0.4802	0.6300	0.8667
0.4107	0.4804	0.6320	0.8634
0.4201	0.4908	0.6460	0.8629
0.4128	0.4786	0.6320	0.8590
0.4220	0.4891	0.6460	0.8588
0.4242	0.4872	0.6460	0.8544
0.4140	0.4749	0.6300	0.8539
0.4170	0.4749	0.6320	0.8503
0.4262	0.4855	0.6460	0.8503
0.4189	0.4733	0.6320	0.8463
0.4283	0.4836	0.6460	0.8460
0.4304	0.4817	0.6460	0.8416
0.4201	0.4695	0.6300	0.8408
0.4324	0.4800	0.6460	0.8376
0.4230	0.4696	0.6320	0.8376
0.4345	0.4781	0.6460	0.8331
0.4251	0.4677	0.6320	0.8331
0.4364	0.4763	0.6460	0.8291
0.4271	0.4659	0.6320	0.8288
0.4385	0.4744	0.6460	0.8247
0.4291	0.4640	0.6320	0.8244
0.4414	0.4744	0.6480	0.8214
0.4310	0.4623	0.6320	0.8204
0.4425	0.4707	0.6460	0.8163
0.4330	0.4603	0.6320	0.8160
0.4445	0.4687	0.6460	0.8119
0.4350	0.4585	0.6320	0.8117
0.4466	0.4668	0.6460	0.8075
0.4370	0.4566	0.6320	0.8073
0.4495	0.4668	0.6480	0.8043
0.4390	0.4547	0.6320	0.8029
0.4514	0.4649	0.6480	0.8002
0.4422	0.4543	0.6340	0.7988
0.4534	0.4630	0.6480	0.7958
0.4428	0.4509	0.6320	0.7944
0.4553	0.4611	0.6480	0.7917
0.4462	0.4504	0.6340	0.7901
0.4573	0.4591	0.6480	0.7873
0.4496	0.4498	0.6360	0.7857
0.4593	0.4571	0.6480	0.7830
0.4501	0.4465	0.6340	0.7814
0.4612	0.4552	0.6480	0.7789
0.4535	0.4459	0.6360	0.7770
0.4631	0.4532	0.6480	0.7746
0.4553	0.4441	0.6360	0.7729
0.4664	0.4527	0.6500	0.7704
0.4572	0.4421	0.6360	0.7685
0.4684	0.4507	0.6500	0.7661
0.4591	0.4402	0.6360	0.7644
0.4704	0.4486	0.6500	0.7617
0.4608	0.4383	0.6360	0.7604
0.4722	0.4467	0.6500	0.7576
0.4628	0.4363	0.6360	0.7560
0.4756	0.4460	0.6520	0.7533
0.4645	0.4344	0.6360	0.7519
0.4761	0.4425	0.6500	0.7489
0.4664	0.4324	0.6360	0.7475
0.4793	0.4420	0.6520	0.7448
0.4697	0.4318	0.6380	0.7434
0.4813	0.4398	0.6520	0.7404
0.4715	0.4298	0.6380	0.7391
0.4831	0.4379	0.6520	0.7363
0.4733	0.4278	0.6380	0.7350
0.4850	0.4358	0.6520	0.7320
0.4766	0.4271	0.6400	0.7307
0.4869	0.4336	0.6520	0.7276
0.4784	0.4251	0.6400	0.7265
0.4901	0.4330	0.6540	0.7236
0.4802	0.4231	0.6400	0.7222
0.4920	0.4308	0.6540	0.7191
0.4820	0.4211	0.6400	0.7181
0.4953	0.4301	0.6560	0.7151
0.4837	0.4191	0.6400	0.7140
0.4957	0.4267	0.6540	0.7107
0.4870	0.4183	0.6420	0.7097
0.4975	0.4245	0.6540	0.7064
0.4887	0.4163	0.6420	0.7055
0.5008	0.4237	0.6560	0.7023
0.4905	0.4142	0.6420	0.7012
0.5026	0.4215	0.6560	0.6979
0.4922	0.4122	0.6420	0.6971
0.5060	0.4206	0.6580	0.6936
0.4956	0.4113	0.6440	0.6927
0.5077	0.4186	0.6580	0.6894
0.4972	0.4093	0.6440	0.6887
0.5095	0.4164	0.6580	0.6851
0.4990	0.4071	0.6440	0.6843
0.5128	0.4155	0.6600	0.6810
0.5022	0.4063	0.6460	0.6802
0.5146	0.4133	0.6600	0.6767
0.5040	0.4041	0.6460	0.6758
0.5164	0.4110	0.6600	0.6723
0.5057	0.4020	0.6460	0.6717
0.5182	0.4088	0.6600	0.6680
0.5074	0.3998	0.6460	0.6674
0.5102	0.3996	0.6480	0.6644
0.5200	0.4065	0.6600	0.6635
0.5119	0.3973	0.6480	0.6600
0.5232	0.4056	0.6620	0.6594
0.5136	0.3952	0.6480	0.6559
0.5250	0.4033	0.6620	0.6551
0.5153	0.3930	0.6480	0.6516
0.5283	0.4022	0.6640	0.6507
0.5185	0.3920	0.6500	0.6474
0.5301	0.3999	0.6640	0.6464
0.5201	0.3898	0.6500	0.6431
0.5318	0.3976	0.6640	0.6420
0.5234	0.3888	0.6520	0.6390
0.5347	0.3970	0.6660	0.6387
0.5250	0.3866	0.6520	0.6347
0.5364	0.3947	0.6660	0.6344
0.5266	0.3844	0.6520	0.6306
0.5398	0.3935	0.6680	0.6300
0.5299	0.3833	0.6540	0.6262
0.5415	0.3912	0.6680	0.6257
0.5315	0.3811	0.6540	0.6221
0.5432	0.3888	0.6680	0.6213
0.5330	0.3789	0.6540	0.6180
0.5448	0.3866	0.6680	0.6171
0.5363	0.3777	0.6560	0.6136
0.5481	0.3854	0.6700	0.6128
0.5379	0.3756	0.6560	0.6096
0.5498	0.3830	0.6700	0.6084
0.5395	0.3732	0.6560	0.6052
0.5531	0.3817	0.6720	0.6041
0.5427	0.3721	0.6580	0.6011
0.5564	0.3804	0.6740	0.5997
0.5443	0.3698	0.6580	0.5967
0.5564	0.3769	0.6720	0.5954
0.5475	0.3686	0.6600	0.5926
0.5597	0.3755	0.6740	0.5910
0.5491	0.3663	0.6600	0.5883
0.5629	0.3744	0.6760	0.5869
0.5522	0.3651	0.6620	0.5842
0.5645	0.3719	0.6760	0.5825
0.5538	0.3627	0.6620	0.5798
0.5661	0.3695	0.6760	0.5782
0.5553	0.3604	0.6620	0.5757
0.5694	0.3680	0.6780	0.5738
0.5584	0.3592	0.6640	0.5716
0.5710	0.3656	0.6780	0.5695
0.5613	0.3585	0.6660	0.5683
0.5726	0.3631	0.6780	0.5651
0.5628	0.3560	0.6660	0.5640
0.5758	0.3618	0.6800	0.5611
0.5643	0.3537	0.6660	0.5599
0.5790	0.3603	0.6820	0.5566
0.5675	0.3523	0.6680	0.5556
0.5806	0.3578	0.6820	0.5522
0.5690	0.3500	0.6680	0.5515
0.5835	0.3569	0.6840	0.5490
0.5722	0.3485	0.6700	0.5471
0.5850	0.3544	0.6840	0.5447
0.5753	0.3472	0.6720	0.5430
0.5883	0.3528	0.6860	0.5402
0.5769	0.3447	0.6720	0.5386
0.5898	0.3503	0.6860	0.5359
0.5782	0.3424	0.6720	0.5346
0.5931	0.3487	0.6880	0.5315
0.5814	0.3410	0.6740	0.5305
0.5946	0.3461	0.6880	0.5272
0.5846	0.3394	0.6760	0.5261
0.5978	0.3445	0.6900	0.5228
0.5860	0.3371	0.6760	0.5220
0.6010	0.3431	0.6920	0.5188
0.5892	0.3355	0.6780	0.5176
0.6025	0.3405	0.6920	0.5144
0.5905	0.3331	0.6780	0.5136
0.6039	0.3378	0.6920	0.5100
0.5920	0.3305	0.6780	0.5092
0.6072	0.3362	0.6940	0.5056
0.5951	0.3290	0.6800	0.5051
0.6104	0.3345	0.6960	0.5013
0.5983	0.3274	0.6820	0.5007
0.6118	0.3318	0.6960	0.4969
0.5996	0.3249	0.6820	0.4966
0.6024	0.3239	0.6840	0.4934
0.6150	0.3301	0.6980	0.4926
0.6055	0.3224	0.6860	0.4892
0.6181	0.3285	0.7000	0.4885
0.6087	0.3207	0.6880	0.4849
0.6196	0.3258	0.7000	0.4841
0.6100	0.3182	0.6880	0.4808
0.6210	0.3231	0.7000	0.4798
0.6131	0.3165	0.6900	0.4765
0.6242	0.3213	0.7020	0.4753
0.6144	0.3139	0.6900	0.4724
0.6256	0.3186	0.7020	0.4710
0.6176	0.3122	0.6920	0.4681
0.6284	0.3174	0.7040	0.4678
0.6206	0.3105	0.6940	0.4639
0.6316	0.3155	0.7060	0.4634
0.6238	0.3087	0.6960	0.4595
0.6347	0.3137	0.7080	0.4590
0.6250	0.3062	0.6960	0.4555
0.6361	0.3109	0.7080	0.4546
0.6282	0.3043	0.6980	0.4511
0.6392	0.3090	0.7100	0.4503
0.6312	0.3026	0.7000	0.4471
0.6423	0.3073	0.7120	0.4462
0.6325	0.2998	0.7000	0.4426
0.6454	0.3053	0.7140	0.4418
0.6356	0.2981	0.7020	0.4385
0.6468	0.3025	0.7140	0.4375
0.6384	0.2968	0.7040	0.4353
0.6499	0.3005	0.7160	0.4331
0.6414	0.2951	0.7060	0.4312
0.6512	0.2977	0.7160	0.4287
0.6427	0.2923	0.7060	0.4268
0.6543	0.2956	0.7180	0.4243
0.6457	0.2904	0.7080	0.4227
0.6573	0.2938	0.7200	0.4203
0.6488	0.2885	0.7100	0.4184
0.6605	0.2917	0.7220	0.4159
0.6499	0.2858	0.7100	0.4143
0.6633	0.2902	0.7240	0.4124
0.6530	0.2838	0.7120	0.4100
0.6645	0.2875	0.7240	0.4083
0.6676	0.2853	0.7260	0.4039
0.6572	0.2790	0.7140	0.4015
0.6706	0.2832	0.7280	0.3996
0.6737	0.2810	0.7300	0.3952
0.6768	0.2789	0.7320	0.3909
0.6780	0.2759	0.7320	0.3865
0.6581	0.2665	0.7100	0.3848
0.6811	0.2737	0.7340	0.3822
0.6537	0.2614	0.7040	0.3804
0.6822	0.2709	0.7340	0.3780
0.6513	0.2566	0.7000	0.3753
0.6467	0.2518	0.6940	0.3712
0.6864	0.2657	0.7360	0.3693
0.6422	0.2467	0.6880	0.3668
0.6395	0.2426	0.6840	0.3625
0.6370	0.2378	0.6800	0.3573
0.6325	0.2330	0.6740	0.3529
0.6296	0.2290	0.6700	0.3489
0.6825	0.2474	0.7260	0.3477
0.6269	0.2249	0.6660	0.3445
0.6801	0.2423	0.7220	0.3423
0.6243	0.2203	0.6620	0.3393
0.6755	0.2374	0.7160	0.3380
0.6196	0.2156	0.6560	0.3349
0.6728	0.2331	0.7120	0.3335
0.6166	0.2118	0.6520	0.3309
0.6680	0.2285	0.7060	0.3295
0.6138	0.2078	0.6480	0.3265
0.6655	0.2235	0.7020	0.3241
0.6110	0.2034	0.6440	0.3213
0.6626	0.2193	0.6980	0.3196
0.6062	0.1989	0.6380	0.3170
0.6579	0.2146	0.6920	0.3153
0.6032	0.1951	0.6340	0.3128
0.6550	0.2107	0.6880	0.3112
0.6022	0.1919	0.6320	0.3085
0.6504	0.2053	0.6820	0.3057
0.5974	0.1870	0.6260	0.3033
0.6474	0.2013	0.6780	0.3014
0.5944	0.1832	0.6220	0.2989
0.6445	0.1973	0.6740	0.2970
0.5913	0.1796	0.6180	0.2948
0.6415	0.1934	0.6700	0.2929
0.5884	0.1754	0.6140	0.2896
0.6385	0.1895	0.6660	0.2886
0.5873	0.1723	0.6120	0.2853
0.6356	0.1849	0.6620	0.2831
0.5842	0.1686	0.6080	0.2809
0.6326	0.1811	0.6580	0.2788
0.5810	0.1651	0.6040	0.2769
0.6295	0.1774	0.6540	0.2747
0.5779	0.1615	0.6000	0.2725
0.6264	0.1735	0.6500	0.2703
0.5768	0.1579	0.5980	0.2673
0.6235	0.1691	0.6460	0.2648
0.5716	0.1539	0.5920	0.2630
0.6184	0.1648	0.6400	0.2605
0.5703	0.1510	0.5900	0.2589
0.6172	0.1616	0.6380	0.2561
0.5671	0.1475	0.5860	0.2544
0.6140	0.1581	0.6340	0.2521
0.5640	0.1436	0.5820	0.2493
0.6109	0.1538	0.6300	0.2466
0.5627	0.1407	0.5800	0.2450
0.6077	0.1501	0.6260	0.2422
0.5594	0.1374	0.5760	0.2408
0.6045	0.1466	0.6220	0.2379
0.5580	0.1345	0.5740	0.2365
0.6012	0.1430	0.6180	0.2335
0.5548	0.1307	0.5700	0.2313
0.5999	0.1399	0.6160	0.2291
0.5515	0.1273	0.5660	0.2269
0.5967	0.1359	0.6120	0.2240
0.5501	0.1246	0.5640	0.2228
0.5934	0.1324	0.6080	0.2196
0.5486	0.1218	0.5620	0.2185
0.5901	0.1290	0.6040	0.2152
0.5454	0.1181	0.5580	0.2133
0.5887	0.1260	0.6020	0.2108
0.5439	0.1153	0.5560	0.2089
0.5854	0.1221	0.5980	0.2056
0.5424	0.1127	0.5540	0.2049
0.5820	0.1188	0.5940	0.2013
0.5390	0.1095	0.5500	0.2005
0.5806	0.1158	0.5920	0.1969
0.5356	0.1060	0.5460	0.1953
0.5771	0.1126	0.5880	0.1926
0.5341	0.1033	0.5440	0.1910
0.5738	0.1087	0.5840	0.1871
0.5326	0.1007	0.5420	0.1869
0.5723	0.1058	0.5820	0.1827
0.5310	0.0980	0.5400	0.1824
0.5708	0.1029	0.5800	0.1784
0.5275	0.0950	0.5360	0.1781
0.5673	0.0997	0.5760	0.1740
0.5260	0.0919	0.5340	0.1730
0.5638	0.0968	0.5720	0.1700
0.5225	0.0889	0.5300	0.1685
0.5623	0.0934	0.5700	0.1645
0.5228	0.0868	0.5300	0.1645
0.5607	0.0906	0.5680	0.1601
0.5193	0.0839	0.5260	0.1601
0.5176	0.0815	0.5240	0.1561
0.5572	0.0875	0.5640	0.1558
0.5556	0.0848	0.5620	0.1514
0.5161	0.0783	0.5220	0.1506
0.5144	0.0759	0.5200	0.1465
0.5520	0.0813	0.5580	0.1462
0.5128	0.0734	0.5180	0.1421
0.5504	0.0786	0.5560	0.1419
0.5091	0.0707	0.5140	0.1381
0.5488	0.0759	0.5540	0.1375
0.5451	0.0730	0.5500	0.1332
0.5075	0.0677	0.5120	0.1326
0.5435	0.0704	0.5480	0.1288
0.5078	0.0656	0.5120	0.1285
0.5051	0.0630	0.5090	0.1242
0.5418	0.0673	0.5460	0.1236
0.5024	0.0606	0.5060	0.1200
0.5401	0.0647	0.5440	0.1193
0.5006	0.0582	0.5040	0.1157
0.5364	0.0619	0.5400	0.1149
0.4999	0.0559	0.5030	0.1113
0.5347	0.0593	0.5380	0.1104
0.5330	0.0568	0.5360	0.1061
0.4982	0.0531	0.5010	0.1061
0.4954	0.0506	0.4980	0.1017
0.5313	0.0537	0.5340	0.1007
0.4936	0.0484	0.4960	0.0977
0.5275	0.0510	0.5300	0.0964
0.4919	0.0460	0.4940	0.0933
0.5258	0.0485	0.5280	0.0919
0.4900	0.0439	0.4920	0.0893
0.5240	0.0461	0.5260	0.0878
0.4893	0.0411	0.4910	0.0838
0.5222	0.0437	0.5240	0.0835
0.4874	0.0389	0.4890	0.0797
0.5204	0.0407	0.5220	0.0780
0.4856	0.0367	0.4870	0.0754
0.5186	0.0383	0.5200	0.0736
0.4838	0.0345	0.4850	0.0712
0.5168	0.0359	0.5180	0.0693
0.4819	0.0323	0.4830	0.0668
0.5149	0.0335	0.5160	0.0649
0.4821	0.0302	0.4830	0.0625
0.5121	0.0311	0.5130	0.0606
0.4792	0.0275	0.4800	0.0573
0.5102	0.0283	0.5110	0.0554
0.4763	0.0254	0.4770	0.0532
0.5083	0.0260	0.5090	0.0510
0.4754	0.0233	0.4760	0.0489
0.5074	0.0237	0.5080	0.0467
0.4735	0.0211	0.4740	0.0445
0.5055	0.0214	0.5060	0.0423
0.4726	0.0191	0.4730	0.0404
0.5026	0.0191	0.5030	0.0380
0.4707	0.0166	0.4710	0.0352
0.5007	0.0164	0.5010	0.0328
0.4698	0.0145	0.4700	0.0309
0.4988	0.0142	0.4990	0.0284
0.4678	0.0124	0.4680	0.0265
0.4969	0.0120	0.4970	0.0241
0.4659	0.0105	0.4660	0.0224
0.4959	0.0097	0.4960	0.0197
0.4649	0.0084	0.4650	0.0180
0.4939	0.0076	0.4940	0.0153
0.4640	0.0064	0.4640	0.0137
0.4920	0.0054	0.4920	0.0109
0.4620	0.0039	0.4620	0.0085
0.4900	0.0027	0.4900	0.0055
0.4600	0.0020	0.4600	0.0044
0.4890	0.0007	0.4890	0.0014
0.4580	0.0000	0.4580	0.0000
0.4870	-0.0014	0.4870	-0.0030
0.4570	-0.0020	0.4570	-0.0043
0.4850	-0.0035	0.4850	-0.0073
0.4560	-0.0038	0.4560	-0.0084
0.4830	-0.0056	0.4830	-0.0117
0.4540	-0.0062	0.4540	-0.0136
0.4819	-0.0083	0.4820	-0.0172
0.4519	-0.0081	0.4520	-0.0179
0.4809	-0.0103	0.4810	-0.0215
0.4519	-0.0101	0.4520	-0.0223
0.4788	-0.0124	0.4790	-0.0259
0.4498	-0.0119	0.4500	-0.0264
0.4768	-0.0144	0.4770	-0.0302
0.4488	-0.0138	0.4490	-0.0308
0.4747	-0.0163	0.4750	-0.0343
0.4477	-0.0156	0.4480	-0.0349
0.4736	-0.0183	0.4740	-0.0386
0.4466	-0.0180	0.4470	-0.0403
0.4726	-0.0204	0.4730	-0.0430
0.4456	-0.0198	0.4460	-0.0444
0.4714	-0.0229	0.4720	-0.0485
0.4435	-0.0217	0.4440	-0.0488
0.4693	-0.0248	0.4700	-0.0528
0.4424	-0.0235	0.4430	-0.0531
0.4682	-0.0268	0.4690	-0.0572
0.4403	-0.0252	0.4410	-0.0572
0.4392	-0.0271	0.4400	-0.0616
0.4671	-0.0288	0.4680	-0.0616
0.4650	-0.0307	0.4660	-0.0660
0.4380	-0.0293	0.4390	-0.0667
0.4629	-0.0325	0.4640	-0.0701
0.4369	-0.0311	0.4380	-0.0711
0.4358	-0.0329	0.4370	-0.0755
0.4617	-0.0349	0.4630	-0.0755
0.4336	-0.0347	0.4350	-0.0799
0.4605	-0.0369	0.4620	-0.0799
0.4315	-0.0364	0.4330	-0.0842
0.4614	-0.0389	0.4630	-0.0842
0.4303	-0.0381	0.4320	-0.0883
0.4592	-0.0408	0.4610	-0.0886
0.4550	-0.0424	0.4570	-0.0929
0.4291	-0.0404	0.4310	-0.0938
0.4538	-0.0443	0.4560	-0.0973
0.4269	-0.0420	0.4290	-0.0982
0.4268	-0.0438	0.4290	-0.1022
0.4526	-0.0466	0.4550	-0.1025
0.4246	-0.0454	0.4270	-0.1066
0.4504	-0.0483	0.4530	-0.1069
0.4214	-0.0469	0.4240	-0.1109
0.4492	-0.0502	0.4520	-0.1112
0.4480	-0.0520	0.4510	-0.1156
0.4192	-0.0489	0.4220	-0.1161
0.4458	-0.0537	0.4490	-0.1199
0.4189	-0.0507	0.4220	-0.1205
0.4187	-0.0525	0.4220	-0.1248
0.4425	-0.0557	0.4460	-0.1251
0.4175	-0.0543	0.4210	-0.1292
0.4403	-0.0573	0.4440	-0.1295
0.4163	-0.0558	0.4200	-0.1333
0.4400	-0.0592	0.4440	-0.1338
0.4150	-0.0575	0.4190	-0.1377
0.4398	-0.0612	0.4440	-0.1383
0.4138	-0.0592	0.4180	-0.1420
0.4385	-0.0629	0.4430	-0.1426
0.4125	-0.0608	0.4170	-0.1464
0.4372	-0.0647	0.4420	-0.1470
0.4350	-0.0663	0.4400	-0.1513
0.4112	-0.0628	0.4160	-0.1516
0.4100	-0.0645	0.4150	-0.1560
0.4336	-0.0684	0.4390	-0.1565
0.4087	-0.0661	0.4140	-0.1603
0.4333	-0.0703	0.4390	-0.1609
0.4084	-0.0678	0.4140	-0.1644
0.4320	-0.0720	0.4380	-0.1652
0.4071	-0.0694	0.4130	-0.1687
0.4307	-0.0738	0.4370	-0.1696
0.4049	-0.0708	0.4110	-0.1731
0.4294	-0.0754	0.4360	-0.1739
0.4036	-0.0724	0.4100	-0.1775
0.4281	-0.0772	0.4350	-0.1783
0.4268	-0.0787	0.4340	-0.1824
0.4022	-0.0743	0.4090	-0.1826
0.4255	-0.0804	0.4330	-0.1868
0.4019	-0.0761	0.4090	-0.1870
0.4242	-0.0820	0.4320	-0.1909
0.4006	-0.0776	0.4080	-0.1914
0.3992	-0.0792	0.4070	-0.1958
0.4227	-0.0840	0.4310	-0.1961
0.3969	-0.0804	0.4050	-0.1998
0.4224	-0.0858	0.4310	-0.2004
0.3966	-0.0821	0.4050	-0.2042
0.4210	-0.0873	0.4300	-0.2045
0.3952	-0.0837	0.4040	-0.2086
0.4187	-0.0887	0.4280	-0.2088
0.3949	-0.0854	0.4040	-0.2129
0.4174	-0.0902	0.4270	-0.2129
0.4170	-0.0921	0.4270	-0.2173
0.3935	-0.0872	0.4030	-0.2181
0.4146	-0.0933	0.4250	-0.2214
0.3921	-0.0887	0.4020	-0.2225
0.4132	-0.0949	0.4240	-0.2258
0.3907	-0.0902	0.4010	-0.2268
0.4129	-0.0966	0.4240	-0.2298
0.3894	-0.0916	0.4000	-0.2310
0.4124	-0.0984	0.4240	-0.2342
0.3880	-0.0930	0.3990	-0.2353
0.4100	-0.1001	0.4220	-0.2394
0.3866	-0.0945	0.3980	-0.2397
0.4086	-0.1015	0.4210	-0.2435
0.3862	-0.0962	0.3980	-0.2440
0.4081	-0.1033	0.4210	-0.2478
0.3848	-0.0975	0.3970	-0.2481
0.4067	-0.1047	0.4200	-0.2520
0.3833	-0.0993	0.3960	-0.2536
0.4053	-0.1062	0.4190	-0.2563
0.3829	-0.1010	0.3960	-0.2579
0.4029	-0.1074	0.4170	-0.2604
0.3815	-0.1023	0.3950	-0.2620
0.4025	-0.1091	0.4170	-0.2647
0.3801	-0.1037	0.3940	-0.2664
0.4009	-0.1110	0.4160	-0.2700
0.3787	-0.1051	0.3930	-0.2707
0.4004	-0.1127	0.4160	-0.2743
0.3773	-0.1065	0.3920	-0.2752
0.3990	-0.1141	0.4150	-0.2784
0.3768	-0.1081	0.3920	-0.2795
0.3976	-0.1155	0.4140	-0.2827
0.3754	-0.1094	0.3910	-0.2836
0.3971	-0.1171	0.4140	-0.2869
0.3738	-0.1112	0.3900	-0.2891
0.3956	-0.1186	0.4130	-0.2912
0.3734	-0.1127	0.3900	-0.2931
0.3932	-0.1196	0.4110	-0.2953
0.3719	-0.1140	0.3890	-0.2975
0.3927	-0.1213	0.4110	-0.2997
0.3705	-0.1153	0.3880	-0.3018
0.3922	-0.1229	0.4110	-0.3037
0.3700	-0.1170	0.3880	-0.3062
0.3916	-0.1247	0.4110	-0.3081
0.3685	-0.1183	0.3870	-0.3105
0.3902	-0.1259	0.4100	-0.3122
0.3680	-0.1198	0.3870	-0.3147
0.3876	-0.1273	0.4080	-0.3173
0.3665	-0.1211	0.3860	-0.3191
0.3871	-0.1290	0.4080	-0.3218
0.3650	-0.1223	0.3850	-0.3234
0.3856	-0.1303	0.4070	-0.3259
0.3635	-0.1239	0.3840	-0.3286
0.3850	-0.1320	0.4070	-0.3302
0.3629	-0.1255	0.3840	-0.3330
0.3835	-0.1332	0.4060	-0.3343
0.3614	-0.1267	0.3830	-0.3373
0.3820	-0.1345	0.4050	-0.3386
0.3609	-0.1283	0.3830	-0.3417
0.3814	-0.1361	0.4050	-0.3427
0.3594	-0.1295	0.3820	-0.3457
0.3799	-0.1374	0.4040	-0.3471
0.3588	-0.1310	0.3820	-0.3501
0.3782	-0.1391	0.4030	-0.3523
0.3573	-0.1322	0.3810	-0.3544
0.3777	-0.1406	0.4030	-0.3564
0.3567	-0.1338	0.3810	-0.3589
0.3782	-0.1422	0.4040	-0.3596
0.3552	-0.1350	0.3800	-0.3632
0.3755	-0.1435	0.4020	-0.3651
0.3547	-0.1365	0.3800	-0.3673
0.3740	-0.1447	0.4010	-0.3692
0.3531	-0.1376	0.3790	-0.3716
0.3724	-0.1460	0.4000	-0.3735
0.3525	-0.1392	0.3790	-0.3760
0.3718	-0.1475	0.4000	-0.3776
0.3519	-0.1407	0.3790	-0.3804
0.3712	-0.1491	0.4000	-0.3821
0.3502	-0.1422	0.3780	-0.3856
0.3706	-0.1506	0.4000	-0.3861
0.3487	-0.1433	0.3770	-0.3899
0.3690	-0.1519	0.3990	-0.3905
0.3481	-0.1448	0.3770	-0.3943
0.3674	-0.1530	0.3980	-0.3945
0.3475	-0.1462	0.3770	-0.3984
0.3658	-0.1542	0.3970	-0.3989
0.3459	-0.1474	0.3760	-0.4028
0.3641	-0.1557	0.3960	-0.4041
0.3453	-0.1489	0.3760	-0.4071
0.3645	-0.1573	0.3970	-0.4074
0.3639	-0.1588	0.3970	-0.4115
0.3437	-0.1500	0.3750	-0.4115
0.3431	-0.1514	0.3750	-0.4155
0.3632	-0.1604	0.3970	-0.4158
0.3415	-0.1525	0.3740	-0.4199
0.3614	-0.1618	0.3960	-0.4210
0.3408	-0.1539	0.3740	-0.4242
0.3598	-0.1629	0.3950	-0.4251
0.3402	-0.1555	0.3740	-0.4287
0.3582	-0.1641	0.3940	-0.4295
0.3395	-0.1569	0.3740	-0.4330
0.3575	-0.1655	0.3940	-0.4335
0.3379	-0.1579	0.3730	-0.4371
0.3568	-0.1671	0.3940	-0.4380
0.3372	-0.1594	0.3730	-0.4415
0.3552	-0.1681	0.3930	-0.4420
0.3365	-0.1608	0.3730	-0.4458
0.3545	-0.1697	0.3930	-0.4464
0.3529	-0.1707	0.3920	-0.4505
0.3348	-0.1621	0.3720	-0.4510
0.3521	-0.1722	0.3920	-0.4548
0.3341	-0.1636	0.3720	-0.4554
0.3514	-0.1737	0.3920	-0.4589
0.3325	-0.1646	0.3710	-0.4597
0.3507	-0.1752	0.3920	-0.4633
0.3318	-0.1661	0.3710	-0.4641
0.3491	-0.1762	0.3910	-0.4674
0.3311	-0.1674	0.3710	-0.4682
0.3483	-0.1777	0.3910	-0.4717
0.3294	-0.1684	0.3700	-0.4726
0.3287	-0.1698	0.3700	-0.4769
0.3465	-0.1790	0.3900	-0.4769
0.3449	-0.1800	0.3890	-0.4810
0.3280	-0.1712	0.3700	-0.4810
0.3449	-0.1820	0.3900	-0.4854
0.3273	-0.1726	0.3700	-0.4854
0.3442	-0.1833	0.3900	-0.4894
0.3257	-0.1735	0.3690	-0.4894
0.3434	-0.1849	0.3900	-0.4938
0.3240	-0.1744	0.3680	-0.4938
0.3233	-0.1757	0.3680	-0.4979
0.3418	-0.1858	0.3890	-0.4979
0.3226	-0.1771	0.3680	-0.5020
0.3401	-0.1868	0.3880	-0.5023
0.3393	-0.1882	0.3880	-0.5064
0.3218	-0.1785	0.3680	-0.5064
0.3211	-0.1798	0.3680	-0.5104
0.3394	-0.1901	0.3890	-0.5107
0.3203	-0.1811	0.3680	-0.5146
0.3394	-0.1921	0.3900	-0.5151
0.3196	-0.1825	0.3680	-0.5189
0.3377	-0.1930	0.3890	-0.5192
0.3343	-0.1930	0.3860	-0.5236
0.3177	-0.1837	0.3670	-0.5241
0.3180	-0.1852	0.3680	-0.5274
0.3326	-0.1939	0.3850	-0.5277
0.3172	-0.1865	0.3680	-0.5314
0.3327	-0.1958	0.3860	-0.5320
0.3165	-0.1878	0.3680	-0.5356
0.3318	-0.1972	0.3860	-0.5361
0.3310	-0.1986	0.3860	-0.5404
0.3146	-0.1889	0.3670	-0.5407
0.3302	-0.2000	0.3860	-0.5446
0.3130	-0.1898	0.3660	-0.5451
0.3293	-0.2014	0.3860	-0.5489
0.3113	-0.1905	0.3650	-0.5492
0.3285	-0.2027	0.3860	-0.5530
0.3105	-0.1919	0.3650	-0.5536
0.3276	-0.2042	0.3860	-0.5574
0.3106	-0.1937	0.3660	-0.5576
0.3259	-0.2050	0.3850	-0.5614
0.3098	-0.1949	0.3660	-0.5617
0.3250	-0.2064	0.3850	-0.5658
0.3089	-0.1963	0.3660	-0.5661
0.3242	-0.2077	0.3850	-0.5699
0.3081	-0.1976	0.3660	-0.5702
0.3073	-0.1988	0.3660	-0.5743
0.3232	-0.2091	0.3850	-0.5743
0.3224	-0.2105	0.3850	-0.5784
0.3064	-0.2001	0.3660	-0.5786
0.3056	-0.2014	0.3660	-0.5827
0.3215	-0.2119	0.3850	-0.5827
0.3206	-0.2132	0.3850	-0.5868
0.3047	-0.2028	0.3660	-0.5871
0.3031	-0.2034	0.3650	-0.5912
0.3197	-0.2146	0.3850	-0.5912
0.3022	-0.2047	0.3650	-0.5953
0.3187	-0.2160	0.3850	-0.5956
0.3022	-0.2065	0.3660	-0.5996
0.3167	-0.2171	0.3840	-0.6010
0.3005	-0.2072	0.3650	-0.6037
0.3158	-0.2185	0.3840	-0.6053
0.2996	-0.2085	0.3650	-0.6081
0.3148	-0.2199	0.3840	-0.6098
0.2987	-0.2097	0.3650	-0.6122
0.3130	-0.2207	0.3830	-0.6141
0.2987	-0.2115	0.3660	-0.6163
0.3129	-0.2226	0.3840	-0.6185
0.2969	-0.2123	0.3650	-0.6206
0.3119	-0.2240	0.3840	-0.6228
0.2961	-0.2135	0.3650	-0.6247
0.3109	-0.2254	0.3840	-0.6272
0.2952	-0.2147	0.3650	-0.6288
0.3091	-0.2261	0.3830	-0.6315
0.2943	-0.2160	0.3650	-0.6332
0.3089	-0.2281	0.3840	-0.6359
0.2934	-0.2172	0.3650	-0.6373
0.3079	-0.2294	0.3840	-0.6402
0.2916	-0.2178	0.3640	-0.6416
0.3069	-0.2308	0.3840	-0.6447
0.2907	-0.2190	0.3640	-0.6457
0.3059	-0.2321	0.3840	-0.6490
0.2898	-0.2202	0.3640	-0.6498
0.3049	-0.2334	0.3840	-0.6534
0.2889	-0.2215	0.3640	-0.6541
0.3031	-0.2341	0.3830	-0.6577
0.2879	-0.2227	0.3640	-0.6583
0.3021	-0.2355	0.3830	-0.6621
0.2877	-0.2246	0.3650	-0.6627
0.3011	-0.2368	0.3830	-0.6664
0.2868	-0.2257	0.3650	-0.6667
0.2992	-0.2375	0.3820	-0.6708
0.2851	-0.2263	0.3640	-0.6708
0.2849	-0.2281	0.3650	-0.6751
0.2982	-0.2388	0.3820	-0.6751
0.2840	-0.2293	0.3650	-0.6793
0.2979	-0.2407	0.3830	-0.6796
0.2830	-0.2305	0.3650	-0.6834
0.2977	-0.2426	0.3840	-0.6839
0.2828	-0.2323	0.3660	-0.6877
0.2966	-0.2439	0.3840	-0.6883
0.2819	-0.2335	0.3660	-0.6918
0.2955	-0.2452	0.3840	-0.6926
0.2801	-0.2341	0.3650	-0.6961
0.2944	-0.2465	0.3840	-0.6970
0.2791	-0.2352	0.3650	-0.7003
0.2934	-0.2478	0.3840	-0.7013
0.2781	-0.2364	0.3650	-0.7044
0.2923	-0.2491	0.3840	-0.7057
0.2771	-0.2376	0.3650	-0.7087
0.2912	-0.2503	0.3840	-0.7100
0.2761	-0.2387	0.3650	-0.7128
0.2901	-0.2516	0.3840	-0.7145
0.2751	-0.2399	0.3650	-0.7171
0.2890	-0.2528	0.3840	-0.7188
0.2741	-0.2410	0.3650	-0.7213
0.2879	-0.2541	0.3840	-0.7232
0.2731	-0.2421	0.3650	-0.7254
0.2868	-0.2554	0.3840	-0.7275
0.2721	-0.2433	0.3650	-0.7297
0.2857	-0.2566	0.3840	-0.7319
0.2718	-0.2451	0.3660	-0.7338
0.2838	-0.2572	0.3830	-0.7363
0.2708	-0.2462	0.3660	-0.7379
0.2827	-0.2584	0.3830	-0.7406
0.2697	-0.2474	0.3660	-0.7423
0.2823	-0.2604	0.3840	-0.7450
0.2687	-0.2485	0.3660	-0.7464
0.2811	-0.2616	0.3840	-0.7493
0.2676	-0.2497	0.3660	-0.7507
0.2809	-0.2632	0.3850	-0.7529
0.2666	-0.2508	0.3660	-0.7548
0.2798	-0.2645	0.3850	-0.7573
0.2656	-0.2519	0.3660	-0.7589
0.2794	-0.2664	0.3860	-0.7616
0.2652	-0.2537	0.3670	-0.7633
0.2775	-0.2669	0.3850	-0.7660
0.2641	-0.2548	0.3670	-0.7674
0.2770	-0.2688	0.3860	-0.7703
0.2630	-0.2559	0.3670	-0.7717
0.2758	-0.2700	0.3860	-0.7748
0.2620	-0.2570	0.3670	-0.7758
0.2619	-0.2586	0.3680	-0.7791
0.2747	-0.2712	0.3860	-0.7791
0.2608	-0.2596	0.3680	-0.7832
0.2735	-0.2724	0.3860	-0.7835
0.2597	-0.2607	0.3680	-0.7872
0.2730	-0.2743	0.3870	-0.7878
0.2586	-0.2618	0.3680	-0.7916
0.2718	-0.2755	0.3870	-0.7922
0.2575	-0.2629	0.3680	-0.7958
0.2706	-0.2767	0.3870	-0.7965
0.2564	-0.2640	0.3680	-0.8001
0.2701	-0.2786	0.3880	-0.8009
0.2553	-0.2651	0.3680	-0.8042
0.2689	-0.2797	0.3880	-0.8052
0.2542	-0.2661	0.3680	-0.8082
0.2676	-0.2809	0.3880	-0.8097
0.2537	-0.2679	0.3690	-0.8126
0.2664	-0.2821	0.3880	-0.8140
0.2526	-0.2690	0.3690	-0.8167
0.2652	-0.2833	0.3880	-0.8184
0.2515	-0.2701	0.3690	-0.8211
0.2646	-0.2851	0.3890	-0.8227
0.2503	-0.2711	0.3690	-0.8252
0.2634	-0.2863	0.3890	-0.8271
0.2499	-0.2728	0.3700	-0.8292
0.2628	-0.2882	0.3900	-0.8314
0.2494	-0.2747	0.3710	-0.8336
0.2615	-0.2893	0.3900	-0.8358
0.2483	-0.2757	0.3710	-0.8377
0.2603	-0.2904	0.3900	-0.8401
0.2471	-0.2767	0.3710	-0.8418
0.2590	-0.2916	0.3900	-0.8446
0.2453	-0.2770	0.3700	-0.8462
0.2577	-0.2927	0.3900	-0.8489
0.2441	-0.2780	0.3700	-0.8502
0.2564	-0.2938	0.3900	-0.8533
0.2436	-0.2799	0.3710	-0.8546
0.2552	-0.2949	0.3900	-0.8576
0.2431	-0.2816	0.3720	-0.8587
0.2428	-0.2832	0.3730	-0.8620
0.2539	-0.2961	0.3900	-0.8620
0.2535	-0.2977	0.3910	-0.8653
0.2423	-0.2849	0.3740	-0.8660
0.2523	-0.2987	0.3910	-0.8696
0.2410	-0.2860	0.3740	-0.8704
0.2516	-0.3006	0.3920	-0.8740
0.2392	-0.2862	0.3730	-0.8746
0.2503	-0.3017	0.3920	-0.8783
0.2387	-0.2879	0.3740	-0.8786
0.2489	-0.3028	0.3920	-0.8827
0.2381	-0.2897	0.3750	-0.8830
0.2476	-0.3039	0.3920	-0.8870
0.2368	-0.2908	0.3750	-0.8873
0.2469	-0.3057	0.3930	-0.8914
0.2355	-0.2918	0.3750	-0.8917
0.2462	-0.3076	0.3940	-0.8958
0.2349	-0.2936	0.3760	-0.8960
0.2449	-0.3087	0.3940	-0.9002
0.2337	-0.2946	0.3760	-0.9002
0.2324	-0.2956	0.3760	-0.9046
0.2435	-0.3097	0.3940	-0.9046
0.2317	-0.2974	0.3770	-0.9089
0.2422	-0.3108	0.3940	-0.9089
0.2414	-0.3127	0.3950	-0.9133
0.2304	-0.2984	0.3770	-0.9133
0.2407	-0.3145	0.3960	-0.9176
0.2291	-0.2994	0.3770	-0.9176
0.2285	-0.3011	0.3780	-0.9217
0.2393	-0.3155	0.3960	-0.9220
0.2280	-0.3027	0.3790	-0.9253
0.2379	-0.3166	0.3960	-0.9263
0.2268	-0.3037	0.3790	-0.9293
0.2374	-0.3182	0.3970	-0.9299
0.2254	-0.3047	0.3790	-0.9337
0.2366	-0.3201	0.3980	-0.9343
0.2247	-0.3064	0.3800	-0.9380
0.2352	-0.3211	0.3980	-0.9386
0.2234	-0.3074	0.3800	-0.9424
0.2338	-0.3221	0.3980	-0.9430
0.2226	-0.3092	0.3810	-0.9468
0.2330	-0.3239	0.3990	-0.9473
0.2219	-0.3109	0.3820	-0.9509
0.2315	-0.3250	0.3990	-0.9517
0.2206	-0.3119	0.3820	-0.9553
0.2301	-0.3260	0.3990	-0.9561
0.2192	-0.3128	0.3820	-0.9596
0.2293	-0.3278	0.4000	-0.9605
0.2184	-0.3146	0.3830	-0.9640
0.2278	-0.3288	0.4000	-0.9648
0.2170	-0.3156	0.3830	-0.9683
0.2270	-0.3306	0.4010	-0.9692
0.2163	-0.3173	0.3840	-0.9724
0.2261	-0.3324	0.4020	-0.9735
0.2157	-0.3189	0.3850	-0.9760
0.2246	-0.3334	0.4020	-0.9779
0.2144	-0.3197	0.3850	-0.9800
0.2237	-0.3352	0.4030	-0.9822
0.2136	-0.3215	0.3860	-0.9844
0.2223	-0.3362	0.4030	-0.9866
0.2127	-0.3233	0.3870	-0.9887
0.2217	-0.3377	0.4040	-0.9899
0.2113	-0.3242	0.3870	-0.9932
0.2202	-0.3387	0.4040	-0.9942
0.2105	-0.3260	0.3880	-0.9975
0.2193	-0.3405	0.4050	-0.9986
0.2097	-0.3277	0.3890	-1.0016
0.2183	-0.3423	0.4060	-1.0032
0.2082	-0.3286	0.3890	-1.0060
0.2174	-0.3441	0.4070	-1.0073
0.2073	-0.3303	0.3900	-1.0103
0.2159	-0.3450	0.4070	-1.0117
0.2059	-0.3312	0.3900	-1.0147
0.2144	-0.3460	0.4070	-1.0161
0.2053	-0.3328	0.3910	-1.0180
0.2134	-0.3477	0.4080	-1.0204
0.2044	-0.3345	0.3920	-1.0223
0.2119	-0.3487	0.4080	-1.0248
0.2034	-0.3363	0.3930	-1.0267
0.2109	-0.3504	0.4090	-1.0291
0.2020	-0.3371	0.3930	-1.0310
0.2102	-0.3520	0.4100	-1.0325
0.2011	-0.3388	0.3940	-1.0351
0.2092	-0.3538	0.4110	-1.0368
0.1996	-0.3397	0.3940	-1.0396
0.2077	-0.3546	0.4110	-1.0409
0.1986	-0.3414	0.3950	-1.0439
0.2067	-0.3564	0.4120	-1.0452
0.1971	-0.3423	0.3950	-1.0483
0.2056	-0.3582	0.4130	-1.0496
0.1961	-0.3440	0.3960	-1.0526
0.2046	-0.3599	0.4140	-1.0539
0.1955	-0.3455	0.3970	-1.0559
0.2030	-0.3608	0.4140	-1.0584
0.1945	-0.3472	0.3980	-1.0603
0.2019	-0.3626	0.4150	-1.0627
0.1936	-0.3489	0.3990	-1.0643
0.2009	-0.3643	0.4160	-1.0668
0.1920	-0.3498	0.3990	-1.0687
0.2001	-0.3659	0.4170	-1.0703
0.1910	-0.3515	0.4000	-1.0730
0.1991	-0.3676	0.4180	-1.0745
0.1899	-0.3532	0.4010	-1.0774
0.1975	-0.3684	0.4180	-1.0788
0.1889	-0.3549	0.4020	-1.0817
0.1963	-0.3702	0.4190	-1.0832
0.1879	-0.3565	0.4030	-1.0859
0.1952	-0.3719	0.4200	-1.0875
0.1863	-0.3574	0.4030	-1.0903
0.1940	-0.3736	0.4210	-1.0919
0.1856	-0.3589	0.4040	-1.0935
0.1924	-0.3745	0.4210	-1.0962
0.1845	-0.3605	0.4050	-1.0979
0.1913	-0.3762	0.4220	-1.1003
0.1833	-0.3622	0.4060	-1.1023
0.1901	-0.3779	0.4230	-1.1047
0.1822	-0.3639	0.4070	-1.1066
0.1892	-0.3794	0.4240	-1.1082
0.1811	-0.3656	0.4080	-1.1110
0.1881	-0.3811	0.4250	-1.1123
0.1800	-0.3672	0.4090	-1.1150
0.1869	-0.3828	0.4260	-1.1167
0.1792	-0.3688	0.4100	-1.1186
0.1856	-0.3845	0.4270	-1.1211
0.1781	-0.3704	0.4110	-1.1227
0.1839	-0.3854	0.4270	-1.1255
0.1769	-0.3721	0.4120	-1.1271
0.1827	-0.3870	0.4280	-1.1298
0.1753	-0.3729	0.4120	-1.1314
0.1810	-0.3878	0.4280	-1.1342
0.1740	-0.3745	0.4130	-1.1358
0.1798	-0.3895	0.4290	-1.1382
0.1728	-0.3762	0.4140	-1.1401
0.1785	-0.3912	0.4300	-1.1426
0.1717	-0.3778	0.4150	-1.1443
0.1773	-0.3929	0.4310	-1.1469
0.1705	-0.3795	0.4160	-1.1486
0.1764	-0.3943	0.4320	-1.1502
0.1696	-0.3809	0.4170	-1.1518
0.1746	-0.3951	0.4320	-1.1546
0.1684	-0.3826	0.4180	-1.1562
0.1733	-0.3968	0.4330	-1.1589
0.1667	-0.3833	0.4180	-1.1606
0.1720	-0.3985	0.4340	-1.1633
0.1654	-0.3850	0.4190	-1.1650
0.1707	-0.4001	0.4350	-1.1676
0.1641	-0.3866	0.4200	-1.1693
0.1694	-0.4017	0.4360	-1.1718
0.1629	-0.3882	0.4210	-1.1734
0.1680	-0.4034	0.4370	-1.1762
0.1616	-0.3898	0.4220	-1.1778
0.1663	-0.4041	0.4370	-1.1805
0.1599	-0.3905	0.4220	-1.1821
0.1649	-0.4058	0.4380	-1.1849
0.1586	-0.3922	0.4230	-1.1865
0.1643	-0.4082	0.4400	-1.1882
0.1577	-0.3936	0.4240	-1.1898
0.1629	-0.4098	0.4410	-1.1925
0.1567	-0.3961	0.4260	-1.1941
0.1614	-0.4115	0.4420	-1.1969
0.1553	-0.3978	0.4270	-1.1985
0.1600	-0.4131	0.4430	-1.2012
0.1537	-0.3984	0.4270	-1.2026
0.1589	-0.4157	0.4450	-1.2056
0.1523	-0.4000	0.4280	-1.2070
0.1576	-0.4172	0.4460	-1.2096
0.1505	-0.4006	0.4280	-1.2114
0.1561	-0.4189	0.4470	-1.2140
0.1495	-0.4032	0.4300	-1.2157
0.1554	-0.4212	0.4490	-1.2173
0.1481	-0.4048	0.4310	-1.2201
0.1539	-0.4229	0.4500	-1.2217
0.1471	-0.4062	0.4320	-1.2233
0.1524	-0.4245	0.4510	-1.2260
0.1460	-0.4087	0.4340	-1.2277
0.1509	-0.4261	0.4520	-1.2304
0.1450	-0.4112	0.4360	-1.2318
0.1494	-0.4277	0.4530	-1.2348
0.1435	-0.4128	0.4370	-1.2361
0.1481	-0.4302	0.4550	-1.2392
0.1420	-0.4143	0.4380	-1.2405
0.1471	-0.4316	0.4560	-1.2424
0.1406	-0.4159	0.4390	-1.2448
0.1458	-0.4342	0.4580	-1.2467
0.1395	-0.4173	0.4400	-1.2482
0.1442	-0.4358	0.4590	-1.2512
0.1380	-0.4188	0.4410	-1.2525
0.1428	-0.4373	0.4600	-1.2552
0.1368	-0.4214	0.4430	-1.2569
0.1412	-0.4389	0.4610	-1.2596
0.1353	-0.4229	0.4440	-1.2612
0.1398	-0.4414	0.4630	-1.2640
0.1338	-0.4244	0.4450	-1.2653
0.1387	-0.4428	0.4640	-1.2673
0.1323	-0.4259	0.4460	-1.2697
0.1374	-0.4453	0.4660	-1.2716
0.1315	-0.4283	0.4480	-1.2729
0.1357	-0.4469	0.4670	-1.2760
0.1299	-0.4298	0.4490	-1.2773
0.1343	-0.4493	0.4690	-1.2803
0.1286	-0.4323	0.4510	-1.2816
0.1326	-0.4509	0.4700	-1.2847
0.1270	-0.4338	0.4520	-1.2861
0.1311	-0.4524	0.4710	-1.2887
0.1254	-0.4353	0.4530	-1.2904
0.1300	-0.4548	0.4730	-1.2923
0.1239	-0.4368	0.4540	-1.2945
0.1283	-0.4563	0.4740	-1.2967
0.1222	-0.4383	0.4550	-1.2989
0.1267	-0.4578	0.4750	-1.3008
0.1213	-0.4406	0.4570	-1.3022
0.1250	-0.4593	0.4760	-1.3051
0.1199	-0.4431	0.4590	-1.3065
0.1229	-0.4598	0.4760	-1.3095
0.1182	-0.4445	0.4600	-1.3109
0.1215	-0.4623	0.4780	-1.3139
0.1168	-0.4470	0.4620	-1.3152
0.1199	-0.4648	0.4800	-1.3183
0.1152	-0.4484	0.4630	-1.3193
0.1184	-0.4672	0.4820	-1.3226
0.1139	-0.4498	0.4640	-1.3229
0.1174	-0.4696	0.4840	-1.3258
0.1123	-0.4512	0.4650	-1.3270
0.1158	-0.4720	0.4860	-1.3302
0.1108	-0.4537	0.4670	-1.3313
0.1143	-0.4744	0.4880	-1.3343
0.1090	-0.4551	0.4680	-1.3357
0.1127	-0.4769	0.4900	-1.3387
0.1075	-0.4575	0.4700	-1.3400
0.1109	-0.4783	0.4910	-1.3430
0.1057	-0.4590	0.4710	-1.3444
0.1097	-0.4806	0.4930	-1.3464
0.1047	-0.4613	0.4730	-1.3477
0.1081	-0.4831	0.4950	-1.3507
0.1032	-0.4636	0.4750	-1.3517
0.1064	-0.4855	0.4970	-1.3551
0.1016	-0.4661	0.4770	-1.3561
0.1045	-0.4869	0.4980	-1.3594
0.0998	-0.4675	0.4780	-1.3604
0.1026	-0.4883	0.4990	-1.3638
0.0982	-0.4699	0.4800	-1.3649
0.1008	-0.4907	0.5010	-1.3681
0.0965	-0.4722	0.4820	-1.3692
0.0996	-0.4930	0.5030	-1.3714
0.0953	-0.4745	0.4840	-1.3725
0.0979	-0.4954	0.5050	-1.3758
0.0935	-0.4759	0.4850	-1.3768
0.0962	-0.4978	0.5070	-1.3798
0.0919	-0.4783	0.4870	-1.3810
0.0944	-0.5002	0.5090	-1.3842
0.0902	-0.4806	0.4890	-1.3853
0.0924	-0.5016	0.5100	-1.3885
0.0884	-0.4830	0.4910	-1.3897
0.0872	-0.4852	0.4930	-1.3930
0.0906	-0.5039	0.5120	-1.3930
0.0893	-0.5062	0.5140	-1.3962
0.0853	-0.4866	0.4940	-1.3973
0.0874	-0.5085	0.5160	-1.4006
0.0835	-0.4889	0.4960	-1.4017
0.0855	-0.5109	0.5180	-1.4049
0.0818	-0.4912	0.4980	-1.4058
0.0837	-0.5132	0.5200	-1.4091
0.0800	-0.4936	0.5000	-1.4101
0.0787	-0.4958	0.5020	-1.4134
0.0818	-0.5155	0.5220	-1.4134
0.0805	-0.5178	0.5240	-1.4166
0.0768	-0.4981	0.5040	-1.4178
0.0785	-0.5201	0.5260	-1.4210
0.0750	-0.5004	0.5060	-1.4221
0.0766	-0.5224	0.5280	-1.4252
0.0729	-0.5017	0.5070	-1.4265
0.0746	-0.5247	0.5300	-1.4295
0.0712	-0.5050	0.5100	-1.4308
0.0728	-0.5270	0.5320	-1.4336
0.0693	-0.5073	0.5120	-1.4349
0.0707	-0.5293	0.5340	-1.4379
0.0678	-0.5095	0.5140	-1.4385
0.0693	-0.5315	0.5360	-1.4412
0.0660	-0.5118	0.5160	-1.4426
0.0673	-0.5338	0.5380	-1.4453
0.0640	-0.5140	0.5180	-1.4469
0.0655	-0.5380	0.5420	-1.4497
0.0620	-0.5163	0.5200	-1.4513
0.0634	-0.5403	0.5440	-1.4540
0.0600	-0.5185	0.5220	-1.4557
0.0612	-0.5406	0.5440	-1.4581
0.0585	-0.5207	0.5240	-1.4589
0.0590	-0.5428	0.5460	-1.4625
0.0564	-0.5230	0.5260	-1.4633
0.0577	-0.5470	0.5500	-1.4657
0.0545	-0.5252	0.5280	-1.4673
0.0556	-0.5492	0.5520	-1.4698
0.0524	-0.5274	0.5300	-1.4718
0.0534	-0.5514	0.5540	-1.4743
0.0505	-0.5316	0.5340	-1.4761
0.0514	-0.5536	0.5560	-1.4783
0.0489	-0.5338	0.5360	-1.4794
0.0491	-0.5558	0.5580	-1.4827
0.0468	-0.5360	0.5380	-1.4837
0.0476	-0.5600	0.5620	-1.4859
0.0446	-0.5382	0.5400	-1.4882
0.0454	-0.5622	0.5640	-1.4903
0.0424	-0.5403	0.5420	-1.4925
0.0434	-0.5663	0.5680	-1.4944
0.0403	-0.5425	0.5440	-1.4966
0.0410	-0.5685	0.5700	-1.4988
0.0381	-0.5447	0.5460	-1.5009
0.0393	-0.5706	0.5720	-1.5021
0.0366	-0.5488	0.5500	-1.5042
0.0371	-0.5728	0.5740	-1.5061
0.0343	-0.5509	0.5520	-1.5086
0.0348	-0.5769	0.5780	-1.5105
0.0322	-0.5551	0.5560	-1.5129
0.0326	-0.5791	0.5800	-1.5146
0.0298	-0.5572	0.5580	-1.5173
0.0302	-0.5812	0.5820	-1.5189
0.0281	-0.5593	0.5600	-1.5206
0.0285	-0.5853	0.5860	-1.5222
0.0258	-0.5634	0.5640	-1.5250
0.0260	-0.5874	0.5880	-1.5266
0.0237	-0.5655	0.5660	-1.5290
0.0238	-0.5915	0.5920	-1.5306
0.0213	-0.5696	0.5700	-1.5334
0.0212	-0.5936	0.5940	-1.5350
0.0195	-0.5717	0.5720	-1.5367
0.0189	-0.5957	0.5960	-1.5392
0.0171	-0.5737	0.5740	-1.5410
0.0170	-0.5998	0.6000	-1.5424
0.0147	-0.5778	0.5780	-1.5454
0.0145	-0.6018	0.6020	-1.5467
0.0122	-0.5799	0.5800	-1.5497
0.0121	-0.6059	0.6060	-1.5509
0.0099	-0.5839	0.5840	-1.5538
0.0095	-0.6079	0.6080	-1.5552
0.0079	-0.5879	0.5880	-1.5574
0.0069	-0.6120	0.6120	-1.5596
0.0055	-0.5900	0.5900	-1.5615
0.0044	-0.6140	0.6140	-1.5637
0.0030	-0.5940	0.5940	-1.5658
0.0024	-0.6180	0.6180	-1.5670
0.0003	-0.5960	0.5960	-1.5702
-0.0003	-0.6220	0.6220	-1.5713
-0.0016	-0.6000	0.6000	-1.5735
-0.0029	-0.6260	0.6260	-1.5754
-0.0042	-0.6040	0.6040	-1.5778
-0.0056	-0.6280	0.6280	-1.5797
-0.0069	-0.6060	0.6060	-1.5822
-0.0078	-0.6320	0.6320	-1.5831
-0.0096	-0.6099	0.6100	-1.5865
-0.0104	-0.6359	0.6360	-1.5871
-0.0122	-0.6139	0.6140	-1.5906
-0.0132	-0.6379	0.6380	-1.5915
-0.0145	-0.6178	0.6180	-1.5942
-0.0161	-0.6418	0.6420	-1.5958
-0.0171	-0.6218	0.6220	-1.5983
-0.0188	-0.6437	0.6440	-1.5999
-0.0199	-0.6237	0.6240	-1.6026
-0.0210	-0.6477	0.6480	-1.6032
-0.0228	-0.6276	0.6280	-1.6070
-0.0240	-0.6516	0.6520	-1.6076
-0.0250	-0.6315	0.6320	-1.6103
-0.0268	-0.6555	0.6560	-1.6116
-0.0279	-0.6354	0.6360	-1.6146
-0.0299	-0.6593	0.6600	-1.6160
-0.0309	-0.6393	0.6400	-1.6190
-0.0327	-0.6632	0.6640	-1.6201
-0.0337	-0.6431	0.6440	-1.6231
-0.0351	-0.6671	0.6680	-1.6233
-0.0362	-0.6470	0.6480	-1.6267
-0.0382	-0.6709	0.6720	-1.6277
-0.0390	-0.6508	0.6520	-1.6307
-0.0413	-0.6747	0.6760	-1.6319
-0.0422	-0.6546	0.6560	-1.6351
-0.0444	-0.6785	0.6800	-1.6362
-0.0453	-0.6584	0.6600	-1.6394
-0.0469	-0.6824	0.6840	-1.6394
-0.0485	-0.6622	0.6640	-1.6439
-0.0502	-0.6862	0.6880	-1.6439
-0.0509	-0.6661	0.6680	-1.6471
-0.0533	-0.6899	0.6920	-1.6479
-0.0543	-0.6718	0.6740	-1.6514
-0.0567	-0.6937	0.6960	-1.6523
-0.0576	-0.6755	0.6780	-1.6558
-0.0599	-0.6974	0.7000	-1.6564
-0.0627	-0.7032	0.7060	-1.6597
-0.0607	-0.6793	0.6820	-1.6600
-0.0635	-0.6831	0.6860	-1.6635
-0.0661	-0.7069	0.7100	-1.6640
-0.0668	-0.6888	0.6920	-1.6675
-0.0694	-0.7106	0.7140	-1.6681
-0.0703	-0.6924	0.6960	-1.6719
-0.0728	-0.7143	0.7180	-1.6724
-0.0759	-0.7200	0.7240	-1.6758
-0.0737	-0.6961	0.7000	-1.6763
-0.0766	-0.7018	0.7060	-1.6795
-0.0794	-0.7237	0.7280	-1.6801
-0.0799	-0.7055	0.7100	-1.6836
-0.0831	-0.7293	0.7340	-1.6842
-0.0838	-0.7111	0.7160	-1.6881
-0.0867	-0.7329	0.7380	-1.6885
-0.0873	-0.7147	0.7200	-1.6924
-0.0904	-0.7385	0.7440	-1.6927
-0.0904	-0.7204	0.7260	-1.6956
-0.0933	-0.7422	0.7480	-1.6959
-0.0941	-0.7259	0.7320	-1.6997
-0.0974	-0.7477	0.7540	-1.7003
-0.0978	-0.7295	0.7360	-1.7041
-0.1012	-0.7532	0.7600	-1.7043
-0.1016	-0.7350	0.7420	-1.7082
-0.1051	-0.7567	0.7640	-1.7088
-0.1049	-0.7406	0.7480	-1.7114
-0.1084	-0.7623	0.7700	-1.7120
-0.1090	-0.7461	0.7540	-1.7159
-0.1125	-0.7678	0.7760	-1.7163
-0.1129	-0.7516	0.7600	-1.7199
-0.1163	-0.7713	0.7800	-1.7205
-0.1171	-0.7570	0.7660	-1.7243
-0.1206	-0.7767	0.7860	-1.7249
-0.1202	-0.7606	0.7700	-1.7276
-0.1244	-0.7842	0.7940	-1.7281
-0.1243	-0.7660	0.7760	-1.7317
-0.1285	-0.7896	0.8000	-1.7322
-0.1286	-0.7714	0.7820	-1.7360
-0.1327	-0.7930	0.8040	-1.7366
-0.1330	-0.7767	0.7880	-1.7404
-0.1369	-0.7983	0.8100	-1.7407
-0.1369	-0.7841	0.7960	-1.7437
-0.1418	-0.8056	0.8180	-1.7450
-0.1412	-0.7895	0.8020	-1.7478
-0.1455	-0.8111	0.8240	-1.7483
-0.1457	-0.7948	0.8080	-1.7521
-0.1501	-0.8163	0.8300	-1.7527
-0.1501	-0.8000	0.8140	-1.7562
-0.1549	-0.8236	0.8380	-1.7567
-0.1542	-0.8074	0.8220	-1.7595
-0.1597	-0.8288	0.8440	-1.7611
-0.1592	-0.8146	0.8300	-1.7638
-0.1635	-0.8341	0.8500	-1.7644
-0.1637	-0.8198	0.8360	-1.7679
-0.1685	-0.8413	0.8580	-1.7685
-0.1685	-0.8250	0.8420	-1.7723
-0.1737	-0.8484	0.8660	-1.7728
-0.1729	-0.8322	0.8500	-1.7756
-0.1785	-0.8535	0.8720	-1.7769
-0.1774	-0.8374	0.8560	-1.7796
-0.1829	-0.8608	0.8800	-1.7802
-0.1828	-0.8444	0.8640	-1.7840
-0.1884	-0.8678	0.8880	-1.7846
-0.1882	-0.8514	0.8720	-1.7883
-0.1939	-0.8748	0.8960	-1.7889
-0.1928	-0.8586	0.8800	-1.7917
-0.1993	-0.8818	0.9040	-1.7930
-0.1980	-0.8656	0.8880	-1.7957
-0.2042	-0.8889	0.9120	-1.7966
-0.2037	-0.8725	0.8960	-1.8001
-0.2098	-0.8958	0.9200	-1.8009
-0.2086	-0.8776	0.9020	-1.8042
-0.2156	-0.9026	0.9280	-1.8053
-0.2143	-0.8844	0.9100	-1.8086
-0.2214	-0.9094	0.9360	-1.8096
-0.2196	-0.8934	0.9200	-1.8118
-0.2274	-0.9162	0.9440	-1.8140
-0.2252	-0.9003	0.9280	-1.8159
-0.2328	-0.9252	0.9540	-1.8173
-0.2316	-0.9090	0.9380	-1.8203
-0.2393	-0.9338	0.9640	-1.8216
-0.2365	-0.9160	0.9460	-1.8235
-0.2459	-0.9425	0.9740	-1.8260
-0.2423	-0.9227	0.9540	-1.8276
-0.2520	-0.9491	0.9820	-1.8303
-0.2489	-0.9313	0.9640	-1.8320
-0.2578	-0.9579	0.9920	-1.8337
-0.2556	-0.9399	0.9740	-1.8364
-0.2616	-0.9465	0.9820	-1.8405
-0.2674	-0.9553	0.9920	-1.8437
