x	y	r	phi
-0.6420	0.0012	0.6420	3.1398
-0.6500	0.0032	0.6500	3.1367
-0.6580	0.0057	0.6580	3.1329
-0.6680	0.0076	0.6680	3.1302
-0.6759	0.0103	0.6760	3.1263
-0.6839	0.0125	0.6840	3.1234
-0.6938	0.0153	0.6940	3.1195
-0.7038	0.0174	0.7040	3.1169
-0.7117	0.0203	0.7120	3.1130
-0.7216	0.0234	0.7220	3.1092
-0.7315	0.0259	0.7320	3.1062
-0.7414	0.0291	0.7420	3.1024
-0.7533	0.0317	0.7540	3.0996
-0.7632	0.0351	0.7640	3.0956
-0.7751	0.0379	0.7760	3.0928
-0.7869	0.0414	0.7880	3.0891
-0.7988	0.0445	0.8000	3.0860
-0.8126	0.0484	0.8140	3.0822
-0.8244	0.0513	0.8260	3.0795
-0.8362	0.0552	0.8380	3.0756
-0.8500	0.0587	0.8520	3.0727
-0.8637	0.0630	0.8660	3.0688
-0.8775	0.0663	0.8800	3.0661
-0.8912	0.0711	0.8940	3.0620
-0.9068	0.0761	0.9100	3.0579
-0.9225	0.0804	0.9260	3.0546
-0.9381	0.0857	0.9420	3.0505
-0.9558	0.0902	0.9600	3.0475
-0.9733	0.0959	0.9780	3.0434
-0.9909	0.1006	0.9960	3.0404
-0.2292	0.6274	0.6680	1.9210
-0.2259	0.6265	0.6660	1.9169
-0.2222	0.6257	0.6640	1.9120
-0.2191	0.6247	0.6620	1.9082
-0.2159	0.6237	0.6600	1.9041
-0.2129	0.6226	0.6580	1.9003
-0.2097	0.6216	0.6560	1.8962
-0.2065	0.6205	0.6540	1.8921
-0.2028	0.6176	0.6500	1.8880
-0.1996	0.6165	0.6480	1.8839
-0.1971	0.6173	0.6480	1.8798
-0.1934	0.6164	0.6460	1.8749
-0.1903	0.6152	0.6440	1.8708
-0.1872	0.6141	0.6420	1.8668
-0.1841	0.6129	0.6400	1.8626
-0.1810	0.6118	0.6380	1.8585
-0.1780	0.6106	0.6360	1.8545
-0.1749	0.6094	0.6340	1.8504
-0.1724	0.6101	0.6340	1.8462
-0.1696	0.6088	0.6320	1.8425
-0.1659	0.6078	0.6300	1.8373
-0.1629	0.6065	0.6280	1.8332
-0.1599	0.6052	0.6260	1.8291
-0.1575	0.6059	0.6260	1.8251
-0.1545	0.6046	0.6240	1.8209
-0.1515	0.6033	0.6220	1.8168
-0.1487	0.6019	0.6200	1.8130
-0.1458	0.6006	0.6180	1.8089
-0.1433	0.6012	0.6180	1.8048
-0.1404	0.5998	0.6160	1.8007
-0.1368	0.5986	0.6140	1.7955
-0.1340	0.5972	0.6120	1.7915
-0.1315	0.5977	0.6120	1.7874
-0.1288	0.5962	0.6100	1.7835
-0.1259	0.5948	0.6080	1.7794
-0.1231	0.5934	0.6060	1.7754
-0.1203	0.5919	0.6040	1.7713
-0.1178	0.5924	0.6040	1.7671
-0.1154	0.5929	0.6040	1.7631
-0.1126	0.5914	0.6020	1.7590
-0.1098	0.5899	0.6000	1.7549
-0.1074	0.5903	0.6000	1.7508
-0.1042	0.5888	0.5980	1.7460
-0.1014	0.5873	0.5960	1.7418
-0.0990	0.5877	0.5960	1.7377
-0.0963	0.5861	0.5940	1.7337
-0.0939	0.5865	0.5940	1.7296
-0.0912	0.5849	0.5920	1.7254
-0.0885	0.5833	0.5900	1.7214
-0.0858	0.5817	0.5880	1.7173
-0.0834	0.5821	0.5880	1.7132
-0.0812	0.5824	0.5880	1.7093
-0.0786	0.5807	0.5860	1.7053
-0.0753	0.5791	0.5840	1.7001
-0.0729	0.5794	0.5840	1.6960
-0.0703	0.5777	0.5820	1.6919
-0.0680	0.5780	0.5820	1.6879
-0.0654	0.5763	0.5800	1.6837
-0.0632	0.5766	0.5800	1.6799
-0.0606	0.5748	0.5780	1.6759
-0.0581	0.5731	0.5760	1.6718
-0.0557	0.5733	0.5760	1.6676
-0.0534	0.5735	0.5760	1.6636
-0.0508	0.5717	0.5740	1.6595
-0.0485	0.5719	0.5740	1.6554
-0.0460	0.5701	0.5720	1.6513
-0.0437	0.5703	0.5720	1.6472
-0.0407	0.5685	0.5700	1.6423
-0.0384	0.5687	0.5700	1.6382
-0.0359	0.5669	0.5680	1.6341
-0.0336	0.5670	0.5680	1.6300
-0.0313	0.5671	0.5680	1.6259
-0.0289	0.5653	0.5660	1.6218
-0.0266	0.5654	0.5660	1.6178
-0.0242	0.5635	0.5640	1.6137
-0.0218	0.5636	0.5640	1.6095
-0.0195	0.5617	0.5620	1.6055
-0.0173	0.5617	0.5620	1.6017
-0.0150	0.5618	0.5620	1.5975
-0.0127	0.5599	0.5600	1.5935
-0.0104	0.5599	0.5600	1.5894
-0.0075	0.5579	0.5580	1.5842
-0.0052	0.5580	0.5580	1.5801
-0.0029	0.5580	0.5580	1.5761
-0.0008	0.5560	0.5560	1.5722
0.0015	0.5560	0.5560	1.5681
0.0038	0.5560	0.5560	1.5640
0.0060	0.5540	0.5540	1.5600
0.0083	0.5539	0.5540	1.5558
0.0106	0.5539	0.5540	1.5517
0.0128	0.5519	0.5520	1.5477
0.0150	0.5518	0.5520	1.5436
0.0173	0.5517	0.5520	1.5394
0.0195	0.5497	0.5500	1.5354
0.0217	0.5496	0.5500	1.5313
0.0239	0.5475	0.5480	1.5272
0.0259	0.5474	0.5480	1.5234
0.0282	0.5473	0.5480	1.5193
0.0305	0.5472	0.5480	1.5152
0.0327	0.5470	0.5480	1.5112
0.0354	0.5449	0.5460	1.5060
0.0376	0.5447	0.5460	1.5019
0.0396	0.5426	0.5440	1.4980
0.0418	0.5424	0.5440	1.4939
0.0440	0.5422	0.5440	1.4899
0.0462	0.5420	0.5440	1.4858
0.0483	0.5419	0.5440	1.4819
0.0503	0.5397	0.5420	1.4779
0.0525	0.5395	0.5420	1.4738
0.0547	0.5392	0.5420	1.4696
0.0566	0.5370	0.5400	1.4658
0.0587	0.5368	0.5400	1.4618
0.0610	0.5365	0.5400	1.4577
0.0632	0.5363	0.5400	1.4535
0.0652	0.5361	0.5400	1.4498
0.0671	0.5338	0.5380	1.4457
0.0693	0.5335	0.5380	1.4416
0.0715	0.5332	0.5380	1.4375
0.0735	0.5330	0.5380	1.4337
0.0754	0.5307	0.5360	1.4296
0.0776	0.5303	0.5360	1.4255
0.0799	0.5280	0.5340	1.4206
0.0818	0.5297	0.5360	1.4176
0.0840	0.5294	0.5360	1.4135
0.0861	0.5290	0.5360	1.4094
0.0884	0.5266	0.5340	1.4045
0.0905	0.5263	0.5340	1.4004
0.0926	0.5259	0.5340	1.3966
0.0947	0.5255	0.5340	1.3925
0.0968	0.5251	0.5340	1.3884
0.0986	0.5228	0.5320	1.3843
0.1006	0.5224	0.5320	1.3805
0.1028	0.5220	0.5320	1.3764
0.1049	0.5216	0.5320	1.3723
0.1070	0.5211	0.5320	1.3682
0.1090	0.5207	0.5320	1.3644
0.1111	0.5203	0.5320	1.3604
0.1133	0.5198	0.5320	1.3562
0.1150	0.5174	0.5300	1.3521
0.1170	0.5169	0.5300	1.3483
0.1190	0.5165	0.5300	1.3442
0.1212	0.5160	0.5300	1.3401
0.1233	0.5155	0.5300	1.3360
0.1252	0.5150	0.5300	1.3323
0.1273	0.5145	0.5300	1.3281
0.1295	0.5139	0.5300	1.3240
0.1315	0.5134	0.5300	1.3200
0.1330	0.5110	0.5280	1.3162
0.1351	0.5104	0.5280	1.3120
0.1372	0.5099	0.5280	1.3079
0.1391	0.5093	0.5280	1.3042
0.1417	0.5107	0.5300	1.3000
0.1433	0.5082	0.5280	1.2959
0.1454	0.5076	0.5280	1.2919
0.1473	0.5070	0.5280	1.2881
0.1494	0.5064	0.5280	1.2839
0.1521	0.5077	0.5300	1.2798
0.1541	0.5071	0.5300	1.2758
0.1554	0.5046	0.5280	1.2720
0.1575	0.5040	0.5280	1.2678
0.1596	0.5033	0.5280	1.2638
0.1616	0.5027	0.5280	1.2597
0.1636	0.5020	0.5280	1.2559
0.1656	0.5014	0.5280	1.2517
0.1676	0.5007	0.5280	1.2477
0.1697	0.5000	0.5280	1.2436
0.1716	0.4993	0.5280	1.2397
0.1736	0.4986	0.5280	1.2357
0.1757	0.4979	0.5280	1.2316
0.1777	0.4972	0.5280	1.2275
0.1796	0.4965	0.5280	1.2237
0.1823	0.4977	0.5300	1.2196
0.1844	0.4969	0.5300	1.2155
0.1863	0.4962	0.5300	1.2117
0.1883	0.4954	0.5300	1.2076
0.1903	0.4947	0.5300	1.2035
0.1924	0.4939	0.5300	1.1994
0.1942	0.4931	0.5300	1.1956
0.1955	0.4905	0.5280	1.1915
0.1975	0.4897	0.5280	1.1874
0.2002	0.4907	0.5300	1.1834
0.2021	0.4899	0.5300	1.1795
0.2041	0.4891	0.5300	1.1754
0.2062	0.4883	0.5300	1.1713
0.2089	0.4893	0.5320	1.1673
0.2100	0.4866	0.5300	1.1634
0.2120	0.4858	0.5300	1.1593
0.2139	0.4849	0.5300	1.1553
0.2168	0.4858	0.5320	1.1512
0.2186	0.4850	0.5320	1.1473
0.2206	0.4841	0.5320	1.1432
0.2226	0.4832	0.5320	1.1392
0.2246	0.4823	0.5320	1.1350
0.2264	0.4814	0.5320	1.1312
0.2283	0.4805	0.5320	1.1272
0.2303	0.4796	0.5320	1.1231
0.2330	0.4805	0.5340	1.1192
0.2350	0.4795	0.5340	1.1151
0.2369	0.4786	0.5340	1.1111
0.2388	0.4776	0.5340	1.1072
0.2406	0.4767	0.5340	1.1034
0.2429	0.4778	0.5360	1.1004
0.2449	0.4768	0.5360	1.0963
0.2467	0.4758	0.5360	1.0925
0.2485	0.4749	0.5360	1.0887
0.2504	0.4739	0.5360	1.0846
0.2523	0.4729	0.5360	1.0808
0.2541	0.4720	0.5360	1.0770
0.2560	0.4709	0.5360	1.0729
0.2578	0.4699	0.5360	1.0691
0.2607	0.4706	0.5380	1.0650
0.2625	0.4696	0.5380	1.0611
0.2643	0.4686	0.5380	1.0573
0.2662	0.4675	0.5380	1.0533
0.2690	0.4683	0.5400	1.0494
0.2717	0.4690	0.5420	1.0456
0.2727	0.4661	0.5400	1.0415
0.2744	0.4651	0.5400	1.0377
0.2774	0.4657	0.5420	1.0336
0.2791	0.4646	0.5420	1.0298
0.2809	0.4635	0.5420	1.0259
0.2828	0.4624	0.5420	1.0219
0.2845	0.4613	0.5420	1.0181
0.2874	0.4619	0.5440	1.0142
0.2893	0.4607	0.5440	1.0101
0.2910	0.4596	0.5440	1.0063
0.2929	0.4584	0.5440	1.0023
0.2957	0.4590	0.5460	0.9984
0.2975	0.4578	0.5460	0.9946
0.2999	0.4586	0.5480	0.9916
0.3017	0.4575	0.5480	0.9878
0.3036	0.4562	0.5480	0.9837
0.3064	0.4568	0.5500	0.9799
0.3083	0.4555	0.5500	0.9758
0.3100	0.4543	0.5500	0.9720
0.3118	0.4531	0.5500	0.9681
0.3136	0.4518	0.5500	0.9641
0.3165	0.4523	0.5520	0.9603
0.3182	0.4511	0.5520	0.9564
0.3212	0.4514	0.5540	0.9523
0.3229	0.4501	0.5540	0.9485
0.3247	0.4488	0.5540	0.9445
0.3276	0.4492	0.5560	0.9406
0.3294	0.4479	0.5560	0.9368
0.3312	0.4466	0.5560	0.9327
0.3329	0.4453	0.5560	0.9289
0.3358	0.4457	0.5580	0.9251
0.3376	0.4443	0.5580	0.9210
0.3402	0.4449	0.5600	0.9180
0.3419	0.4435	0.5600	0.9142
0.3448	0.4438	0.5620	0.9103
0.3466	0.4424	0.5620	0.9063
0.3483	0.4411	0.5620	0.9025
0.3513	0.4412	0.5640	0.8983
0.3530	0.4399	0.5640	0.8945
0.3560	0.4401	0.5660	0.8907
0.3577	0.4386	0.5660	0.8866
0.3594	0.4372	0.5660	0.8828
0.3624	0.4374	0.5680	0.8790
0.3642	0.4359	0.5680	0.8748
0.3671	0.4361	0.5700	0.8711
0.3689	0.4346	0.5700	0.8670
0.3705	0.4331	0.5700	0.8632
0.3731	0.4336	0.5720	0.8602
0.3761	0.4336	0.5740	0.8563
0.3777	0.4322	0.5740	0.8525
0.3808	0.4322	0.5760	0.8485
0.3825	0.4307	0.5760	0.8446
0.3856	0.4306	0.5780	0.8405
0.3872	0.4291	0.5780	0.8367
0.3889	0.4276	0.5780	0.8329
0.3919	0.4275	0.5800	0.8288
0.3949	0.4275	0.5820	0.8250
0.3966	0.4260	0.5820	0.8212
0.3997	0.4258	0.5840	0.8170
0.4013	0.4243	0.5840	0.8133
0.4039	0.4245	0.5860	0.8102
0.4069	0.4245	0.5880	0.8065
0.4087	0.4228	0.5880	0.8024
0.4103	0.4212	0.5880	0.7985
0.4133	0.4211	0.5900	0.7947
0.4164	0.4208	0.5920	0.7907
0.4194	0.4206	0.5940	0.7868
0.4211	0.4189	0.5940	0.7827
0.4242	0.4187	0.5960	0.7789
0.4258	0.4170	0.5960	0.7750
0.4289	0.4167	0.5980	0.7710
0.4316	0.4168	0.6000	0.7679
0.4332	0.4152	0.6000	0.7642
0.4362	0.4149	0.6020	0.7604
0.4394	0.4145	0.6040	0.7563
0.4442	0.4093	0.6040	0.7446
0.4468	0.3914	0.5940	0.7194
0.4439	0.3856	0.5880	0.7153
0.4427	0.3809	0.5840	0.7104
0.4397	0.3752	0.5780	0.7064
0.4382	0.3708	0.5740	0.7023
0.4369	0.3661	0.5700	0.6974
0.4353	0.3617	0.5660	0.6933
0.4337	0.3574	0.5620	0.6891
0.4324	0.3527	0.5580	0.6843
0.4307	0.3484	0.5540	0.6802
0.4305	0.3455	0.5520	0.6764
0.4288	0.3413	0.5480	0.6723
0.4274	0.3366	0.5440	0.6671
0.4255	0.3325	0.5400	0.6633
0.4237	0.3283	0.5360	0.6592
0.4237	0.3250	0.5340	0.6542
0.4219	0.3208	0.5300	0.6502
0.4200	0.3167	0.5260	0.6461
0.4183	0.3122	0.5220	0.6412
0.4180	0.3093	0.5200	0.6371
0.4160	0.3052	0.5160	0.6330
0.4156	0.3024	0.5140	0.6289
0.4139	0.2980	0.5100	0.6240
0.4127	0.2946	0.5070	0.6199
0.4114	0.2911	0.5040	0.6158
0.4104	0.2874	0.5010	0.6109
0.4091	0.2840	0.4980	0.6068
0.4085	0.2813	0.4960	0.6030
0.4072	0.2779	0.4930	0.5989
0.4061	0.2741	0.4900	0.5937
0.4047	0.2709	0.4870	0.5899
0.4041	0.2681	0.4850	0.5858
0.4029	0.2645	0.4820	0.5809
0.4015	0.2612	0.4790	0.5768
0.4009	0.2585	0.4770	0.5728
0.3994	0.2552	0.4740	0.5686
0.3990	0.2522	0.4720	0.5637
0.3975	0.2490	0.4690	0.5596
0.3968	0.2463	0.4670	0.5556
0.3951	0.2432	0.4640	0.5518
0.3947	0.2401	0.4620	0.5466
0.3940	0.2375	0.4600	0.5425
0.3923	0.2344	0.4570	0.5386
0.3918	0.2314	0.4550	0.5334
0.3909	0.2289	0.4530	0.5296
0.3901	0.2263	0.4510	0.5256
0.3893	0.2237	0.4490	0.5215
0.3887	0.2208	0.4470	0.5166
0.3870	0.2177	0.4440	0.5124
0.3861	0.2152	0.4420	0.5084
0.3852	0.2126	0.4400	0.5043
0.3845	0.2098	0.4380	0.4994
0.3845	0.2077	0.4370	0.4953
0.3836	0.2052	0.4350	0.4912
0.3826	0.2028	0.4330	0.4874
0.3819	0.1998	0.4310	0.4821
0.3808	0.1975	0.4290	0.4784
0.3799	0.1950	0.4270	0.4743
0.3798	0.1930	0.4260	0.4702
0.3788	0.1906	0.4240	0.4661
0.3779	0.1878	0.4220	0.4612
0.3769	0.1854	0.4200	0.4571
0.3758	0.1829	0.4180	0.4530
0.3756	0.1811	0.4170	0.4492
0.3748	0.1783	0.4150	0.4440
0.3737	0.1759	0.4130	0.4400
0.3725	0.1736	0.4110	0.4361
0.3723	0.1717	0.4100	0.4320
0.3714	0.1689	0.4080	0.4268
0.3711	0.1671	0.4070	0.4230
0.3700	0.1648	0.4050	0.4190
0.3697	0.1628	0.4040	0.4148
0.3687	0.1602	0.4020	0.4100
0.3684	0.1583	0.4010	0.4058
0.3672	0.1560	0.3990	0.4017
0.3669	0.1542	0.3980	0.3980
0.3666	0.1523	0.3970	0.3938
0.3655	0.1497	0.3950	0.3887
0.3652	0.1479	0.3940	0.3848
0.3639	0.1457	0.3920	0.3807
0.3636	0.1438	0.3910	0.3767
0.3624	0.1413	0.3890	0.3717
0.3621	0.1395	0.3880	0.3677
0.3617	0.1376	0.3870	0.3636
0.3604	0.1354	0.3850	0.3594
0.3601	0.1333	0.3840	0.3545
0.3597	0.1315	0.3830	0.3505
0.3583	0.1295	0.3810	0.3467
0.3579	0.1276	0.3800	0.3426
0.3575	0.1258	0.3790	0.3384
0.3572	0.1238	0.3780	0.3335
0.3558	0.1217	0.3760	0.3295
0.3563	0.1202	0.3760	0.3254
0.3558	0.1184	0.3750	0.3213
0.3544	0.1164	0.3730	0.3172
0.3540	0.1143	0.3720	0.3123
0.3535	0.1126	0.3710	0.3082
0.3530	0.1108	0.3700	0.3041
0.3525	0.1091	0.3690	0.3003
0.3511	0.1067	0.3670	0.2951
0.3506	0.1050	0.3660	0.2911
0.3501	0.1033	0.3650	0.2870
0.3495	0.1017	0.3640	0.2831
0.3480	0.0997	0.3620	0.2790
0.3484	0.0983	0.3620	0.2750
0.3479	0.0963	0.3610	0.2700
0.3473	0.0946	0.3600	0.2660
0.3468	0.0929	0.3590	0.2618
0.3462	0.0912	0.3580	0.2577
0.3456	0.0896	0.3570	0.2537
0.3450	0.0877	0.3560	0.2488
0.3444	0.0860	0.3550	0.2447
0.3438	0.0843	0.3540	0.2405
0.3432	0.0828	0.3530	0.2367
0.3425	0.0812	0.3520	0.2327
0.3420	0.0792	0.3510	0.2275
0.3413	0.0776	0.3500	0.2237
0.3406	0.0760	0.3490	0.2196
0.3399	0.0744	0.3480	0.2155
0.3393	0.0728	0.3470	0.2114
0.3396	0.0714	0.3470	0.2073
0.3389	0.0695	0.3460	0.2024
0.3382	0.0680	0.3450	0.1983
0.3375	0.0664	0.3440	0.1942
0.3368	0.0648	0.3430	0.1901
0.3361	0.0633	0.3420	0.1863
0.3363	0.0620	0.3420	0.1823
0.3357	0.0601	0.3410	0.1771
0.3339	0.0584	0.3390	0.1732
0.3332	0.0569	0.3380	0.1691
0.3334	0.0555	0.3380	0.1650
0.3336	0.0542	0.3380	0.1610
0.3329	0.0526	0.3370	0.1568
0.3321	0.0509	0.3360	0.1520
0.3313	0.0493	0.3350	0.1478
0.3315	0.0480	0.3350	0.1438
0.3307	0.0466	0.3340	0.1400
0.3299	0.0451	0.3330	0.1359
0.3292	0.0433	0.3320	0.1307
0.3284	0.0418	0.3310	0.1266
0.3285	0.0405	0.3310	0.1227
0.3287	0.0392	0.3310	0.1187
0.3278	0.0377	0.3300	0.1146
0.3270	0.0363	0.3290	0.1104
0.3261	0.0348	0.3280	0.1064
0.3263	0.0336	0.3280	0.1026
0.3254	0.0318	0.3270	0.0974
0.3256	0.0305	0.3270	0.0933
0.3247	0.0291	0.3260	0.0895
0.3238	0.0277	0.3250	0.0854
0.3229	0.0263	0.3240	0.0813
0.3230	0.0250	0.3240	0.0772
0.3222	0.0233	0.3230	0.0723
0.3222	0.0220	0.3230	0.0683
0.3213	0.0206	0.3220	0.0641
0.3214	0.0193	0.3220	0.0600
0.3205	0.0180	0.3210	0.0560
0.3196	0.0167	0.3200	0.0522
0.3196	0.0154	0.3200	0.0480
0.3187	0.0137	0.3190	0.0429
0.3188	0.0124	0.3190	0.0390
0.3188	0.0112	0.3190	0.0350
0.3178	0.0098	0.3180	0.0309
0.3169	0.0085	0.3170	0.0267
0.3159	0.0072	0.3160	0.0227
0.3159	0.0060	0.3160	0.0189
0.3170	0.0047	0.3170	0.0148
0.3160	0.0034	0.3160	0.0106
0.3150	0.0018	0.3150	0.0058
0.3150	0.0005	0.3150	0.0017
0.3140	-0.0008	0.3140	-0.0024
0.3140	-0.0020	0.3140	-0.0065
0.3130	-0.0033	0.3130	-0.0105
0.3130	-0.0046	0.3130	-0.0147
0.3129	-0.0058	0.3130	-0.0185
0.3119	-0.0071	0.3120	-0.0226
0.3109	-0.0086	0.3110	-0.0278
0.3108	-0.0098	0.3110	-0.0315
0.3108	-0.0111	0.3110	-0.0357
0.3108	-0.0124	0.3110	-0.0398
0.3097	-0.0136	0.3100	-0.0438
0.3086	-0.0148	0.3090	-0.0479
0.3086	-0.0160	0.3090	-0.0518
0.3085	-0.0173	0.3090	-0.0559
0.3084	-0.0185	0.3090	-0.0599
0.3074	-0.0197	0.3080	-0.0640
0.3073	-0.0210	0.3080	-0.0682
0.3062	-0.0224	0.3070	-0.0731
0.3061	-0.0236	0.3070	-0.0771
0.3060	-0.0249	0.3070	-0.0812
0.3059	-0.0261	0.3070	-0.0850
0.3048	-0.0272	0.3060	-0.0892
0.3047	-0.0285	0.3060	-0.0932
0.3046	-0.0297	0.3060	-0.0973
0.3034	-0.0309	0.3050	-0.1014
0.3033	-0.0321	0.3050	-0.1055
0.3032	-0.0333	0.3050	-0.1093
0.3020	-0.0344	0.3040	-0.1134
0.3019	-0.0356	0.3040	-0.1174
0.3018	-0.0369	0.3040	-0.1216
0.3006	-0.0382	0.3030	-0.1265
0.3004	-0.0395	0.3030	-0.1306
0.3013	-0.0405	0.3040	-0.1336
0.3011	-0.0417	0.3040	-0.1377
0.2999	-0.0431	0.3030	-0.1426
0.2988	-0.0441	0.3020	-0.1467
0.2986	-0.0453	0.3020	-0.1507
0.2984	-0.0466	0.3020	-0.1548
0.2972	-0.0476	0.3010	-0.1590
0.2980	-0.0489	0.3020	-0.1628
0.2978	-0.0501	0.3020	-0.1668
0.2966	-0.0512	0.3010	-0.1709
0.2964	-0.0524	0.3010	-0.1751
0.2962	-0.0536	0.3010	-0.1791
0.2960	-0.0548	0.3010	-0.1829
0.2957	-0.0560	0.3010	-0.1870
0.2945	-0.0570	0.3000	-0.1911
0.2933	-0.0582	0.2990	-0.1961
0.2930	-0.0594	0.2990	-0.2001
0.2938	-0.0605	0.3000	-0.2032
0.2946	-0.0619	0.3010	-0.2072
0.2933	-0.0629	0.3000	-0.2113
0.2920	-0.0641	0.2990	-0.2162
0.2918	-0.0653	0.2990	-0.2203
0.2915	-0.0665	0.2990	-0.2243
0.2912	-0.0677	0.2990	-0.2285
0.2909	-0.0689	0.2990	-0.2326
0.2907	-0.0700	0.2990	-0.2364
0.2894	-0.0710	0.2980	-0.2405
0.2891	-0.0722	0.2980	-0.2446
0.2898	-0.0736	0.2990	-0.2487
0.2895	-0.0748	0.2990	-0.2527
0.2882	-0.0756	0.2980	-0.2566
0.2879	-0.0768	0.2980	-0.2607
0.2876	-0.0780	0.2980	-0.2647
0.2873	-0.0791	0.2980	-0.2688
0.2860	-0.0801	0.2970	-0.2730
0.2857	-0.0812	0.2970	-0.2768
0.2854	-0.0823	0.2970	-0.2808
0.2850	-0.0835	0.2970	-0.2849
0.2847	-0.0847	0.2970	-0.2891
0.2843	-0.0858	0.2970	-0.2931
0.2840	-0.0869	0.2970	-0.2969
0.2836	-0.0881	0.2970	-0.3010
0.2842	-0.0895	0.2980	-0.3051
0.2829	-0.0904	0.2970	-0.3092
0.2825	-0.0915	0.2970	-0.3133
0.2822	-0.0926	0.2970	-0.3172
0.2818	-0.0938	0.2970	-0.3212
0.2814	-0.0949	0.2970	-0.3253
0.2810	-0.0961	0.2970	-0.3294
0.2806	-0.0972	0.2970	-0.3334
0.2803	-0.0983	0.2970	-0.3373
0.2799	-0.0994	0.2970	-0.3414
0.2795	-0.1006	0.2970	-0.3454
0.2790	-0.1017	0.2970	-0.3496
0.2786	-0.1029	0.2970	-0.3537
0.2782	-0.1039	0.2970	-0.3575
0.2778	-0.1051	0.2970	-0.3615
0.2774	-0.1062	0.2970	-0.3657
0.2769	-0.1073	0.2970	-0.3698
0.2765	-0.1085	0.2970	-0.3738
0.2750	-0.1094	0.2960	-0.3787
0.2746	-0.1106	0.2960	-0.3828
0.2752	-0.1118	0.2970	-0.3858
0.2747	-0.1129	0.2970	-0.3899
0.2742	-0.1140	0.2970	-0.3940
0.2738	-0.1151	0.2970	-0.3979
0.2733	-0.1162	0.2970	-0.4019
0.2738	-0.1177	0.2980	-0.4060
0.2733	-0.1188	0.2980	-0.4101
0.2728	-0.1199	0.2980	-0.4142
0.2723	-0.1210	0.2980	-0.4180
0.2718	-0.1221	0.2980	-0.4221
0.2713	-0.1232	0.2980	-0.4262
0.2708	-0.1243	0.2980	-0.4303
0.2703	-0.1254	0.2980	-0.4344
0.2698	-0.1265	0.2980	-0.4382
0.2693	-0.1275	0.2980	-0.4423
0.2688	-0.1286	0.2980	-0.4464
0.2683	-0.1298	0.2980	-0.4505
0.2677	-0.1308	0.2980	-0.4545
0.2672	-0.1319	0.2980	-0.4584
0.2667	-0.1330	0.2980	-0.4625
0.2671	-0.1344	0.2990	-0.4663
0.2666	-0.1354	0.2990	-0.4701
0.2660	-0.1365	0.2990	-0.4739
0.2655	-0.1375	0.2990	-0.4780
0.2650	-0.1386	0.2990	-0.4819
0.2644	-0.1396	0.2990	-0.4856
0.2649	-0.1408	0.3000	-0.4887
0.2643	-0.1419	0.3000	-0.4925
0.2647	-0.1433	0.3010	-0.4962
0.2632	-0.1439	0.3000	-0.5004
0.2635	-0.1454	0.3010	-0.5042
0.2630	-0.1464	0.3010	-0.5080
0.2624	-0.1474	0.3010	-0.5119
0.2619	-0.1484	0.3010	-0.5156
0.2613	-0.1495	0.3010	-0.5197
0.2607	-0.1505	0.3010	-0.5236
0.2610	-0.1520	0.3020	-0.5274
0.2604	-0.1530	0.3020	-0.5311
0.2598	-0.1540	0.3020	-0.5353
0.2592	-0.1550	0.3020	-0.5391
0.2586	-0.1560	0.3020	-0.5429
0.2588	-0.1575	0.3030	-0.5468
0.2582	-0.1586	0.3030	-0.5508
0.2576	-0.1596	0.3030	-0.5546
0.2570	-0.1606	0.3030	-0.5585
0.2573	-0.1619	0.3040	-0.5614
0.2567	-0.1628	0.3040	-0.5653
0.2561	-0.1638	0.3040	-0.5691
0.2563	-0.1653	0.3050	-0.5729
0.2556	-0.1664	0.3050	-0.5770
0.2550	-0.1674	0.3050	-0.5808
0.2543	-0.1683	0.3050	-0.5846
0.2545	-0.1699	0.3060	-0.5885
0.2538	-0.1709	0.3060	-0.5925
0.2540	-0.1724	0.3070	-0.5963
0.2533	-0.1734	0.3070	-0.6002
0.2527	-0.1744	0.3070	-0.6040
0.2520	-0.1754	0.3070	-0.6081
0.2513	-0.1763	0.3070	-0.6119
0.2506	-0.1773	0.3070	-0.6157
0.2509	-0.1787	0.3080	-0.6188
0.2510	-0.1802	0.3090	-0.6225
0.2503	-0.1811	0.3090	-0.6263
0.2496	-0.1821	0.3090	-0.6302
0.2497	-0.1837	0.3100	-0.6343
0.2498	-0.1853	0.3110	-0.6381
0.2491	-0.1862	0.3110	-0.6419
0.2484	-0.1871	0.3110	-0.6457
0.2476	-0.1882	0.3110	-0.6498
0.2469	-0.1891	0.3110	-0.6537
0.2471	-0.1905	0.3120	-0.6566
0.2464	-0.1914	0.3120	-0.6605
0.2464	-0.1930	0.3130	-0.6643
0.2465	-0.1945	0.3140	-0.6680
0.2458	-0.1955	0.3140	-0.6719
0.2449	-0.1965	0.3140	-0.6760
0.2450	-0.1980	0.3150	-0.6798
0.2442	-0.1990	0.3150	-0.6837
0.2435	-0.1999	0.3150	-0.6874
0.2436	-0.2013	0.3160	-0.6905
0.2429	-0.2022	0.3160	-0.6942
0.2428	-0.2038	0.3170	-0.6983
0.2420	-0.2047	0.3170	-0.7022
0.2412	-0.2057	0.3170	-0.7060
0.2412	-0.2072	0.3180	-0.7098
0.2411	-0.2089	0.3190	-0.7139
0.2403	-0.2098	0.3190	-0.7177
0.2395	-0.2107	0.3190	-0.7215
0.2396	-0.2121	0.3200	-0.7245
0.2396	-0.2137	0.3210	-0.7284
0.2387	-0.2146	0.3210	-0.7322
0.2379	-0.2155	0.3210	-0.7360
0.2378	-0.2171	0.3220	-0.7400
0.2369	-0.2180	0.3220	-0.7439
0.2368	-0.2196	0.3230	-0.7477
0.2369	-0.2210	0.3240	-0.7507
0.2361	-0.2219	0.3240	-0.7545
0.2359	-0.2235	0.3250	-0.7584
0.2351	-0.2244	0.3250	-0.7622
0.2349	-0.2261	0.3260	-0.7662
0.2347	-0.2276	0.3270	-0.7701
0.2339	-0.2285	0.3270	-0.7739
0.2330	-0.2294	0.3270	-0.7777
0.2330	-0.2308	0.3280	-0.7807
0.2328	-0.2324	0.3290	-0.7845
0.2319	-0.2334	0.3290	-0.7887
0.2317	-0.2350	0.3300	-0.7924
0.2315	-0.2366	0.3310	-0.7962
0.2313	-0.2382	0.3320	-0.8001
0.2303	-0.2391	0.3320	-0.8042
0.2294	-0.2400	0.3320	-0.8080
0.2294	-0.2414	0.3330	-0.8107
0.2291	-0.2430	0.3340	-0.8148
0.2282	-0.2439	0.3340	-0.8187
0.2280	-0.2455	0.3350	-0.8224
0.2276	-0.2472	0.3360	-0.8265
0.2266	-0.2481	0.3360	-0.8307
0.2255	-0.2491	0.3360	-0.8350
0.2234	-0.2523	0.3370	-0.8462
0.2036	-0.2559	0.3270	-0.8988
0.2013	-0.2552	0.3250	-0.9028
0.1987	-0.2546	0.3230	-0.9081
0.1965	-0.2539	0.3210	-0.9121
0.1939	-0.2533	0.3190	-0.9173
0.1917	-0.2525	0.3170	-0.9214
0.1900	-0.2525	0.3160	-0.9256
0.1869	-0.2510	0.3130	-0.9307
0.1845	-0.2503	0.3110	-0.9356
0.1828	-0.2503	0.3100	-0.9399
0.1806	-0.2495	0.3080	-0.9441
0.1788	-0.2496	0.3070	-0.9492
0.1766	-0.2487	0.3050	-0.9534
0.1750	-0.2486	0.3040	-0.9574
0.1726	-0.2478	0.3020	-0.9626
0.1704	-0.2469	0.3000	-0.9667
0.1681	-0.2461	0.2980	-0.9716
0.1664	-0.2460	0.2970	-0.9760
0.1641	-0.2451	0.2950	-0.9809
0.1620	-0.2441	0.2930	-0.9850
0.1602	-0.2441	0.2920	-0.9902
0.1586	-0.2440	0.2910	-0.9942
0.1563	-0.2431	0.2890	-0.9994
0.1542	-0.2420	0.2870	-1.0035
0.1527	-0.2418	0.2860	-1.0076
0.1509	-0.2418	0.2850	-1.0128
0.1489	-0.2407	0.2830	-1.0168
0.1471	-0.2406	0.2820	-1.0220
0.1456	-0.2403	0.2810	-1.0261
0.1433	-0.2394	0.2790	-1.0313
0.1418	-0.2391	0.2780	-1.0354
0.1403	-0.2388	0.2770	-1.0396
0.1386	-0.2387	0.2760	-1.0447
0.1366	-0.2375	0.2740	-1.0488
0.1349	-0.2373	0.2730	-1.0539
0.1334	-0.2370	0.2720	-1.0581
0.1320	-0.2367	0.2710	-1.0622
0.1298	-0.2356	0.2690	-1.0674
0.1283	-0.2353	0.2680	-1.0714
0.1267	-0.2350	0.2670	-1.0766
0.1252	-0.2347	0.2660	-1.0807
0.1238	-0.2343	0.2650	-1.0848
0.1216	-0.2332	0.2630	-1.0900
0.1202	-0.2328	0.2620	-1.0940
0.1186	-0.2325	0.2610	-1.0992
0.1172	-0.2321	0.2600	-1.1033
0.1158	-0.2317	0.2590	-1.1074
0.1141	-0.2314	0.2580	-1.1126
0.1127	-0.2310	0.2570	-1.1167
0.1111	-0.2306	0.2560	-1.1219
0.1097	-0.2302	0.2550	-1.1259
0.1084	-0.2297	0.2540	-1.1301
0.1067	-0.2294	0.2530	-1.1352
0.1054	-0.2289	0.2520	-1.1394
0.1034	-0.2276	0.2500	-1.1443
0.1020	-0.2271	0.2490	-1.1486
0.1005	-0.2267	0.2480	-1.1536
0.0996	-0.2271	0.2480	-1.1576
0.0982	-0.2266	0.2470	-1.1620
0.0969	-0.2261	0.2460	-1.1660
0.0949	-0.2248	0.2440	-1.1712
0.0940	-0.2252	0.2440	-1.1753
0.0931	-0.2256	0.2440	-1.1794
0.0915	-0.2251	0.2430	-1.1846
0.0902	-0.2245	0.2420	-1.1886
0.0888	-0.2241	0.2410	-1.1936
0.0878	-0.2244	0.2410	-1.1979
0.0865	-0.2239	0.2400	-1.2021
0.0852	-0.2233	0.2390	-1.2061
0.0834	-0.2219	0.2370	-1.2114
0.0819	-0.2213	0.2360	-1.2163
0.0810	-0.2217	0.2360	-1.2206
0.0801	-0.2220	0.2360	-1.2247
0.0783	-0.2205	0.2340	-1.2296
0.0770	-0.2199	0.2330	-1.2340
0.0761	-0.2202	0.2330	-1.2380
0.0749	-0.2196	0.2320	-1.2421
0.0734	-0.2190	0.2310	-1.2473
0.0722	-0.2184	0.2300	-1.2514
0.0708	-0.2178	0.2290	-1.2563
0.0696	-0.2171	0.2280	-1.2605
0.0688	-0.2174	0.2280	-1.2645
0.0673	-0.2168	0.2270	-1.2697
0.0664	-0.2171	0.2270	-1.2738
0.0655	-0.2173	0.2270	-1.2779
0.0647	-0.2176	0.2270	-1.2819
0.0638	-0.2179	0.2270	-1.2861
0.0621	-0.2162	0.2250	-1.2909
0.0610	-0.2155	0.2240	-1.2951
0.0596	-0.2149	0.2230	-1.3002
0.0585	-0.2142	0.2220	-1.3043
0.0576	-0.2144	0.2220	-1.3084
0.0567	-0.2146	0.2220	-1.3125
0.0554	-0.2139	0.2210	-1.3174
0.0543	-0.2132	0.2200	-1.3215
0.0529	-0.2125	0.2190	-1.3267
0.0518	-0.2117	0.2180	-1.3307
0.0505	-0.2110	0.2170	-1.3357
0.0497	-0.2112	0.2170	-1.3397
0.0488	-0.2114	0.2170	-1.3439
0.0480	-0.2116	0.2170	-1.3480
0.0471	-0.2118	0.2170	-1.3520
0.0460	-0.2110	0.2160	-1.3561
0.0451	-0.2112	0.2160	-1.3603
0.0438	-0.2105	0.2150	-1.3654
0.0429	-0.2097	0.2140	-1.3692
0.0416	-0.2089	0.2130	-1.3744
0.0407	-0.2091	0.2130	-1.3785
0.0399	-0.2092	0.2130	-1.3826
0.0388	-0.2084	0.2120	-1.3867
0.0380	-0.2086	0.2120	-1.3907
0.0371	-0.2087	0.2120	-1.3949
0.0359	-0.2079	0.2110	-1.3998
0.0351	-0.2081	0.2110	-1.4039
0.0342	-0.2082	0.2110	-1.4079
0.0334	-0.2083	0.2110	-1.4120
0.0321	-0.2075	0.2100	-1.4172
0.0313	-0.2077	0.2100	-1.4213
0.0303	-0.2068	0.2090	-1.4254
0.0294	-0.2069	0.2090	-1.4295
0.0283	-0.2061	0.2080	-1.4344
0.0274	-0.2062	0.2080	-1.4385
0.0266	-0.2063	0.2080	-1.4426
0.0256	-0.2054	0.2070	-1.4466
0.0248	-0.2055	0.2070	-1.4508
0.0239	-0.2056	0.2070	-1.4549
0.0228	-0.2047	0.2060	-1.4601
0.0218	-0.2038	0.2050	-1.4641
0.0210	-0.2039	0.2050	-1.4682
0.0202	-0.2040	0.2050	-1.4720
0.0194	-0.2041	0.2050	-1.4761
0.0185	-0.2042	0.2050	-1.4802
0.0174	-0.2033	0.2040	-1.4854
0.0166	-0.2033	0.2040	-1.4895
0.0155	-0.2024	0.2030	-1.4944
0.0147	-0.2025	0.2030	-1.4985
0.0138	-0.2025	0.2030	-1.5025
0.0130	-0.2026	0.2030	-1.5067
0.0121	-0.2016	0.2020	-1.5108
0.0113	-0.2017	0.2020	-1.5148
0.0102	-0.2007	0.2010	-1.5200
0.0094	-0.2008	0.2010	-1.5241
0.0086	-0.2008	0.2010	-1.5282
0.0077	-0.2009	0.2010	-1.5323
0.0069	-0.2009	0.2010	-1.5364
0.0061	-0.1999	0.2000	-1.5405
0.0053	-0.1999	0.2000	-1.5445
0.0044	-0.2000	0.2000	-1.5486
0.0037	-0.2000	0.2000	-1.5525
0.0026	-0.1990	0.1990	-1.5577
0.0018	-0.1990	0.1990	-1.5618
0.0008	-0.1980	0.1980	-1.5670
-0.0000	-0.1980	0.1980	-1.5710
-0.0008	-0.1980	0.1980	-1.5748
-0.0016	-0.1980	0.1980	-1.5789
-0.0024	-0.1980	0.1980	-1.5831
-0.0032	-0.1980	0.1980	-1.5871
-0.0040	-0.1970	0.1970	-1.5912
-0.0048	-0.1969	0.1970	-1.5953
-0.0056	-0.1969	0.1970	-1.5994
-0.0064	-0.1969	0.1970	-1.6035
-0.0073	-0.1969	0.1970	-1.6076
-0.0082	-0.1958	0.1960	-1.6128
-0.0090	-0.1958	0.1960	-1.6168
-0.0098	-0.1958	0.1960	-1.6209
-0.0106	-0.1957	0.1960	-1.6251
-0.0114	-0.1957	0.1960	-1.6291
-0.0123	-0.1946	0.1950	-1.6340
-0.0131	-0.1946	0.1950	-1.6381
-0.0139	-0.1945	0.1950	-1.6422
-0.0147	-0.1944	0.1950	-1.6462
-0.0155	-0.1944	0.1950	-1.6504
-0.0162	-0.1933	0.1940	-1.6545
-0.0170	-0.1933	0.1940	-1.6585
-0.0178	-0.1932	0.1940	-1.6626
-0.0186	-0.1921	0.1930	-1.6675
-0.0194	-0.1920	0.1930	-1.6714
-0.0201	-0.1919	0.1930	-1.6752
-0.0209	-0.1919	0.1930	-1.6793
-0.0216	-0.1918	0.1930	-1.6831
-0.0224	-0.1917	0.1930	-1.6869
-0.0231	-0.1916	0.1930	-1.6907
-0.0239	-0.1915	0.1930	-1.6949
-0.0246	-0.1914	0.1930	-1.6987
-0.0254	-0.1903	0.1920	-1.7036
-0.0261	-0.1902	0.1920	-1.7074
-0.0269	-0.1901	0.1920	-1.7112
-0.0276	-0.1900	0.1920	-1.7153
-0.0284	-0.1899	0.1920	-1.7191
-0.0291	-0.1898	0.1920	-1.7229
-0.0299	-0.1897	0.1920	-1.7270
-0.0306	-0.1895	0.1920	-1.7308
-0.0313	-0.1894	0.1920	-1.7346
-0.0320	-0.1893	0.1920	-1.7385
-0.0328	-0.1892	0.1920	-1.7426
-0.0334	-0.1881	0.1910	-1.7463
-0.0341	-0.1879	0.1910	-1.7502
-0.0349	-0.1878	0.1910	-1.7543
-0.0356	-0.1877	0.1910	-1.7581
-0.0363	-0.1875	0.1910	-1.7619
-0.0370	-0.1864	0.1900	-1.7669
-0.0378	-0.1872	0.1910	-1.7698
-0.0385	-0.1871	0.1910	-1.7737
-0.0392	-0.1859	0.1900	-1.7786
-0.0399	-0.1858	0.1900	-1.7824
-0.0406	-0.1856	0.1900	-1.7862
-0.0414	-0.1854	0.1900	-1.7903
-0.0421	-0.1853	0.1900	-1.7941
-0.0428	-0.1851	0.1900	-1.7979
-0.0435	-0.1850	0.1900	-1.8018
-0.0442	-0.1848	0.1900	-1.8058
-0.0449	-0.1846	0.1900	-1.8096
-0.0457	-0.1844	0.1900	-1.8135
-0.0464	-0.1842	0.1900	-1.8176
-0.0471	-0.1841	0.1900	-1.8214
-0.0478	-0.1839	0.1900	-1.8251
-0.0485	-0.1837	0.1900	-1.8290
-0.0493	-0.1835	0.1900	-1.8331
-0.0500	-0.1833	0.1900	-1.8369
-0.0507	-0.1831	0.1900	-1.8408
-0.0514	-0.1829	0.1900	-1.8448
-0.0521	-0.1827	0.1900	-1.8486
-0.0528	-0.1825	0.1900	-1.8525
-0.0535	-0.1823	0.1900	-1.8563
-0.0542	-0.1821	0.1900	-1.8603
-0.0549	-0.1819	0.1900	-1.8642
-0.0556	-0.1817	0.1900	-1.8680
-0.0564	-0.1814	0.1900	-1.8721
-0.0571	-0.1812	0.1900	-1.8759
-0.0577	-0.1800	0.1890	-1.8809
-0.0583	-0.1798	0.1890	-1.8846
-0.0592	-0.1805	0.1900	-1.8877
-0.0599	-0.1803	0.1900	-1.8915
-0.0606	-0.1801	0.1900	-1.8952
-0.0613	-0.1798	0.1900	-1.8994
-0.0620	-0.1796	0.1900	-1.9032
-0.0627	-0.1794	0.1900	-1.9070
-0.0634	-0.1791	0.1900	-1.9109
-0.0641	-0.1789	0.1900	-1.9149
-0.0648	-0.1786	0.1900	-1.9187
-0.0655	-0.1784	0.1900	-1.9226
-0.0661	-0.1781	0.1900	-1.9264
-0.0669	-0.1778	0.1900	-1.9304
-0.0675	-0.1776	0.1900	-1.9343
-0.0682	-0.1773	0.1900	-1.9381
-0.0690	-0.1770	0.1900	-1.9422
-0.0696	-0.1768	0.1900	-1.9460
-0.0703	-0.1765	0.1900	-1.9498
-0.0712	-0.1772	0.1910	-1.9529
-0.0719	-0.1770	0.1910	-1.9566
-0.0726	-0.1767	0.1910	-1.9604
-0.0733	-0.1764	0.1910	-1.9646
-0.0740	-0.1761	0.1910	-1.9684
-0.0746	-0.1758	0.1910	-1.9722
-0.0753	-0.1755	0.1910	-1.9762
-0.0760	-0.1752	0.1910	-1.9801
-0.0767	-0.1749	0.1910	-1.9839
-0.0774	-0.1746	0.1910	-1.9878
-0.0781	-0.1743	0.1910	-1.9918
-0.0787	-0.1740	0.1910	-1.9956
-0.0794	-0.1737	0.1910	-1.9994
-0.0801	-0.1734	0.1910	-2.0036
-0.0812	-0.1740	0.1920	-2.0073
-0.0818	-0.1737	0.1920	-2.0111
-0.0825	-0.1734	0.1920	-2.0150
-0.0832	-0.1730	0.1920	-2.0191
-0.0839	-0.1727	0.1920	-2.0229
-0.0848	-0.1734	0.1930	-2.0259
-0.0855	-0.1730	0.1930	-2.0297
-0.0862	-0.1727	0.1930	-2.0336
-0.0868	-0.1724	0.1930	-2.0373
-0.0875	-0.1720	0.1930	-2.0414
-0.0882	-0.1717	0.1930	-2.0456
-0.0889	-0.1713	0.1930	-2.0496
-0.0896	-0.1709	0.1930	-2.0537
-0.0903	-0.1706	0.1930	-2.0578
-0.0910	-0.1702	0.1930	-2.0619
-0.0920	-0.1708	0.1940	-2.0649
-0.0927	-0.1704	0.1940	-2.0690
-0.0934	-0.1700	0.1940	-2.0731
-0.0941	-0.1697	0.1940	-2.0772
-0.0948	-0.1693	0.1940	-2.0812
-0.0960	-0.1697	0.1950	-2.0854
-0.0967	-0.1694	0.1950	-2.0895
-0.0973	-0.1690	0.1950	-2.0935
-0.0980	-0.1686	0.1950	-2.0976
-0.0987	-0.1682	0.1950	-2.1017
-0.0994	-0.1678	0.1950	-2.1058
-0.1004	-0.1683	0.1960	-2.1088
-0.1011	-0.1679	0.1960	-2.1129
-0.1018	-0.1675	0.1960	-2.1170
-0.1025	-0.1671	0.1960	-2.1211
-0.1032	-0.1666	0.1960	-2.1251
-0.1039	-0.1662	0.1960	-2.1293
-0.1049	-0.1668	0.1970	-2.1322
-0.1056	-0.1663	0.1970	-2.1364
-0.1063	-0.1659	0.1970	-2.1405
-0.1069	-0.1655	0.1970	-2.1445
-0.1081	-0.1659	0.1980	-2.1486
-0.1088	-0.1654	0.1980	-2.1528
-0.1095	-0.1650	0.1980	-2.1568
-0.1102	-0.1645	0.1980	-2.1609
-0.1109	-0.1641	0.1980	-2.1650
-0.1119	-0.1646	0.1990	-2.1680
-0.1126	-0.1641	0.1990	-2.1721
-0.1132	-0.1636	0.1990	-2.1761
-0.1139	-0.1632	0.1990	-2.1803
-0.1150	-0.1636	0.2000	-2.1832
-0.1156	-0.1632	0.2000	-2.1874
-0.1163	-0.1627	0.2000	-2.1914
-0.1170	-0.1622	0.2000	-2.1955
-0.1176	-0.1617	0.2000	-2.1996
-0.1189	-0.1621	0.2010	-2.2037
-0.1195	-0.1616	0.2010	-2.2078
-0.1202	-0.1611	0.2010	-2.2119
-0.1209	-0.1606	0.2010	-2.2159
-0.1220	-0.1610	0.2020	-2.2190
-0.1226	-0.1605	0.2020	-2.2230
-0.1233	-0.1600	0.2020	-2.2271
-0.1245	-0.1603	0.2030	-2.2313
-0.1252	-0.1598	0.2030	-2.2353
-0.1258	-0.1593	0.2030	-2.2394
-0.1269	-0.1597	0.2040	-2.2424
-0.1276	-0.1592	0.2040	-2.2465
-0.1282	-0.1586	0.2040	-2.2506
-0.1289	-0.1581	0.2040	-2.2547
-0.1301	-0.1585	0.2050	-2.2580
-0.1307	-0.1579	0.2050	-2.2620
-0.1320	-0.1582	0.2060	-2.2662
-0.1326	-0.1576	0.2060	-2.2703
-0.1332	-0.1571	0.2060	-2.2740
-0.1344	-0.1575	0.2070	-2.2773
-0.1350	-0.1569	0.2070	-2.2814
-0.1357	-0.1563	0.2070	-2.2855
-0.1370	-0.1565	0.2080	-2.2896
-0.1376	-0.1560	0.2080	-2.2937
-0.1382	-0.1554	0.2080	-2.2978
-0.1394	-0.1557	0.2090	-2.3008
-0.1400	-0.1552	0.2090	-2.3049
-0.1406	-0.1546	0.2090	-2.3089
-0.1419	-0.1548	0.2100	-2.3131
-0.1426	-0.1542	0.2100	-2.3172
-0.1437	-0.1545	0.2110	-2.3201
-0.1444	-0.1539	0.2110	-2.3243
-0.1450	-0.1533	0.2110	-2.3283
-0.1456	-0.1527	0.2110	-2.3324
-0.1462	-0.1521	0.2110	-2.3365
-0.1474	-0.1524	0.2120	-2.3395
-0.1487	-0.1525	0.2130	-2.3436
-0.1493	-0.1519	0.2130	-2.3477
-0.1505	-0.1521	0.2140	-2.3507
-0.1511	-0.1515	0.2140	-2.3548
-0.1517	-0.1509	0.2140	-2.3589
-0.1536	-0.1518	0.2160	-2.3621
-0.1543	-0.1512	0.2160	-2.3663
-0.1548	-0.1506	0.2160	-2.3701
-0.1554	-0.1500	0.2160	-2.3741
-0.1561	-0.1493	0.2160	-2.3782
-0.1567	-0.1487	0.2160	-2.3824
-0.1580	-0.1487	0.2170	-2.3864
-0.1592	-0.1489	0.2180	-2.3897
-0.1606	-0.1489	0.2190	-2.3938
-0.1612	-0.1483	0.2190	-2.3979
-0.1617	-0.1476	0.2190	-2.4017
-0.1630	-0.1478	0.2200	-2.4050
-0.1636	-0.1471	0.2200	-2.4090
-0.1649	-0.1471	0.2210	-2.4131
-0.1655	-0.1464	0.2210	-2.4173
-0.1661	-0.1458	0.2210	-2.4213
-0.1673	-0.1459	0.2220	-2.4244
-0.1679	-0.1452	0.2220	-2.4284
-0.1692	-0.1452	0.2230	-2.4325
-0.1704	-0.1453	0.2240	-2.4355
-0.1710	-0.1446	0.2240	-2.4396
-0.1716	-0.1439	0.2240	-2.4437
-0.1722	-0.1432	0.2240	-2.4478
-0.1754	-0.1425	0.2260	-2.4593
-0.1774	-0.1433	0.2280	-2.4622
-0.1780	-0.1425	0.2280	-2.4664
-0.1785	-0.1418	0.2280	-2.4704
-0.1791	-0.1411	0.2280	-2.4745
-0.1805	-0.1409	0.2290	-2.4786
-0.1817	-0.1410	0.2300	-2.4816
-0.1823	-0.1403	0.2300	-2.4857
-0.1836	-0.1401	0.2310	-2.4897
-0.1842	-0.1394	0.2310	-2.4939
-0.1855	-0.1394	0.2320	-2.4971
-0.1868	-0.1392	0.2330	-2.5013
-0.1882	-0.1391	0.2340	-2.5053
-0.1894	-0.1391	0.2350	-2.5083
-0.1900	-0.1383	0.2350	-2.5124
-0.1914	-0.1381	0.2360	-2.5165
-0.1919	-0.1373	0.2360	-2.5206
-0.1932	-0.1373	0.2370	-2.5236
-0.1937	-0.1365	0.2370	-2.5277
-0.1958	-0.1370	0.2390	-2.5310
-0.1972	-0.1368	0.2400	-2.5350
-0.1977	-0.1360	0.2400	-2.5391
-0.1991	-0.1358	0.2410	-2.5432
-0.1997	-0.1349	0.2410	-2.5473
-0.2009	-0.1349	0.2420	-2.5503
-0.2015	-0.1341	0.2420	-2.5544
-0.2028	-0.1338	0.2430	-2.5585
-0.2041	-0.1337	0.2440	-2.5615
-0.2055	-0.1334	0.2450	-2.5656
-0.2067	-0.1333	0.2460	-2.5688
-0.2073	-0.1325	0.2460	-2.5730
-0.2087	-0.1321	0.2470	-2.5771
-0.2092	-0.1313	0.2470	-2.5811
-0.2106	-0.1310	0.2480	-2.5852
-0.2118	-0.1309	0.2490	-2.5882
-0.2132	-0.1305	0.2500	-2.5923
-0.2145	-0.1304	0.2510	-2.5953
-0.2150	-0.1295	0.2510	-2.5994
-0.2164	-0.1292	0.2520	-2.6035
-0.2178	-0.1288	0.2530	-2.6076
-0.2191	-0.1286	0.2540	-2.6108
-0.2204	-0.1282	0.2550	-2.6150
-0.2218	-0.1278	0.2560	-2.6191
-0.2224	-0.1269	0.2560	-2.6231
-0.2236	-0.1267	0.2570	-2.6262
-0.2250	-0.1263	0.2580	-2.6302
-0.2255	-0.1253	0.2580	-2.6343
-0.2276	-0.1256	0.2600	-2.6373
-0.2290	-0.1252	0.2610	-2.6414
-0.2303	-0.1249	0.2620	-2.6447
-0.2308	-0.1239	0.2620	-2.6488
-0.2322	-0.1235	0.2630	-2.6528
-0.2336	-0.1230	0.2640	-2.6570
-0.2348	-0.1228	0.2650	-2.6599
-0.2362	-0.1223	0.2660	-2.6640
-0.2376	-0.1217	0.2670	-2.6682
-0.2389	-0.1215	0.2680	-2.6711
-0.2412	-0.1214	0.2700	-2.6753
-0.2417	-0.1204	0.2700	-2.6793
-0.2429	-0.1201	0.2710	-2.6825
-0.2443	-0.1195	0.2720	-2.6867
-0.2448	-0.1185	0.2720	-2.6908
-0.2470	-0.1186	0.2740	-2.6938
-0.2484	-0.1181	0.2750	-2.6979
-0.2497	-0.1175	0.2760	-2.7019
-0.2510	-0.1171	0.2770	-2.7050
-0.2524	-0.1165	0.2780	-2.7090
-0.2538	-0.1159	0.2790	-2.7131
-0.2551	-0.1155	0.2800	-2.7164
-0.2565	-0.1149	0.2810	-2.7205
-0.2578	-0.1142	0.2820	-2.7245
-0.2591	-0.1138	0.2830	-2.7276
-0.2614	-0.1136	0.2850	-2.7316
-0.2627	-0.1132	0.2860	-2.7347
-0.2640	-0.1125	0.2870	-2.7387
-0.2654	-0.1118	0.2880	-2.7429
-0.2668	-0.1111	0.2890	-2.7470
-0.2681	-0.1106	0.2900	-2.7502
-0.2694	-0.1099	0.2910	-2.7543
-0.2716	-0.1098	0.2930	-2.7573
-0.2730	-0.1091	0.2940	-2.7614
-0.2744	-0.1084	0.2950	-2.7655
-0.2758	-0.1076	0.2960	-2.7696
-0.2770	-0.1071	0.2970	-2.7726
-0.2793	-0.1067	0.2990	-2.7767
-0.2806	-0.1062	0.3000	-2.7797
-0.2829	-0.1058	0.3020	-2.7838
-0.2842	-0.1051	0.3030	-2.7875
-0.2855	-0.1045	0.3040	-2.7906
-0.2868	-0.1038	0.3050	-2.7944
-0.2891	-0.1033	0.3070	-2.7985
-0.2913	-0.1031	0.3090	-2.8014
-0.2926	-0.1023	0.3100	-2.8053
-0.2940	-0.1015	0.3110	-2.8091
-0.2952	-0.1010	0.3120	-2.8121
-0.2975	-0.1004	0.3140	-2.8162
-0.2997	-0.1002	0.3160	-2.8190
-0.3010	-0.0993	0.3170	-2.8230
-0.3033	-0.0988	0.3190	-2.8268
-0.3046	-0.0982	0.3200	-2.8298
-0.3059	-0.0973	0.3210	-2.8336
-0.3073	-0.0963	0.3220	-2.8378
-0.3104	-0.0963	0.3250	-2.8407
-0.3127	-0.0957	0.3270	-2.8446
-0.3149	-0.0954	0.3290	-2.8475
-0.3162	-0.0944	0.3300	-2.8514
-0.3175	-0.0934	0.3310	-2.8555
-0.3197	-0.0931	0.3330	-2.8582
-0.3220	-0.0923	0.3350	-2.8623
-0.3233	-0.0914	0.3360	-2.8661
-0.3255	-0.0910	0.3380	-2.8691
-0.3278	-0.0902	0.3400	-2.8730
-0.3300	-0.0898	0.3420	-2.8759
-0.3323	-0.0889	0.3440	-2.8800
-0.3346	-0.0882	0.3460	-2.8839
-0.3358	-0.0874	0.3470	-2.8869
-0.3381	-0.0866	0.3490	-2.8907
-0.3412	-0.0864	0.3520	-2.8937
-0.3435	-0.0855	0.3540	-2.8978
-0.3458	-0.0846	0.3560	-2.9015
-0.3480	-0.0841	0.3580	-2.9046
-0.3503	-0.0832	0.3600	-2.9084
-0.3525	-0.0826	0.3620	-2.9114
-0.3547	-0.0817	0.3640	-2.9152
-0.3580	-0.0809	0.3670	-2.9193
-0.3602	-0.0803	0.3690	-2.9223
-0.3624	-0.0793	0.3710	-2.9261
-0.3646	-0.0787	0.3730	-2.9291
-0.3669	-0.0777	0.3750	-2.9330
-0.3701	-0.0768	0.3780	-2.9370
-0.3723	-0.0761	0.3800	-2.9400
-0.3746	-0.0751	0.3820	-2.9438
-0.3777	-0.0745	0.3850	-2.9469
-0.3800	-0.0735	0.3870	-2.9506
-0.3832	-0.0725	0.3900	-2.9547
-0.3864	-0.0719	0.3930	-2.9575
-0.3896	-0.0709	0.3960	-2.9615
-0.3928	-0.0703	0.3990	-2.9645
-0.3950	-0.0691	0.4010	-2.9683
-0.3982	-0.0684	0.4040	-2.9714
-0.4014	-0.0674	0.4070	-2.9752
-0.4045	-0.0667	0.4100	-2.9782
-0.4068	-0.0654	0.4120	-2.9821
-0.4100	-0.0643	0.4150	-2.9861
-0.4141	-0.0637	0.4190	-2.9891
-0.4173	-0.0625	0.4220	-2.9929
-0.4205	-0.0617	0.4250	-2.9960
-0.4237	-0.0605	0.4280	-2.9997
-0.4269	-0.0592	0.4310	-3.0038
-0.4301	-0.0583	0.4340	-3.0068
-0.4342	-0.0572	0.4380	-3.0106
-0.4374	-0.0563	0.4410	-3.0136
-0.4416	-0.0551	0.4450	-3.0174
-0.4447	-0.0541	0.4480	-3.0205
-0.4489	-0.0529	0.4520	-3.0242
-0.4521	-0.0514	0.4550	-3.0284
-0.4562	-0.0505	0.4590	-3.0313
-0.4604	-0.0492	0.4630	-3.0352
-0.4645	-0.0482	0.4670	-3.0381
-0.4687	-0.0468	0.4710	-3.0420
-0.4728	-0.0458	0.4750	-3.0450
-0.4769	-0.0444	0.4790	-3.0488
-0.4811	-0.0433	0.4830	-3.0519
-0.4862	-0.0419	0.4880	-3.0557
-0.4903	-0.0409	0.4920	-3.0584
-0.4954	-0.0394	0.4970	-3.0622
-0.4996	-0.0378	0.5010	-3.0660
-0.5047	-0.0367	0.5060	-3.0690
-0.5088	-0.0350	0.5100	-3.0729
-0.5149	-0.0341	0.5160	-3.0755
-0.5190	-0.0323	0.5200	-3.0794
-0.5251	-0.0311	0.5260	-3.0823
-0.5312	-0.0295	0.5320	-3.0862
-0.5373	-0.0283	0.5380	-3.0890
-0.5414	-0.0265	0.5420	-3.0927
-0.5474	-0.0251	0.5480	-3.0958
-0.5535	-0.0233	0.5540	-3.0995
-0.5596	-0.0220	0.5600	-3.1023
-0.5656	-0.0201	0.5660	-3.1061
-0.5717	-0.0186	0.5720	-3.1091
-0.5778	-0.0166	0.5780	-3.1129
-0.5838	-0.0145	0.5840	-3.1168
-0.5899	-0.0129	0.5900	-3.1197
-0.5979	-0.0108	0.5980	-3.1236
-0.6039	-0.0093	0.6040	-3.1263
-0.6120	-0.0070	0.6120	-3.1301
-0.6200	-0.0053	0.6200	-3.1331
-0.6260	-0.0029	0.6260	-3.1369
-0.6340	-0.0012	0.6340	-3.1397
-0.4550	-0.0424	0.4570	-3.0486
-0.4275	-0.0364	0.4290	-3.0567
-0.4315	-0.0354	0.4330	-3.0597
-0.4347	-0.0339	0.4360	-3.0638
-0.4388	-0.0329	0.4400	-3.0668
-0.4429	-0.0315	0.4440	-3.0706
-0.4470	-0.0304	0.4480	-3.0736
-0.4511	-0.0288	0.4520	-3.0777
-0.4542	-0.0272	0.4550	-3.0819
-0.4593	-0.0261	0.4600	-3.0848
-0.4633	-0.0249	0.4640	-3.0878
-0.4674	-0.0234	0.4680	-3.0916
-0.4715	-0.0216	0.4720	-3.0958
-0.4766	-0.0204	0.4770	-3.0987
-0.4816	-0.0188	0.4820	-3.1026
-0.4857	-0.0175	0.4860	-3.1055
-0.4898	-0.0156	0.4900	-3.1097
-0.4948	-0.0143	0.4950	-3.1126
-0.5008	-0.0126	0.5010	-3.1165
-0.5059	-0.0112	0.5060	-3.1194
-0.5099	-0.0092	0.5100	-3.1236
-0.5159	-0.0078	0.5160	-3.1265
-0.5200	-0.0057	0.5200	-3.1307
-0.5240	-0.0043	0.5240	-3.1333
-0.5300	-0.0022	0.5300	-3.1375
-0.5360	-0.0006	0.5360	-3.1404
