x	y	r	phi
-0.9959	0.0133	0.9960	3.1283
-0.9938	0.0173	0.9940	3.1241
-0.9898	0.0210	0.9900	3.1204
-0.9877	0.0247	0.9880	3.1166
-0.9853	0.0365	0.9860	3.1046
-0.3507	0.0298	0.3520	3.0568
-0.3526	0.0314	0.3540	3.0527
-0.3515	0.0327	0.3530	3.0489
-0.3504	0.0340	0.3520	3.0449
-0.3492	0.0356	0.3510	3.0400
-0.3481	0.0368	0.3500	3.0361
-0.3469	0.0381	0.3490	3.0323
-0.3458	0.0394	0.3480	3.0282
-0.3456	0.0407	0.3480	3.0243
-0.3454	0.0421	0.3480	3.0203
-0.3443	0.0433	0.3470	3.0165
-0.3421	0.0447	0.3450	3.0116
-0.3419	0.0461	0.3450	3.0075
-0.3407	0.0474	0.3440	3.0033
-0.3405	0.0488	0.3440	2.9993
-0.3393	0.0500	0.3430	2.9952
-0.3381	0.0513	0.3420	2.9911
-0.3369	0.0528	0.3410	2.9862
-0.3357	0.0540	0.3400	2.9821
-0.3345	0.0552	0.3390	2.9780
-0.3333	0.0564	0.3380	2.9739
-0.3330	0.0578	0.3380	2.9698
-0.3328	0.0591	0.3380	2.9658
-0.3325	0.0605	0.3380	2.9616
-0.3313	0.0617	0.3370	2.9575
-0.3300	0.0632	0.3360	2.9523
-0.3288	0.0643	0.3350	2.9483
-0.3285	0.0657	0.3350	2.9442
-0.3272	0.0669	0.3340	2.9401
-0.3260	0.0680	0.3330	2.9360
-0.3257	0.0693	0.3330	2.9319
-0.3254	0.0706	0.3330	2.9281
-0.3241	0.0720	0.3320	2.9229
-0.3228	0.0731	0.3310	2.9189
-0.3215	0.0742	0.3300	2.9148
-0.3212	0.0755	0.3300	2.9106
-0.3209	0.0768	0.3300	2.9066
-0.3196	0.0779	0.3290	2.9025
-0.3183	0.0790	0.3280	2.8984
-0.3180	0.0803	0.3280	2.8943
-0.3167	0.0816	0.3270	2.8893
-0.3163	0.0829	0.3270	2.8853
-0.3160	0.0842	0.3270	2.8812
-0.3156	0.0855	0.3270	2.8771
-0.3143	0.0865	0.3260	2.8731
-0.3130	0.0875	0.3250	2.8689
-0.3117	0.0885	0.3240	2.8648
-0.3113	0.0898	0.3240	2.8608
-0.3099	0.0911	0.3230	2.8556
-0.3095	0.0924	0.3230	2.8515
-0.3082	0.0934	0.3220	2.8474
-0.3087	0.0949	0.3230	2.8433
-0.3074	0.0959	0.3220	2.8392
-0.3060	0.0969	0.3210	2.8351
-0.3056	0.0981	0.3210	2.8311
-0.3043	0.0990	0.3200	2.8269
-0.3039	0.1003	0.3200	2.8228
-0.3024	0.1015	0.3190	2.8179
-0.3020	0.1027	0.3190	2.8138
-0.3016	0.1039	0.3190	2.8098
-0.3002	0.1048	0.3180	2.8057
-0.2998	0.1061	0.3180	2.8015
-0.2994	0.1073	0.3180	2.7975
-0.2980	0.1082	0.3170	2.7934
-0.2975	0.1094	0.3170	2.7893
-0.2971	0.1106	0.3170	2.7852
-0.2957	0.1115	0.3160	2.7811
-0.2952	0.1127	0.3160	2.7770
-0.2948	0.1139	0.3160	2.7730
-0.2933	0.1149	0.3150	2.7681
-0.2928	0.1162	0.3150	2.7639
-0.2914	0.1170	0.3140	2.7598
-0.2909	0.1182	0.3140	2.7558
-0.2904	0.1194	0.3140	2.7517
-0.2899	0.1206	0.3140	2.7476
-0.2894	0.1217	0.3140	2.7435
-0.2880	0.1225	0.3130	2.7394
-0.2875	0.1237	0.3130	2.7353
-0.2861	0.1245	0.3120	2.7313
-0.2856	0.1256	0.3120	2.7271
-0.2840	0.1267	0.3110	2.7220
-0.2846	0.1280	0.3120	2.7190
-0.2840	0.1291	0.3120	2.7149
-0.2835	0.1303	0.3120	2.7107
-0.2819	0.1313	0.3110	2.7058
-0.2814	0.1324	0.3110	2.7017
-0.2809	0.1336	0.3110	2.6977
-0.2794	0.1343	0.3100	2.6936
-0.2788	0.1354	0.3100	2.6895
-0.2783	0.1366	0.3100	2.6854
-0.2777	0.1377	0.3100	2.6813
-0.2772	0.1388	0.3100	2.6772
-0.2757	0.1395	0.3090	2.6732
-0.2751	0.1406	0.3090	2.6690
-0.2746	0.1418	0.3090	2.6649
-0.2740	0.1429	0.3090	2.6609
-0.2725	0.1435	0.3080	2.6568
-0.2719	0.1447	0.3080	2.6526
-0.2722	0.1462	0.3090	2.6486
-0.2707	0.1469	0.3080	2.6445
-0.2701	0.1480	0.3080	2.6404
-0.2695	0.1491	0.3080	2.6363
-0.2689	0.1502	0.3080	2.6322
-0.2683	0.1513	0.3080	2.6281
-0.2677	0.1524	0.3080	2.6241
-0.2661	0.1532	0.3070	2.6192
-0.2654	0.1543	0.3070	2.6151
-0.2648	0.1554	0.3070	2.6109
-0.2642	0.1564	0.3070	2.6069
-0.2635	0.1575	0.3070	2.6028
-0.2628	0.1587	0.3070	2.5984
-0.2622	0.1597	0.3070	2.5943
-0.2615	0.1608	0.3070	2.5902
-0.2608	0.1619	0.3070	2.5861
-0.2593	0.1624	0.3060	2.5821
-0.2587	0.1635	0.3060	2.5780
-0.2580	0.1646	0.3060	2.5738
-0.2573	0.1656	0.3060	2.5698
-0.2566	0.1666	0.3060	2.5657
-0.2560	0.1677	0.3060	2.5616
-0.2553	0.1687	0.3060	2.5575
-0.2546	0.1698	0.3060	2.5534
-0.2539	0.1708	0.3060	2.5493
-0.2532	0.1719	0.3060	2.5453
-0.2516	0.1724	0.3050	2.5408
-0.2509	0.1734	0.3050	2.5368
-0.2502	0.1744	0.3050	2.5327
-0.2495	0.1755	0.3050	2.5286
-0.2496	0.1771	0.3060	2.5245
-0.2488	0.1781	0.3060	2.5204
-0.2489	0.1797	0.3070	2.5163
-0.2474	0.1801	0.3060	2.5123
-0.2466	0.1811	0.3060	2.5082
-0.2459	0.1821	0.3060	2.5040
-0.2452	0.1831	0.3060	2.5000
-0.2444	0.1841	0.3060	2.4959
-0.2436	0.1851	0.3060	2.4918
-0.2429	0.1861	0.3060	2.4877
-0.2421	0.1872	0.3060	2.4833
-0.2413	0.1882	0.3060	2.4792
-0.2405	0.1892	0.3060	2.4752
-0.2397	0.1902	0.3060	2.4711
-0.2390	0.1911	0.3060	2.4669
-0.2382	0.1921	0.3060	2.4629
-0.2374	0.1931	0.3060	2.4588
-0.2366	0.1941	0.3060	2.4547
-0.2366	0.1956	0.3070	2.4506
-0.2358	0.1966	0.3070	2.4465
-0.2350	0.1976	0.3070	2.4424
-0.2342	0.1985	0.3070	2.4384
-0.2333	0.1995	0.3070	2.4342
-0.2325	0.2005	0.3070	2.4301
-0.2317	0.2015	0.3070	2.4258
-0.2308	0.2024	0.3070	2.4217
-0.2300	0.2034	0.3070	2.4176
-0.2301	0.2047	0.3080	2.4146
-0.2293	0.2056	0.3080	2.4106
-0.2285	0.2066	0.3080	2.4064
-0.2276	0.2075	0.3080	2.4023
-0.2268	0.2084	0.3080	2.3983
-0.2258	0.2094	0.3080	2.3939
-0.2257	0.2110	0.3090	2.3898
-0.2249	0.2119	0.3090	2.3857
-0.2240	0.2129	0.3090	2.3816
-0.2231	0.2138	0.3090	2.3775
-0.2222	0.2147	0.3090	2.3735
-0.2221	0.2163	0.3100	2.3693
-0.2212	0.2172	0.3100	2.3652
-0.2203	0.2181	0.3100	2.3612
-0.2194	0.2190	0.3100	2.3571
-0.2185	0.2199	0.3100	2.3529
-0.2176	0.2208	0.3100	2.3489
-0.2167	0.2217	0.3100	2.3448
-0.2165	0.2233	0.3110	2.3407
-0.2155	0.2242	0.3110	2.3363
-0.2146	0.2251	0.3110	2.3322
-0.2137	0.2260	0.3110	2.3282
-0.2137	0.2274	0.3120	2.3251
-0.2127	0.2282	0.3120	2.3211
-0.2118	0.2291	0.3120	2.3170
-0.2109	0.2300	0.3120	2.3129
-0.2099	0.2308	0.3120	2.3088
-0.2096	0.2324	0.3130	2.3047
-0.2086	0.2333	0.3130	2.3003
-0.2077	0.2342	0.3130	2.2963
-0.2074	0.2358	0.3140	2.2922
-0.2064	0.2366	0.3140	2.2880
-0.2054	0.2375	0.3140	2.2840
-0.2051	0.2391	0.3150	2.2799
-0.2041	0.2399	0.3150	2.2758
-0.2032	0.2407	0.3150	2.2717
-0.2022	0.2416	0.3150	2.2676
-0.2012	0.2424	0.3150	2.2635
-0.2010	0.2438	0.3160	2.2602
-0.2000	0.2446	0.3160	2.2562
-0.1996	0.2462	0.3170	2.2521
-0.1993	0.2478	0.3180	2.2480
-0.1983	0.2486	0.3180	2.2439
-0.1972	0.2495	0.3180	2.2398
-0.1962	0.2503	0.3180	2.2357
-0.1958	0.2518	0.3190	2.2317
-0.1948	0.2526	0.3190	2.2275
-0.1937	0.2534	0.3190	2.2234
-0.1935	0.2549	0.3200	2.2201
-0.1925	0.2556	0.3200	2.2163
-0.1915	0.2564	0.3200	2.2123
-0.1904	0.2572	0.3200	2.2082
-0.1900	0.2587	0.3210	2.2043
-0.1896	0.2603	0.3220	2.2002
-0.1886	0.2610	0.3220	2.1965
-0.1875	0.2618	0.3220	2.1923
-0.1871	0.2633	0.3230	2.1885
-0.1869	0.2647	0.3240	2.1855
-0.1858	0.2655	0.3240	2.1814
-0.1848	0.2662	0.3240	2.1776
-0.1837	0.2669	0.3240	2.1736
-0.1827	0.2676	0.3240	2.1697
-0.1821	0.2692	0.3250	2.1656
-0.1816	0.2707	0.3260	2.1618
-0.1811	0.2723	0.3270	2.1577
-0.1800	0.2730	0.3270	2.1536
-0.1789	0.2737	0.3270	2.1498
-0.1787	0.2751	0.3280	2.1468
-0.1775	0.2758	0.3280	2.1427
-0.1770	0.2773	0.3290	2.1388
-0.1759	0.2780	0.3290	2.1348
-0.1753	0.2796	0.3300	2.1310
-0.1742	0.2803	0.3300	2.1269
-0.1736	0.2818	0.3310	2.1230
-0.1725	0.2825	0.3310	2.1190
-0.1719	0.2840	0.3320	2.1152
-0.1716	0.2854	0.3330	2.1122
-0.1704	0.2861	0.3330	2.1081
-0.1698	0.2876	0.3340	2.1042
-0.1692	0.2891	0.3350	2.1002
-0.1681	0.2898	0.3350	2.0964
-0.1669	0.2905	0.3350	2.0923
-0.1662	0.2920	0.3360	2.0881
-0.1651	0.2927	0.3360	2.0844
-0.1647	0.2940	0.3370	2.0813
-0.1640	0.2956	0.3380	2.0773
-0.1633	0.2971	0.3390	2.0735
-0.1621	0.2977	0.3390	2.0693
-0.1614	0.2992	0.3400	2.0655
-0.1607	0.3008	0.3410	2.0615
-0.1595	0.3014	0.3410	2.0576
-0.1583	0.3020	0.3410	2.0535
-0.1579	0.3034	0.3420	2.0505
-0.1571	0.3049	0.3430	2.0467
-0.1563	0.3064	0.3440	2.0426
-0.1556	0.3079	0.3450	2.0389
-0.1544	0.3085	0.3450	2.0347
-0.1536	0.3100	0.3460	2.0309
-0.1532	0.3114	0.3470	2.0279
-0.1523	0.3129	0.3480	2.0238
-0.1510	0.3135	0.3480	2.0197
-0.1503	0.3150	0.3490	2.0159
-0.1494	0.3165	0.3500	2.0118
-0.1486	0.3180	0.3510	2.0080
-0.1481	0.3193	0.3520	2.0050
-0.1468	0.3199	0.3520	2.0009
-0.1460	0.3214	0.3530	1.9971
-0.1451	0.3229	0.3540	1.9930
-0.1442	0.3244	0.3550	1.9892
-0.1433	0.3259	0.3560	1.9851
-0.1427	0.3272	0.3570	1.9821
-0.1419	0.3287	0.3580	1.9783
-0.1405	0.3293	0.3580	1.9741
-0.1397	0.3307	0.3590	1.9704
-0.1387	0.3322	0.3600	1.9663
-0.1378	0.3337	0.3610	1.9624
-0.1372	0.3350	0.3620	1.9595
-0.1362	0.3365	0.3630	1.9553
-0.1353	0.3379	0.3640	1.9515
-0.1343	0.3394	0.3650	1.9475
-0.1332	0.3409	0.3660	1.9434
-0.1323	0.3423	0.3670	1.9395
-0.1316	0.3437	0.3680	1.9366
-0.1306	0.3451	0.3690	1.9324
-0.1296	0.3466	0.3700	1.9286
-0.1285	0.3480	0.3710	1.9246
-0.1275	0.3495	0.3720	1.9207
-0.1268	0.3508	0.3730	1.9178
-0.1257	0.3522	0.3740	1.9136
-0.1247	0.3537	0.3750	1.9098
-0.1236	0.3551	0.3760	1.9057
-0.1226	0.3565	0.3770	1.9019
-0.1214	0.3580	0.3780	1.8978
-0.1207	0.3593	0.3790	1.8948
-0.1196	0.3607	0.3800	1.8910
-0.1187	0.3631	0.3820	1.8869
-0.1177	0.3645	0.3830	1.8831
-0.1165	0.3659	0.3840	1.8790
-0.1157	0.3672	0.3850	1.8760
-0.1146	0.3686	0.3860	1.8722
-0.1134	0.3700	0.3870	1.8681
-0.1124	0.3724	0.3890	1.8640
-0.1113	0.3738	0.3900	1.8601
-0.1104	0.3751	0.3910	1.8572
-0.1092	0.3765	0.3920	1.8530
-0.1082	0.3788	0.3940	1.8490
-0.1069	0.3803	0.3950	1.8449
-0.1056	0.3817	0.3960	1.8408
-0.1047	0.3829	0.3970	1.8378
-0.1037	0.3853	0.3990	1.8338
-0.1024	0.3867	0.4000	1.8297
-0.1010	0.3881	0.4010	1.8255
-0.0997	0.3894	0.4020	1.8215
-0.0989	0.3917	0.4040	1.8182
-0.0976	0.3931	0.4050	1.8141
-0.0964	0.3954	0.4070	1.8100
-0.0950	0.3968	0.4080	1.8059
-0.0943	0.3990	0.4100	1.8029
-0.0929	0.4004	0.4110	1.7988
-0.0915	0.4017	0.4120	1.7948
-0.0903	0.4040	0.4140	1.7906
-0.0888	0.4054	0.4150	1.7865
-0.0874	0.4067	0.4160	1.7825
-0.0865	0.4090	0.4180	1.7792
-0.0850	0.4103	0.4190	1.7751
-0.0837	0.4126	0.4210	1.7710
-0.0822	0.4139	0.4220	1.7670
-0.0814	0.4161	0.4240	1.7639
-0.0801	0.4184	0.4260	1.7599
-0.0785	0.4197	0.4270	1.7557
-0.0769	0.4210	0.4280	1.7514
-0.0755	0.4233	0.4300	1.7473
-0.0746	0.4255	0.4320	1.7443
-0.0730	0.4268	0.4330	1.7402
-0.0716	0.4291	0.4350	1.7361
-0.0702	0.4313	0.4370	1.7321
-0.0687	0.4336	0.4390	1.7279
-0.0674	0.4348	0.4400	1.7247
-0.0659	0.4371	0.4420	1.7206
-0.0644	0.4393	0.4440	1.7164
-0.0628	0.4405	0.4450	1.7124
-0.0613	0.4428	0.4470	1.7083
-0.0602	0.4449	0.4490	1.7053
-0.0586	0.4472	0.4510	1.7012
-0.0570	0.4494	0.4530	1.6971
-0.0554	0.4506	0.4540	1.6930
-0.0541	0.4528	0.4560	1.6898
-0.0526	0.4560	0.4590	1.6857
-0.0508	0.4572	0.4600	1.6815
-0.0492	0.4594	0.4620	1.6775
-0.0480	0.4615	0.4640	1.6744
-0.0463	0.4637	0.4660	1.6704
-0.0446	0.4659	0.4680	1.6663
-0.0429	0.4680	0.4700	1.6622
-0.0412	0.4702	0.4720	1.6581
-0.0398	0.4723	0.4740	1.6549
-0.0381	0.4755	0.4770	1.6508
-0.0363	0.4776	0.4790	1.6466
-0.0345	0.4798	0.4810	1.6426
-0.0332	0.4819	0.4830	1.6395
-0.0314	0.4840	0.4850	1.6355
-0.0295	0.4861	0.4870	1.6314
-0.0277	0.4892	0.4900	1.6273
-0.0262	0.4913	0.4920	1.6240
-0.0242	0.4934	0.4940	1.6199
-0.0224	0.4965	0.4970	1.6159
-0.0204	0.4986	0.4990	1.6117
-0.0191	0.5016	0.5020	1.6088
-0.0171	0.5037	0.5040	1.6046
-0.0150	0.5068	0.5070	1.6003
-0.0129	0.5088	0.5090	1.5962
-0.0109	0.5119	0.5120	1.5921
-0.0094	0.5139	0.5140	1.5891
-0.0073	0.5159	0.5160	1.5850
-0.0053	0.5200	0.5200	1.5810
-0.0032	0.5220	0.5220	1.5768
-0.0015	0.5240	0.5240	1.5736
0.0007	0.5280	0.5280	1.5695
0.0028	0.5300	0.5300	1.5654
0.0051	0.5340	0.5340	1.5613
0.0067	0.5360	0.5360	1.5583
0.0089	0.5379	0.5380	1.5542
0.0112	0.5419	0.5420	1.5501
0.0135	0.5438	0.5440	1.5461
0.0153	0.5478	0.5480	1.5428
0.0177	0.5517	0.5520	1.5387
0.0201	0.5536	0.5540	1.5346
0.0225	0.5575	0.5580	1.5305
0.0243	0.5595	0.5600	1.5275
0.0267	0.5634	0.5640	1.5234
0.0292	0.5672	0.5680	1.5193
0.0313	0.5711	0.5720	1.5161
0.0338	0.5730	0.5740	1.5119
0.0364	0.5769	0.5780	1.5078
0.0390	0.5807	0.5820	1.5038
0.0410	0.5846	0.5860	1.5007
0.0437	0.5884	0.5900	1.4967
0.0464	0.5922	0.5940	1.4926
0.0490	0.5940	0.5960	1.4884
0.0537	0.5976	0.6000	1.4812
0.0718	0.6058	0.6100	1.4528
0.0765	0.6032	0.6080	1.4446
0.0787	0.6009	0.6060	1.4405
0.0808	0.5986	0.6040	1.4367
0.0832	0.5982	0.6040	1.4325
0.0854	0.5959	0.6020	1.4285
0.0875	0.5936	0.6000	1.4244
0.0900	0.5932	0.6000	1.4203
0.0926	0.5908	0.5980	1.4154
0.0947	0.5884	0.5960	1.4113
0.0970	0.5880	0.5960	1.4072
0.0991	0.5857	0.5940	1.4031
0.1016	0.5853	0.5940	1.3990
0.1036	0.5829	0.5920	1.3950
0.1056	0.5805	0.5900	1.3908
0.1078	0.5801	0.5900	1.3870
0.1098	0.5777	0.5880	1.3830
0.1118	0.5752	0.5860	1.3789
0.1142	0.5748	0.5860	1.3747
0.1165	0.5743	0.5860	1.3707
0.1189	0.5718	0.5840	1.3657
0.1208	0.5693	0.5820	1.3617
0.1227	0.5669	0.5800	1.3576
0.1251	0.5664	0.5800	1.3535
0.1273	0.5658	0.5800	1.3494
0.1292	0.5634	0.5780	1.3453
0.1316	0.5628	0.5780	1.3412
0.1334	0.5603	0.5760	1.3372
0.1350	0.5579	0.5740	1.3333
0.1369	0.5554	0.5720	1.3292
0.1391	0.5548	0.5720	1.3252
0.1414	0.5543	0.5720	1.3210
0.1437	0.5516	0.5700	1.3159
0.1459	0.5510	0.5700	1.3120
0.1476	0.5485	0.5680	1.3079
0.1498	0.5479	0.5680	1.3039
0.1521	0.5473	0.5680	1.2998
0.1538	0.5447	0.5660	1.2956
0.1560	0.5441	0.5660	1.2916
0.1577	0.5415	0.5640	1.2875
0.1593	0.5389	0.5620	1.2834
0.1613	0.5383	0.5620	1.2796
0.1630	0.5358	0.5600	1.2755
0.1652	0.5351	0.5600	1.2714
0.1673	0.5344	0.5600	1.2674
0.1695	0.5337	0.5600	1.2632
0.1715	0.5310	0.5580	1.2583
0.1737	0.5303	0.5580	1.2542
0.1759	0.5296	0.5580	1.2501
0.1774	0.5269	0.5560	1.2461
0.1796	0.5262	0.5560	1.2419
0.1811	0.5236	0.5540	1.2378
0.1832	0.5228	0.5540	1.2338
0.1845	0.5202	0.5520	1.2300
0.1867	0.5195	0.5520	1.2258
0.1888	0.5187	0.5520	1.2218
0.1909	0.5179	0.5520	1.2177
0.1923	0.5153	0.5500	1.2136
0.1944	0.5145	0.5500	1.2095
0.1958	0.5118	0.5480	1.2054
0.1979	0.5110	0.5480	1.2013
0.1999	0.5103	0.5480	1.1975
0.2019	0.5094	0.5480	1.1934
0.2040	0.5086	0.5480	1.1893
0.2059	0.5057	0.5460	1.1841
0.2080	0.5048	0.5460	1.1800
0.2091	0.5022	0.5440	1.1763
0.2112	0.5013	0.5440	1.1722
0.2124	0.4986	0.5420	1.1680
0.2145	0.4978	0.5420	1.1640
0.2181	0.5005	0.5460	1.1599
0.2194	0.4978	0.5440	1.1558
0.2205	0.4951	0.5420	1.1517
0.2226	0.4942	0.5420	1.1476
0.2245	0.4933	0.5420	1.1438
0.2257	0.4906	0.5400	1.1397
0.2276	0.4897	0.5400	1.1356
0.2297	0.4887	0.5400	1.1315
0.2317	0.4878	0.5400	1.1274
0.2328	0.4850	0.5380	1.1234
0.2348	0.4841	0.5380	1.1192
0.2368	0.4831	0.5380	1.1151
0.2386	0.4822	0.5380	1.1114
0.2406	0.4812	0.5380	1.1072
0.2425	0.4802	0.5380	1.1031
0.2436	0.4775	0.5360	1.0991
0.2455	0.4765	0.5360	1.0950
0.2475	0.4754	0.5360	1.0909
0.2494	0.4744	0.5360	1.0868
0.2512	0.4735	0.5360	1.0830
0.2526	0.4705	0.5340	1.0781
0.2545	0.4694	0.5340	1.0740
0.2563	0.4685	0.5340	1.0701
0.2582	0.4674	0.5340	1.0660
0.2600	0.4664	0.5340	1.0623
0.2619	0.4654	0.5340	1.0582
0.2627	0.4626	0.5320	1.0543
0.2645	0.4616	0.5320	1.0505
0.2663	0.4605	0.5320	1.0465
0.2681	0.4595	0.5320	1.0426
0.2700	0.4584	0.5320	1.0385
0.2718	0.4574	0.5320	1.0347
0.2736	0.4563	0.5320	1.0306
0.2753	0.4552	0.5320	1.0268
0.2772	0.4541	0.5320	1.0227
0.2790	0.4530	0.5320	1.0189
0.2797	0.4502	0.5300	1.0148
0.2814	0.4491	0.5300	1.0110
0.2833	0.4479	0.5300	1.0069
0.2850	0.4468	0.5300	1.0030
0.2868	0.4457	0.5300	0.9990
0.2885	0.4446	0.5300	0.9952
0.2903	0.4434	0.5300	0.9910
0.2920	0.4423	0.5300	0.9872
0.2937	0.4412	0.5300	0.9835
0.2955	0.4400	0.5300	0.9794
0.2972	0.4388	0.5300	0.9755
0.2990	0.4376	0.5300	0.9714
0.3006	0.4365	0.5300	0.9677
0.3024	0.4352	0.5300	0.9635
0.3029	0.4324	0.5280	0.9597
0.3047	0.4312	0.5280	0.9556
0.3075	0.4317	0.5300	0.9518
0.3093	0.4304	0.5300	0.9477
0.3098	0.4276	0.5280	0.9439
0.3127	0.4279	0.5300	0.9398
0.3143	0.4268	0.5300	0.9360
0.3149	0.4239	0.5280	0.9319
0.3165	0.4226	0.5280	0.9281
0.3193	0.4230	0.5300	0.9242
0.3210	0.4217	0.5300	0.9202
0.3226	0.4205	0.5300	0.9164
0.3243	0.4192	0.5300	0.9122
0.3260	0.4179	0.5300	0.9084
0.3276	0.4166	0.5300	0.9044
0.3292	0.4153	0.5300	0.9005
0.3309	0.4140	0.5300	0.8964
0.3325	0.4127	0.5300	0.8926
0.3342	0.4114	0.5300	0.8886
0.3358	0.4101	0.5300	0.8847
0.3374	0.4087	0.5300	0.8806
0.3390	0.4074	0.5300	0.8768
0.3406	0.4060	0.5300	0.8727
0.3422	0.4047	0.5300	0.8689
0.3439	0.4033	0.5300	0.8648
0.3454	0.4020	0.5300	0.8609
0.3469	0.4007	0.5300	0.8572
0.3499	0.4008	0.5320	0.8531
0.3514	0.3994	0.5320	0.8493
0.3531	0.3980	0.5320	0.8451
0.3545	0.3966	0.5320	0.8414
0.3562	0.3952	0.5320	0.8373
0.3577	0.3938	0.5320	0.8334
0.3593	0.3923	0.5320	0.8293
0.3608	0.3910	0.5320	0.8256
0.3624	0.3895	0.5320	0.8214
0.3639	0.3881	0.5320	0.8176
0.3668	0.3881	0.5340	0.8135
0.3683	0.3867	0.5340	0.8098
0.3699	0.3852	0.5340	0.8056
0.3714	0.3837	0.5340	0.8018
0.3728	0.3823	0.5340	0.7980
0.3744	0.3808	0.5340	0.7939
0.3769	0.3811	0.5360	0.7909
0.3784	0.3797	0.5360	0.7871
0.3799	0.3781	0.5360	0.7830
0.3814	0.3766	0.5360	0.7792
0.3843	0.3765	0.5380	0.7750
0.3843	0.3736	0.5360	0.7713
0.3859	0.3720	0.5360	0.7672
0.3887	0.3719	0.5380	0.7633
0.3902	0.3703	0.5380	0.7592
0.3916	0.3689	0.5380	0.7555
0.3946	0.3686	0.5400	0.7514
0.3960	0.3671	0.5400	0.7475
0.3974	0.3656	0.5400	0.7437
0.3989	0.3640	0.5400	0.7397
0.4003	0.3625	0.5400	0.7358
0.4033	0.3621	0.5420	0.7317
0.4047	0.3606	0.5420	0.7279
0.4061	0.3590	0.5420	0.7238
0.4075	0.3574	0.5420	0.7200
0.4089	0.3557	0.5420	0.7159
0.4118	0.3554	0.5440	0.7121
0.4132	0.3538	0.5440	0.7080
0.4162	0.3534	0.5460	0.7039
0.4162	0.3504	0.5440	0.6998
0.4191	0.3500	0.5460	0.6958
0.4205	0.3482	0.5460	0.6916
0.4231	0.3483	0.5480	0.6887
0.4245	0.3465	0.5480	0.6845
0.4260	0.3447	0.5480	0.6802
0.4274	0.3429	0.5480	0.6761
0.4289	0.3411	0.5480	0.6720
0.4318	0.3407	0.5500	0.6680
0.4348	0.3401	0.5520	0.6638
0.4362	0.3383	0.5520	0.6597
0.4375	0.3366	0.5520	0.6557
0.4405	0.3360	0.5540	0.6516
0.4419	0.3341	0.5540	0.6474
0.4432	0.3324	0.5540	0.6434
0.4462	0.3317	0.5560	0.6393
0.4476	0.3299	0.5560	0.6352
0.4489	0.3281	0.5560	0.6311
0.4502	0.3262	0.5560	0.6270
0.4532	0.3255	0.5580	0.6229
0.4559	0.3252	0.5600	0.6196
0.4572	0.3233	0.5600	0.6155
0.4585	0.3215	0.5600	0.6115
0.4615	0.3207	0.5620	0.6074
0.4628	0.3188	0.5620	0.6032
0.4641	0.3170	0.5620	0.5992
0.4670	0.3162	0.5640	0.5951
0.4683	0.3142	0.5640	0.5910
0.4696	0.3124	0.5640	0.5869
0.4726	0.3115	0.5660	0.5828
0.4756	0.3106	0.5680	0.5785
0.4769	0.3086	0.5680	0.5744
0.4781	0.3066	0.5680	0.5703
0.4810	0.3058	0.5700	0.5662
0.4823	0.3038	0.5700	0.5621
0.4849	0.3034	0.5720	0.5591
0.4861	0.3014	0.5720	0.5550
0.4891	0.3005	0.5740	0.5509
0.4903	0.2985	0.5740	0.5469
0.4915	0.2965	0.5740	0.5427
0.4945	0.2953	0.5760	0.5383
0.4974	0.2943	0.5780	0.5343
0.5004	0.2933	0.5800	0.5302
0.5016	0.2912	0.5800	0.5261
0.5027	0.2892	0.5800	0.5220
0.5057	0.2881	0.5820	0.5179
0.5069	0.2860	0.5820	0.5138
0.5098	0.2850	0.5840	0.5098
0.5109	0.2829	0.5840	0.5056
0.5136	0.2822	0.5860	0.5024
0.5148	0.2800	0.5860	0.4983
0.5176	0.2789	0.5880	0.4942
0.5205	0.2777	0.5900	0.4901
0.5217	0.2756	0.5900	0.4860
0.5228	0.2735	0.5900	0.4820
0.5257	0.2722	0.5920	0.4778
0.5286	0.2710	0.5940	0.4737
0.5315	0.2698	0.5960	0.4697
0.5326	0.2676	0.5960	0.4656
0.5355	0.2663	0.5980	0.4614
0.5365	0.2641	0.5980	0.4574
0.5392	0.2632	0.6000	0.4541
0.5421	0.2619	0.6020	0.4500
0.5431	0.2596	0.6020	0.4459
0.5460	0.2582	0.6040	0.4418
0.5470	0.2560	0.6040	0.4378
0.5499	0.2546	0.6060	0.4336
0.5528	0.2532	0.6080	0.4295
0.5538	0.2510	0.6080	0.4255
0.5566	0.2495	0.6100	0.4214
0.5595	0.2480	0.6120	0.4172
0.5605	0.2458	0.6120	0.4132
0.5633	0.2442	0.6140	0.4091
0.5660	0.2432	0.6160	0.4058
0.5688	0.2416	0.6180	0.4017
0.5716	0.2401	0.6200	0.3977
0.5726	0.2378	0.6200	0.3936
0.5736	0.2354	0.6200	0.3894
0.5782	0.2346	0.6240	0.3854
0.5792	0.2322	0.6240	0.3813
0.5820	0.2305	0.6260	0.3772
0.5829	0.2282	0.6260	0.3731
0.5857	0.2265	0.6280	0.3690
0.5886	0.2247	0.6300	0.3647
0.5911	0.2236	0.6320	0.3616
0.5939	0.2219	0.6340	0.3576
0.5967	0.2202	0.6360	0.3535
0.5995	0.2184	0.6380	0.3494
0.6003	0.2160	0.6380	0.3453
0.6031	0.2142	0.6400	0.3412
0.6078	0.2130	0.6440	0.3371
0.6086	0.2106	0.6440	0.3331
0.6114	0.2087	0.6460	0.3289
0.6139	0.2073	0.6480	0.3257
0.6148	0.2048	0.6480	0.3216
0.6196	0.1896	0.6480	0.2970
0.6167	0.1855	0.6440	0.2921
0.6117	0.1812	0.6380	0.2880
0.6105	0.1782	0.6360	0.2840
0.6074	0.1746	0.6320	0.2799
0.6045	0.1703	0.6280	0.2747
0.6032	0.1673	0.6260	0.2706
0.6000	0.1638	0.6220	0.2665
0.5988	0.1608	0.6200	0.2624
0.5975	0.1579	0.6180	0.2583
0.5944	0.1539	0.6140	0.2534
0.5931	0.1510	0.6120	0.2493
0.5898	0.1476	0.6080	0.2452
0.5865	0.1442	0.6040	0.2411
0.5852	0.1413	0.6020	0.2370
0.5838	0.1385	0.6000	0.2330
0.5806	0.1347	0.5960	0.2280
0.5792	0.1319	0.5940	0.2240
0.5758	0.1287	0.5900	0.2198
0.5744	0.1259	0.5880	0.2157
0.5729	0.1231	0.5860	0.2117
0.5696	0.1193	0.5820	0.2065
0.5682	0.1166	0.5800	0.2024
0.5667	0.1138	0.5780	0.1983
0.5632	0.1108	0.5740	0.1942
0.5617	0.1081	0.5720	0.1901
0.5602	0.1050	0.5700	0.1852
0.5587	0.1023	0.5680	0.1811
0.5571	0.0997	0.5660	0.1771
0.5556	0.0971	0.5640	0.1730
0.5520	0.0941	0.5600	0.1688
0.5505	0.0909	0.5580	0.1637
0.5489	0.0885	0.5560	0.1598
0.5473	0.0860	0.5540	0.1558
0.5457	0.0834	0.5520	0.1517
0.5420	0.0806	0.5480	0.1475
0.5424	0.0784	0.5480	0.1435
0.5408	0.0753	0.5460	0.1383
0.5371	0.0725	0.5420	0.1342
0.5354	0.0701	0.5400	0.1301
0.5357	0.0679	0.5400	0.1261
0.5320	0.0652	0.5360	0.1220
0.5303	0.0624	0.5340	0.1171
0.5286	0.0600	0.5320	0.1129
0.5269	0.0576	0.5300	0.1088
0.5251	0.0552	0.5280	0.1048
0.5233	0.0529	0.5260	0.1007
0.5216	0.0505	0.5240	0.0965
0.5198	0.0476	0.5220	0.0914
0.5180	0.0454	0.5200	0.0873
0.5162	0.0431	0.5180	0.0832
0.5144	0.0408	0.5160	0.0791
0.5145	0.0388	0.5160	0.0754
0.5127	0.0366	0.5140	0.0712
0.5109	0.0338	0.5120	0.0661
0.5090	0.0316	0.5100	0.0619
0.5081	0.0295	0.5090	0.0579
0.5063	0.0273	0.5070	0.0538
0.5044	0.0251	0.5050	0.0497
0.5025	0.0229	0.5030	0.0456
0.5016	0.0208	0.5020	0.0415
0.5007	0.0183	0.5010	0.0366
0.4987	0.0162	0.4990	0.0325
0.4968	0.0141	0.4970	0.0284
0.4959	0.0121	0.4960	0.0244
0.4939	0.0100	0.4940	0.0202
0.4919	0.0079	0.4920	0.0161
0.4900	0.0054	0.4900	0.0109
0.4900	0.0034	0.4900	0.0069
0.4880	0.0015	0.4880	0.0031
0.4860	-0.0005	0.4860	-0.0011
0.4850	-0.0025	0.4850	-0.0052
0.4840	-0.0045	0.4840	-0.0092
0.4830	-0.0064	0.4830	-0.0133
0.4809	-0.0089	0.4810	-0.0185
0.4789	-0.0108	0.4790	-0.0226
0.4778	-0.0127	0.4780	-0.0267
0.4768	-0.0147	0.4770	-0.0308
0.4757	-0.0166	0.4760	-0.0349
0.4746	-0.0185	0.4750	-0.0389
0.4726	-0.0204	0.4730	-0.0430
0.4715	-0.0226	0.4720	-0.0479
0.4704	-0.0245	0.4710	-0.0521
0.4693	-0.0263	0.4700	-0.0561
0.4682	-0.0282	0.4690	-0.0602
0.4660	-0.0300	0.4670	-0.0643
0.4649	-0.0318	0.4660	-0.0684
0.4638	-0.0337	0.4650	-0.0725
0.4626	-0.0355	0.4640	-0.0766
0.4605	-0.0376	0.4620	-0.0815
0.4603	-0.0395	0.4620	-0.0856
0.4582	-0.0412	0.4600	-0.0896
0.4570	-0.0430	0.4590	-0.0938
0.4558	-0.0446	0.4580	-0.0976
0.4546	-0.0464	0.4570	-0.1016
0.4535	-0.0481	0.4560	-0.1057
0.4522	-0.0502	0.4550	-0.1106
0.4510	-0.0519	0.4540	-0.1145
0.4508	-0.0537	0.4540	-0.1186
0.4486	-0.0553	0.4520	-0.1227
0.4474	-0.0569	0.4510	-0.1265
0.4472	-0.0587	0.4510	-0.1306
0.4459	-0.0603	0.4500	-0.1344
0.4437	-0.0618	0.4480	-0.1384
0.4424	-0.0639	0.4470	-0.1434
0.4421	-0.0657	0.4470	-0.1475
0.4409	-0.0673	0.4460	-0.1516
0.4396	-0.0689	0.4450	-0.1554
0.4384	-0.0705	0.4440	-0.1595
0.4371	-0.0720	0.4430	-0.1633
0.4358	-0.0736	0.4420	-0.1674
0.4345	-0.0753	0.4410	-0.1715
0.4333	-0.0767	0.4400	-0.1753
0.4319	-0.0787	0.4390	-0.1802
0.4316	-0.0804	0.4390	-0.1843
0.4303	-0.0820	0.4380	-0.1884
0.4290	-0.0835	0.4370	-0.1922
0.4286	-0.0853	0.4370	-0.1963
0.4273	-0.0868	0.4360	-0.2004
0.4260	-0.0882	0.4350	-0.2042
0.4246	-0.0898	0.4340	-0.2083
0.4243	-0.0914	0.4340	-0.2121
0.4229	-0.0929	0.4330	-0.2162
0.4216	-0.0944	0.4320	-0.2203
0.4212	-0.0960	0.4320	-0.2242
0.4197	-0.0980	0.4310	-0.2293
0.4193	-0.0996	0.4310	-0.2332
0.4189	-0.1013	0.4310	-0.2372
0.4185	-0.1029	0.4310	-0.2410
0.4171	-0.1044	0.4300	-0.2451
0.4158	-0.1058	0.4290	-0.2492
0.4144	-0.1071	0.4280	-0.2530
0.4139	-0.1088	0.4280	-0.2571
0.4125	-0.1103	0.4270	-0.2612
0.4111	-0.1116	0.4260	-0.2650
0.4107	-0.1133	0.4260	-0.2691
0.4102	-0.1148	0.4260	-0.2730
0.4098	-0.1165	0.4260	-0.2770
0.4074	-0.1176	0.4240	-0.2811
0.4049	-0.1190	0.4220	-0.2860
0.4034	-0.1204	0.4210	-0.2901
0.4029	-0.1220	0.4210	-0.2939
0.4015	-0.1233	0.4200	-0.2980
0.4001	-0.1245	0.4190	-0.3018
0.3995	-0.1262	0.4190	-0.3059
0.3990	-0.1278	0.4190	-0.3101
0.3976	-0.1290	0.4180	-0.3138
0.3950	-0.1305	0.4160	-0.3191
0.3926	-0.1313	0.4140	-0.3228
0.3921	-0.1330	0.4140	-0.3269
0.3916	-0.1345	0.4140	-0.3308
0.3910	-0.1360	0.4140	-0.3348
0.3905	-0.1376	0.4140	-0.3389
0.3899	-0.1391	0.4140	-0.3427
0.3893	-0.1407	0.4140	-0.3469
0.3878	-0.1420	0.4130	-0.3509
0.3863	-0.1431	0.4120	-0.3547
0.3858	-0.1447	0.4120	-0.3589
0.3852	-0.1462	0.4120	-0.3627
0.3846	-0.1477	0.4120	-0.3667
0.3831	-0.1489	0.4110	-0.3708
0.3825	-0.1504	0.4110	-0.3747
0.3819	-0.1520	0.4110	-0.3787
0.3803	-0.1532	0.4100	-0.3828
0.3797	-0.1546	0.4100	-0.3867
0.3791	-0.1562	0.4100	-0.3908
0.3774	-0.1576	0.4090	-0.3957
0.3758	-0.1588	0.4080	-0.3997
0.3752	-0.1602	0.4080	-0.4035
0.3746	-0.1618	0.4080	-0.4077
0.3739	-0.1633	0.4080	-0.4118
0.3733	-0.1647	0.4080	-0.4155
0.3717	-0.1658	0.4070	-0.4196
0.3710	-0.1672	0.4070	-0.4235
0.3704	-0.1688	0.4070	-0.4276
0.3697	-0.1703	0.4070	-0.4316
0.3690	-0.1717	0.4070	-0.4355
0.3665	-0.1724	0.4050	-0.4396
0.3658	-0.1738	0.4050	-0.4436
0.3651	-0.1752	0.4050	-0.4474
0.3644	-0.1767	0.4050	-0.4516
0.3637	-0.1781	0.4050	-0.4554
0.3621	-0.1791	0.4040	-0.4594
0.3614	-0.1806	0.4040	-0.4635
0.3607	-0.1820	0.4040	-0.4674
0.3599	-0.1835	0.4040	-0.4715
0.3581	-0.1848	0.4030	-0.4764
0.3574	-0.1862	0.4030	-0.4804
0.3577	-0.1878	0.4040	-0.4835
0.3558	-0.1892	0.4030	-0.4887
0.3551	-0.1906	0.4030	-0.4927
0.3534	-0.1916	0.4020	-0.4968
0.3526	-0.1931	0.4020	-0.5009
0.3518	-0.1945	0.4020	-0.5050
0.3510	-0.1959	0.4020	-0.5091
0.3493	-0.1969	0.4010	-0.5132
0.3485	-0.1983	0.4010	-0.5172
0.3477	-0.1997	0.4010	-0.5214
0.3478	-0.2017	0.4020	-0.5255
0.3469	-0.2031	0.4020	-0.5295
0.3452	-0.2040	0.4010	-0.5336
0.3444	-0.2054	0.4010	-0.5378
0.3436	-0.2068	0.4010	-0.5418
0.3419	-0.2077	0.4000	-0.5459
0.3410	-0.2091	0.4000	-0.5500
0.3402	-0.2105	0.4000	-0.5541
0.3401	-0.2124	0.4010	-0.5582
0.3384	-0.2133	0.4000	-0.5623
0.3376	-0.2146	0.4000	-0.5663
0.3367	-0.2160	0.4000	-0.5704
0.3366	-0.2179	0.4010	-0.5746
0.3349	-0.2187	0.4000	-0.5786
0.3340	-0.2201	0.4000	-0.5827
0.3331	-0.2215	0.4000	-0.5868
0.3322	-0.2228	0.4000	-0.5909
0.3313	-0.2242	0.4000	-0.5950
0.3303	-0.2256	0.4000	-0.5991
0.3294	-0.2269	0.4000	-0.6031
0.3285	-0.2282	0.4000	-0.6073
0.3275	-0.2296	0.4000	-0.6114
0.3266	-0.2309	0.4000	-0.6154
0.3257	-0.2323	0.4000	-0.6195
0.3247	-0.2336	0.4000	-0.6237
0.3238	-0.2349	0.4000	-0.6277
0.3228	-0.2362	0.4000	-0.6318
0.3226	-0.2382	0.4010	-0.6359
0.3208	-0.2389	0.4000	-0.6400
0.3199	-0.2402	0.4000	-0.6441
0.3189	-0.2415	0.4000	-0.6482
0.3187	-0.2434	0.4010	-0.6522
0.3177	-0.2447	0.4010	-0.6564
0.3167	-0.2460	0.4010	-0.6605
0.3157	-0.2473	0.4010	-0.6645
0.3147	-0.2486	0.4010	-0.6686
0.3136	-0.2499	0.4010	-0.6727
0.3126	-0.2511	0.4010	-0.6768
0.3124	-0.2531	0.4020	-0.6809
0.3113	-0.2543	0.4020	-0.6850
0.3103	-0.2556	0.4020	-0.6890
0.3092	-0.2569	0.4020	-0.6932
0.3082	-0.2581	0.4020	-0.6973
0.3072	-0.2593	0.4020	-0.7011
0.3061	-0.2606	0.4020	-0.7052
0.3051	-0.2618	0.4020	-0.7093
0.3047	-0.2637	0.4030	-0.7134
0.3046	-0.2654	0.4040	-0.7167
0.3035	-0.2666	0.4040	-0.7207
0.3024	-0.2678	0.4040	-0.7248
0.3013	-0.2691	0.4040	-0.7289
0.2993	-0.2699	0.4030	-0.7338
0.2991	-0.2715	0.4040	-0.7371
0.2995	-0.2741	0.4060	-0.7412
0.2991	-0.2760	0.4070	-0.7452
0.2972	-0.2766	0.4060	-0.7493
0.2937	-0.2759	0.4030	-0.7542
0.2926	-0.2772	0.4030	-0.7584
0.2924	-0.2788	0.4040	-0.7616
0.2920	-0.2807	0.4050	-0.7657
0.2915	-0.2826	0.4060	-0.7698
0.2904	-0.2838	0.4060	-0.7739
0.2899	-0.2857	0.4070	-0.7780
0.2895	-0.2875	0.4080	-0.7820
0.2883	-0.2887	0.4080	-0.7862
0.2871	-0.2899	0.4080	-0.7903
0.2859	-0.2911	0.4080	-0.7943
0.2847	-0.2922	0.4080	-0.7984
0.2842	-0.2941	0.4090	-0.8026
0.2830	-0.2953	0.4090	-0.8066
0.2818	-0.2964	0.4090	-0.8107
0.2816	-0.2980	0.4100	-0.8137
0.2804	-0.2992	0.4100	-0.8178
0.2791	-0.3003	0.4100	-0.8219
0.2786	-0.3022	0.4110	-0.8260
0.2774	-0.3033	0.4110	-0.8301
0.2761	-0.3045	0.4110	-0.8342
0.2749	-0.3056	0.4110	-0.8382
0.2743	-0.3074	0.4120	-0.8423
0.2737	-0.3093	0.4130	-0.8465
0.2724	-0.3104	0.4130	-0.8505
0.2711	-0.3115	0.4130	-0.8546
0.2705	-0.3134	0.4140	-0.8587
0.2692	-0.3145	0.4140	-0.8628
0.2686	-0.3164	0.4150	-0.8669
0.2673	-0.3175	0.4150	-0.8710
0.2666	-0.3193	0.4160	-0.8750
0.2653	-0.3204	0.4160	-0.8792
0.2640	-0.3215	0.4160	-0.8833
0.2637	-0.3231	0.4170	-0.8863
0.2623	-0.3241	0.4170	-0.8904
0.2610	-0.3252	0.4170	-0.8944
0.2597	-0.3263	0.4170	-0.8985
0.2596	-0.3289	0.4190	-0.9027
0.2589	-0.3307	0.4200	-0.9067
0.2575	-0.3318	0.4200	-0.9108
0.2567	-0.3336	0.4210	-0.9149
0.2555	-0.3346	0.4210	-0.9187
0.2547	-0.3365	0.4220	-0.9228
0.2539	-0.3383	0.4230	-0.9269
0.2526	-0.3393	0.4230	-0.9309
0.2520	-0.3410	0.4240	-0.9343
0.2506	-0.3420	0.4240	-0.9383
0.2492	-0.3430	0.4240	-0.9424
0.2485	-0.3448	0.4250	-0.9463
0.2471	-0.3458	0.4250	-0.9503
0.2463	-0.3476	0.4260	-0.9544
0.2454	-0.3494	0.4270	-0.9585
0.2446	-0.3512	0.4280	-0.9626
0.2431	-0.3522	0.4280	-0.9667
0.2422	-0.3541	0.4290	-0.9708
0.2408	-0.3550	0.4290	-0.9748
0.2399	-0.3569	0.4300	-0.9790
0.2384	-0.3579	0.4300	-0.9831
0.2375	-0.3596	0.4310	-0.9871
0.2370	-0.3612	0.4320	-0.9902
0.2355	-0.3622	0.4320	-0.9942
0.2346	-0.3640	0.4330	-0.9983
0.2336	-0.3658	0.4340	-1.0025
0.2327	-0.3676	0.4350	-1.0065
0.2317	-0.3694	0.4360	-1.0106
0.2301	-0.3703	0.4360	-1.0147
0.2292	-0.3721	0.4370	-1.0188
0.2282	-0.3739	0.4380	-1.0229
0.2271	-0.3757	0.4390	-1.0270
0.2265	-0.3772	0.4400	-1.0300
0.2255	-0.3790	0.4410	-1.0341
0.2240	-0.3799	0.4410	-1.0381
0.2229	-0.3817	0.4420	-1.0422
0.2213	-0.3826	0.4420	-1.0464
0.2203	-0.3844	0.4430	-1.0504
0.2192	-0.3861	0.4440	-1.0545
0.2181	-0.3879	0.4450	-1.0586
0.2171	-0.3896	0.4460	-1.0624
0.2160	-0.3914	0.4470	-1.0665
0.2144	-0.3922	0.4470	-1.0706
0.2136	-0.3938	0.4480	-1.0739
0.2124	-0.3956	0.4490	-1.0780
0.2113	-0.3973	0.4500	-1.0820
0.2101	-0.3991	0.4510	-1.0862
0.2090	-0.4008	0.4520	-1.0900
0.2079	-0.4025	0.4530	-1.0940
0.2067	-0.4042	0.4540	-1.0981
0.2055	-0.4060	0.4550	-1.1023
0.2046	-0.4075	0.4560	-1.1055
0.2034	-0.4093	0.4570	-1.1096
0.2021	-0.4110	0.4580	-1.1137
0.2010	-0.4126	0.4590	-1.1175
0.1997	-0.4144	0.4600	-1.1216
0.1985	-0.4161	0.4610	-1.1257
0.1972	-0.4178	0.4620	-1.1298
0.1959	-0.4195	0.4630	-1.1339
0.1954	-0.4220	0.4650	-1.1372
0.1942	-0.4236	0.4660	-1.1410
0.1929	-0.4253	0.4670	-1.1450
0.1915	-0.4270	0.4680	-1.1491
0.1898	-0.4278	0.4680	-1.1533
0.1889	-0.4304	0.4700	-1.1573
0.1879	-0.4330	0.4720	-1.1614
0.1869	-0.4345	0.4730	-1.1647
0.1856	-0.4362	0.4740	-1.1685
0.1842	-0.4378	0.4750	-1.1726
0.1828	-0.4395	0.4760	-1.1767
0.1814	-0.4412	0.4770	-1.1808
0.1803	-0.4438	0.4790	-1.1849
0.1789	-0.4454	0.4800	-1.1889
0.1778	-0.4480	0.4820	-1.1931
0.1768	-0.4495	0.4830	-1.1960
0.1753	-0.4511	0.4840	-1.2001
0.1742	-0.4537	0.4860	-1.2043
0.1727	-0.4554	0.4870	-1.2083
0.1715	-0.4579	0.4890	-1.2124
0.1700	-0.4596	0.4900	-1.2165
0.1685	-0.4612	0.4910	-1.2206
0.1674	-0.4626	0.4920	-1.2236
0.1662	-0.4652	0.4940	-1.2277
0.1646	-0.4668	0.4950	-1.2318
0.1633	-0.4694	0.4970	-1.2359
0.1621	-0.4719	0.4990	-1.2399
0.1605	-0.4735	0.5000	-1.2441
0.1597	-0.4759	0.5020	-1.2470
0.1581	-0.4775	0.5030	-1.2512
0.1564	-0.4791	0.5040	-1.2552
0.1551	-0.4816	0.5060	-1.2593
0.1537	-0.4842	0.5080	-1.2634
0.1520	-0.4858	0.5090	-1.2675
0.1506	-0.4883	0.5110	-1.2716
0.1489	-0.4899	0.5120	-1.2757
0.1480	-0.4922	0.5140	-1.2787
0.1460	-0.4928	0.5140	-1.2828
0.1446	-0.4953	0.5160	-1.2868
0.1431	-0.4978	0.5180	-1.2909
0.1416	-0.5004	0.5200	-1.2951
0.1401	-0.5029	0.5220	-1.2991
0.1391	-0.5052	0.5240	-1.3022
0.1376	-0.5077	0.5260	-1.3062
0.1360	-0.5102	0.5280	-1.3103
0.1344	-0.5127	0.5300	-1.3144
0.1328	-0.5152	0.5320	-1.3185
0.1307	-0.5157	0.5320	-1.3226
0.1291	-0.5182	0.5340	-1.3267
0.1280	-0.5205	0.5360	-1.3297
0.1263	-0.5230	0.5380	-1.3338
0.1247	-0.5254	0.5400	-1.3378
0.1230	-0.5279	0.5420	-1.3419
0.1212	-0.5303	0.5440	-1.3461
0.1196	-0.5327	0.5460	-1.3499
0.1183	-0.5351	0.5480	-1.3532
0.1166	-0.5375	0.5500	-1.3572
0.1148	-0.5399	0.5520	-1.3613
0.1130	-0.5424	0.5540	-1.3654
0.1113	-0.5447	0.5560	-1.3692
0.1095	-0.5472	0.5580	-1.3733
0.1081	-0.5495	0.5600	-1.3766
0.1062	-0.5519	0.5620	-1.3807
0.1047	-0.5562	0.5660	-1.3848
0.1033	-0.5606	0.5700	-1.3885
0.1010	-0.5610	0.5700	-1.3927
0.0983	-0.5594	0.5680	-1.3968
0.0964	-0.5618	0.5700	-1.4008
0.0952	-0.5660	0.5740	-1.4042
0.0937	-0.5703	0.5780	-1.4079
0.0920	-0.5747	0.5820	-1.4120
0.0900	-0.5770	0.5840	-1.4162
0.0884	-0.5793	0.5860	-1.4194
0.0863	-0.5816	0.5880	-1.4235
0.0844	-0.5839	0.5900	-1.4273
0.0823	-0.5863	0.5920	-1.4314
0.0801	-0.5886	0.5940	-1.4355
0.0783	-0.5929	0.5980	-1.4395
0.0766	-0.5951	0.6000	-1.4428
0.0748	-0.5994	0.6040	-1.4466
0.0723	-0.5997	0.6040	-1.4508
0.0703	-0.6039	0.6080	-1.4549
0.0681	-0.6062	0.6100	-1.4589
0.0660	-0.6104	0.6140	-1.4630
0.0646	-0.6146	0.6180	-1.4660
0.0623	-0.6169	0.6200	-1.4701
0.0600	-0.6191	0.6220	-1.4743
0.0576	-0.6213	0.6240	-1.4783
0.0554	-0.6255	0.6280	-1.4824
0.0530	-0.6278	0.6300	-1.4865
0.0515	-0.6319	0.6340	-1.4895
0.0490	-0.6341	0.6360	-1.4936
0.0468	-0.6383	0.6400	-1.4976
0.0443	-0.6405	0.6420	-1.5018
0.0418	-0.6426	0.6440	-1.5059
0.0401	-0.6468	0.6480	-1.5089
0.0377	-0.6509	0.6520	-1.5129
0.0352	-0.6531	0.6540	-1.5170
0.0327	-0.6572	0.6580	-1.5211
0.0302	-0.6613	0.6620	-1.5252
0.0276	-0.6634	0.6640	-1.5293
0.0257	-0.6655	0.6660	-1.5323
0.0231	-0.6696	0.6700	-1.5364
0.0205	-0.6777	0.6780	-1.5405
0.0179	-0.6818	0.6820	-1.5445
0.0151	-0.6818	0.6820	-1.5486
0.0132	-0.6859	0.6860	-1.5516
0.0104	-0.6899	0.6900	-1.5557
0.0076	-0.6940	0.6940	-1.5599
0.0048	-0.6980	0.6980	-1.5639
0.0020	-0.7020	0.7020	-1.5680
-0.0001	-0.7060	0.7060	-1.5710
-0.0031	-0.7100	0.7100	-1.5751
-0.0060	-0.7140	0.7140	-1.5792
-0.0089	-0.7179	0.7180	-1.5833
-0.0120	-0.7219	0.7220	-1.5874
-0.0142	-0.7259	0.7260	-1.5904
-0.0173	-0.7298	0.7300	-1.5945
-0.0204	-0.7337	0.7340	-1.5986
-0.0236	-0.7396	0.7400	-1.6026
-0.0267	-0.7435	0.7440	-1.6067
-0.0291	-0.7474	0.7480	-1.6097
-0.0324	-0.7513	0.7520	-1.6138
-0.0357	-0.7572	0.7580	-1.6180
-0.0391	-0.7630	0.7640	-1.6220
-0.0425	-0.7668	0.7680	-1.6261
-0.0450	-0.7707	0.7720	-1.6291
-0.0483	-0.7765	0.7780	-1.6329
-0.0518	-0.7803	0.7820	-1.6370
-0.0550	-0.7841	0.7860	-1.6409
-0.0586	-0.7898	0.7920	-1.6449
-0.0615	-0.7956	0.7980	-1.6479
-0.0650	-0.8014	0.8040	-1.6517
-0.0688	-0.8071	0.8100	-1.6558
-0.0724	-0.8128	0.8160	-1.6597
-0.0754	-0.8185	0.8220	-1.6626
-0.0791	-0.8242	0.8280	-1.6665
-0.0829	-0.8279	0.8320	-1.6706
-0.0866	-0.8315	0.8360	-1.6746
-0.0907	-0.8391	0.8440	-1.6785
-0.0941	-0.8468	0.8520	-1.6814
-0.0980	-0.8524	0.8580	-1.6853
-0.1022	-0.8579	0.8640	-1.6894
-0.1062	-0.8635	0.8700	-1.6932
-0.1102	-0.8670	0.8740	-1.6973
-0.1139	-0.8746	0.8820	-1.7003
-0.1183	-0.8821	0.8900	-1.7041
-0.1230	-0.8895	0.8980	-1.7082
-0.1275	-0.8970	0.9060	-1.7120
-0.1310	-0.9025	0.9120	-1.7150
-0.1360	-0.9099	0.9200	-1.7191
-0.1407	-0.9173	0.9280	-1.7229
-0.1456	-0.9246	0.9360	-1.7270
-0.1501	-0.9300	0.9420	-1.7308
-0.1542	-0.9374	0.9500	-1.7338
-0.1597	-0.9466	0.9600	-1.7379
-0.1647	-0.9539	0.9680	-1.7417
-0.1700	-0.9611	0.9760	-1.7459
-0.1746	-0.9704	0.9860	-1.7488
-0.1798	-0.9776	0.9940	-1.7527
