x	y	r	phi
-0.4833	0.8709	0.9960	2.0775
-0.4779	0.8693	0.9920	2.0735
-0.4724	0.8677	0.9880	2.0693
-0.4672	0.8660	0.9840	2.0655
-0.4608	0.8649	0.9800	2.0603
-0.4555	0.8632	0.9760	2.0563
-0.4503	0.8614	0.9720	2.0525
-0.4449	0.8597	0.9680	2.0483
-0.4404	0.8598	0.9660	2.0442
-0.4352	0.8580	0.9620	2.0402
-0.4298	0.8562	0.9580	2.0361
-0.4236	0.8526	0.9520	2.0319
-0.4184	0.8507	0.9480	2.0279
-0.4125	0.8491	0.9440	2.0230
-0.4081	0.8490	0.9420	2.0189
-0.4038	0.8489	0.9400	2.0148
-0.3988	0.8468	0.9360	2.0110
-0.3937	0.8448	0.9320	2.0069
-0.3885	0.8427	0.9280	2.0028
-0.3842	0.8425	0.9260	1.9987
-0.3792	0.8404	0.9220	1.9947
-0.3741	0.8383	0.9180	1.9905
-0.3698	0.8380	0.9160	1.9864
-0.3659	0.8376	0.9140	1.9827
-0.3600	0.8358	0.9100	1.9775
-0.3557	0.8354	0.9080	1.9734
-0.3510	0.8331	0.9040	1.9695
-0.3468	0.8327	0.9020	1.9654
-0.3419	0.8304	0.8980	1.9614
-0.3370	0.8281	0.8940	1.9573
-0.3328	0.8276	0.8920	1.9531
-0.3280	0.8252	0.8880	1.9491
-0.3239	0.8247	0.8860	1.9450
-0.3200	0.8241	0.8840	1.9412
-0.3152	0.8216	0.8800	1.9371
-0.3102	0.8214	0.8780	1.9320
-0.3055	0.8189	0.8740	1.9278
-0.3016	0.8182	0.8720	1.9240
-0.2976	0.8175	0.8700	1.9199
-0.2936	0.8168	0.8680	1.9158
-0.2889	0.8143	0.8640	1.9117
-0.2849	0.8136	0.8620	1.9076
-0.2809	0.8128	0.8600	1.9036
-0.2765	0.8101	0.8560	1.8997
-0.2725	0.8093	0.8540	1.8956
-0.2687	0.8085	0.8520	1.8916
-0.2647	0.8077	0.8500	1.8875
-0.2595	0.8052	0.8460	1.8826
-0.2556	0.8044	0.8440	1.8785
-0.2523	0.8054	0.8440	1.8743
-0.2478	0.8026	0.8400	1.8703
-0.2440	0.8017	0.8380	1.8662
-0.2401	0.8008	0.8360	1.8621
-0.2359	0.7978	0.8320	1.8583
-0.2326	0.7988	0.8320	1.8542
-0.2288	0.7978	0.8300	1.8501
-0.2245	0.7949	0.8260	1.8461
-0.2207	0.7939	0.8240	1.8419
-0.2169	0.7929	0.8220	1.8378
-0.2132	0.7918	0.8200	1.8338
-0.2087	0.7909	0.8180	1.8288
-0.2050	0.7898	0.8160	1.8248
-0.2013	0.7887	0.8140	1.8206
-0.1978	0.7876	0.8120	1.8168
-0.1941	0.7864	0.8100	1.8128
-0.1904	0.7852	0.8080	1.8087
-0.1867	0.7841	0.8060	1.8045
-0.1831	0.7829	0.8040	1.8005
-0.1789	0.7797	0.8000	1.7964
-0.1757	0.7805	0.8000	1.7923
-0.1723	0.7792	0.7980	1.7884
-0.1627	0.7812	0.7980	1.7762
-0.0214	0.1989	0.2000	1.6780
-0.0206	0.1989	0.2000	1.6740
-0.0198	0.1990	0.2000	1.6698
-0.0190	0.1991	0.2000	1.6657
-0.0179	0.1982	0.1990	1.6608
-0.0171	0.1983	0.1990	1.6570
-0.0161	0.1973	0.1980	1.6521
-0.0153	0.1974	0.1980	1.6483
-0.0146	0.1975	0.1980	1.6444
-0.0138	0.1975	0.1980	1.6404
-0.0129	0.1966	0.1970	1.6366
-0.0122	0.1966	0.1970	1.6327
-0.0112	0.1957	0.1960	1.6278
-0.0104	0.1957	0.1960	1.6240
-0.0097	0.1958	0.1960	1.6202
-0.0089	0.1958	0.1960	1.6164
-0.0082	0.1958	0.1960	1.6126
-0.0072	0.1949	0.1950	1.6076
-0.0064	0.1949	0.1950	1.6039
-0.0056	0.1949	0.1950	1.5998
-0.0049	0.1939	0.1940	1.5959
-0.0041	0.1940	0.1940	1.5921
-0.0034	0.1940	0.1940	1.5883
-0.0024	0.1930	0.1930	1.5834
-0.0017	0.1930	0.1930	1.5796
-0.0010	0.1930	0.1930	1.5758
-0.0002	0.1930	0.1930	1.5719
0.0006	0.1930	0.1930	1.5678
0.0015	0.1920	0.1920	1.5632
0.0022	0.1920	0.1920	1.5594
0.0030	0.1920	0.1920	1.5553
0.0037	0.1920	0.1920	1.5515
0.0044	0.1919	0.1920	1.5477
0.0051	0.1909	0.1910	1.5439
0.0059	0.1909	0.1910	1.5400
0.0068	0.1899	0.1900	1.5351
0.0075	0.1899	0.1900	1.5313
0.0084	0.1888	0.1890	1.5264
0.0091	0.1888	0.1890	1.5226
0.0098	0.1887	0.1890	1.5187
0.0106	0.1887	0.1890	1.5147
0.0113	0.1887	0.1890	1.5109
0.0119	0.1896	0.1900	1.5081
0.0127	0.1896	0.1900	1.5041
0.0135	0.1885	0.1890	1.4994
0.0142	0.1885	0.1890	1.4953
0.0149	0.1874	0.1880	1.4915
0.0156	0.1874	0.1880	1.4877
0.0163	0.1873	0.1880	1.4838
0.0170	0.1872	0.1880	1.4800
0.0178	0.1872	0.1880	1.4762
0.0185	0.1871	0.1880	1.4721
0.0192	0.1870	0.1880	1.4683
0.0200	0.1859	0.1870	1.4634
0.0208	0.1858	0.1870	1.4596
0.0215	0.1858	0.1870	1.4557
0.0222	0.1857	0.1870	1.4519
0.0229	0.1856	0.1870	1.4481
0.0236	0.1855	0.1870	1.4443
0.0243	0.1854	0.1870	1.4402
0.0251	0.1853	0.1870	1.4364
0.0258	0.1842	0.1860	1.4315
0.0265	0.1841	0.1860	1.4277
0.0272	0.1840	0.1860	1.4238
0.0279	0.1839	0.1860	1.4201
0.0286	0.1838	0.1860	1.4162
0.0293	0.1837	0.1860	1.4124
0.0301	0.1835	0.1860	1.4083
0.0308	0.1834	0.1860	1.4045
0.0315	0.1833	0.1860	1.4007
0.0320	0.1822	0.1850	1.3969
0.0327	0.1821	0.1850	1.3930
0.0335	0.1819	0.1850	1.3889
0.0342	0.1818	0.1850	1.3851
0.0348	0.1817	0.1850	1.3813
0.0355	0.1816	0.1850	1.3775
0.0362	0.1814	0.1850	1.3737
0.0369	0.1813	0.1850	1.3698
0.0377	0.1811	0.1850	1.3657
0.0384	0.1810	0.1850	1.3620
0.0390	0.1808	0.1850	1.3581
0.0397	0.1807	0.1850	1.3543
0.0404	0.1805	0.1850	1.3505
0.0411	0.1804	0.1850	1.3466
0.0418	0.1792	0.1840	1.3418
0.0425	0.1790	0.1840	1.3379
0.0432	0.1789	0.1840	1.3339
0.0439	0.1787	0.1840	1.3301
0.0446	0.1785	0.1840	1.3262
0.0453	0.1794	0.1850	1.3233
0.0460	0.1792	0.1850	1.3194
0.0466	0.1780	0.1840	1.3148
0.0473	0.1778	0.1840	1.3107
0.0480	0.1776	0.1840	1.3069
0.0487	0.1774	0.1840	1.3030
0.0494	0.1773	0.1840	1.2992
0.0502	0.1781	0.1850	1.2962
0.0508	0.1779	0.1850	1.2924
0.0515	0.1777	0.1850	1.2885
0.0522	0.1775	0.1850	1.2848
0.0529	0.1773	0.1850	1.2807
0.0534	0.1761	0.1840	1.2761
0.0541	0.1759	0.1840	1.2722
0.0548	0.1757	0.1840	1.2684
0.0556	0.1764	0.1850	1.2654
0.0563	0.1762	0.1850	1.2616
0.0568	0.1750	0.1840	1.2567
0.0576	0.1758	0.1850	1.2539
0.0583	0.1756	0.1850	1.2501
0.0590	0.1753	0.1850	1.2464
0.0596	0.1751	0.1850	1.2425
0.0603	0.1749	0.1850	1.2387
0.0610	0.1746	0.1850	1.2346
0.0617	0.1744	0.1850	1.2307
0.0624	0.1742	0.1850	1.2270
0.0630	0.1739	0.1850	1.2232
0.0637	0.1737	0.1850	1.2193
0.0644	0.1734	0.1850	1.2155
0.0650	0.1732	0.1850	1.2117
0.0660	0.1739	0.1860	1.2079
0.0667	0.1736	0.1860	1.2041
0.0674	0.1734	0.1860	1.2002
0.0680	0.1731	0.1860	1.1964
0.0687	0.1729	0.1860	1.1926
0.0694	0.1726	0.1860	1.1885
0.0700	0.1723	0.1860	1.1847
0.0707	0.1720	0.1860	1.1809
0.0716	0.1728	0.1870	1.1781
0.0722	0.1725	0.1870	1.1744
0.0727	0.1712	0.1860	1.1694
0.0733	0.1709	0.1860	1.1656
0.0740	0.1707	0.1860	1.1618
0.0746	0.1704	0.1860	1.1580
0.0755	0.1711	0.1870	1.1550
0.0762	0.1708	0.1870	1.1512
0.0768	0.1705	0.1870	1.1473
0.0775	0.1702	0.1870	1.1435
0.0781	0.1699	0.1870	1.1397
0.0788	0.1696	0.1870	1.1359
0.0797	0.1703	0.1880	1.1328
0.0804	0.1699	0.1880	1.1290
0.0810	0.1696	0.1880	1.1253
0.0817	0.1693	0.1880	1.1214
0.0828	0.1699	0.1890	1.1176
0.0834	0.1696	0.1890	1.1138
0.0841	0.1693	0.1890	1.1099
0.0847	0.1690	0.1890	1.1062
0.0853	0.1686	0.1890	1.1024
0.0860	0.1683	0.1890	1.0985
0.0866	0.1680	0.1890	1.0947
0.0873	0.1676	0.1890	1.0909
0.0882	0.1683	0.1900	1.0879
0.0889	0.1679	0.1900	1.0840
0.0895	0.1676	0.1900	1.0802
0.0905	0.1682	0.1910	1.0772
0.0911	0.1679	0.1910	1.0734
0.0918	0.1675	0.1910	1.0696
0.0924	0.1672	0.1910	1.0658
0.0930	0.1668	0.1910	1.0620
0.0942	0.1673	0.1920	1.0582
0.0948	0.1670	0.1920	1.0543
0.0950	0.1657	0.1910	1.0505
0.0956	0.1654	0.1910	1.0467
0.0962	0.1650	0.1910	1.0429
0.0973	0.1655	0.1920	1.0391
0.0983	0.1661	0.1930	1.0361
0.0990	0.1657	0.1930	1.0323
0.0996	0.1653	0.1930	1.0284
0.1006	0.1659	0.1940	1.0257
0.1013	0.1655	0.1940	1.0216
0.1019	0.1651	0.1940	1.0178
0.1025	0.1647	0.1940	1.0140
0.1032	0.1643	0.1940	1.0101
0.1038	0.1639	0.1940	1.0063
0.1049	0.1644	0.1950	1.0026
0.1059	0.1649	0.1960	0.9998
0.1066	0.1645	0.1960	0.9957
0.1072	0.1641	0.1960	0.9919
0.1079	0.1637	0.1960	0.9881
0.1085	0.1632	0.1960	0.9842
0.1095	0.1638	0.1970	0.9816
0.1101	0.1634	0.1970	0.9777
0.1107	0.1629	0.1970	0.9739
0.1114	0.1625	0.1970	0.9698
0.1126	0.1629	0.1980	0.9660
0.1132	0.1624	0.1980	0.9622
0.1142	0.1630	0.1990	0.9594
0.1149	0.1625	0.1990	0.9556
0.1155	0.1621	0.1990	0.9518
0.1161	0.1616	0.1990	0.9480
0.1172	0.1621	0.2000	0.9449
0.1178	0.1617	0.2000	0.9412
0.1190	0.1620	0.2010	0.9374
0.1196	0.1615	0.2010	0.9335
0.1202	0.1611	0.2010	0.9297
0.1208	0.1606	0.2010	0.9259
0.1219	0.1611	0.2020	0.9229
0.1226	0.1606	0.2020	0.9188
0.1238	0.1609	0.2030	0.9150
0.1244	0.1604	0.2030	0.9109
0.1251	0.1599	0.2030	0.9068
0.1262	0.1603	0.2040	0.9038
0.1269	0.1598	0.2040	0.8997
0.1280	0.1602	0.2050	0.8967
0.1286	0.1597	0.2050	0.8929
0.1292	0.1592	0.2050	0.8888
0.1305	0.1594	0.2060	0.8847
0.1312	0.1589	0.2060	0.8806
0.1318	0.1583	0.2060	0.8768
0.1329	0.1587	0.2070	0.8738
0.1335	0.1582	0.2070	0.8697
0.1342	0.1576	0.2070	0.8656
0.1355	0.1578	0.2080	0.8615
0.1361	0.1573	0.2080	0.8577
0.1372	0.1576	0.2090	0.8544
0.1378	0.1571	0.2090	0.8506
0.1391	0.1573	0.2100	0.8466
0.1398	0.1567	0.2100	0.8424
0.1404	0.1562	0.2100	0.8386
0.1416	0.1565	0.2110	0.8353
0.1422	0.1559	0.2110	0.8315
0.1433	0.1562	0.2120	0.8285
0.1439	0.1556	0.2120	0.8244
0.1453	0.1558	0.2130	0.8204
0.1459	0.1552	0.2130	0.8163
0.1470	0.1555	0.2140	0.8133
0.1483	0.1556	0.2150	0.8095
0.1490	0.1550	0.2150	0.8053
0.1496	0.1544	0.2150	0.8012
0.1508	0.1547	0.2160	0.7982
0.1514	0.1541	0.2160	0.7942
0.1520	0.1535	0.2160	0.7904
0.1533	0.1536	0.2170	0.7863
0.1545	0.1538	0.2180	0.7833
0.1551	0.1532	0.2180	0.7792
0.1565	0.1532	0.2190	0.7750
0.1571	0.1526	0.2190	0.7710
0.1583	0.1528	0.2200	0.7679
0.1588	0.1522	0.2200	0.7642
0.1602	0.1523	0.2210	0.7601
0.1608	0.1516	0.2210	0.7560
0.1620	0.1518	0.2220	0.7530
0.1626	0.1511	0.2220	0.7489
0.1639	0.1512	0.2230	0.7451
0.1645	0.1505	0.2230	0.7410
0.1657	0.1507	0.2240	0.7380
0.1671	0.1507	0.2250	0.7339
0.1677	0.1500	0.2250	0.7298
0.1689	0.1502	0.2260	0.7268
0.1695	0.1495	0.2260	0.7227
0.1708	0.1495	0.2270	0.7189
0.1714	0.1488	0.2270	0.7148
0.1726	0.1489	0.2280	0.7118
0.1740	0.1489	0.2290	0.7077
0.1752	0.1490	0.2300	0.7048
0.1758	0.1483	0.2300	0.7006
0.1772	0.1483	0.2310	0.6968
0.1778	0.1475	0.2310	0.6927
0.1790	0.1476	0.2320	0.6897
0.1796	0.1469	0.2320	0.6856
0.1809	0.1468	0.2330	0.6816
0.1823	0.1467	0.2340	0.6774
0.1835	0.1468	0.2350	0.6745
0.1849	0.1467	0.2360	0.6706
0.1855	0.1459	0.2360	0.6665
0.1867	0.1460	0.2370	0.6635
0.1881	0.1458	0.2380	0.6594
0.1887	0.1451	0.2380	0.6554
0.1899	0.1451	0.2390	0.6523
0.1913	0.1449	0.2400	0.6483
0.1919	0.1442	0.2400	0.6445
0.1933	0.1440	0.2410	0.6403
0.1945	0.1440	0.2420	0.6374
0.1959	0.1438	0.2430	0.6332
0.1965	0.1430	0.2430	0.6292
0.1977	0.1430	0.2440	0.6262
0.1991	0.1428	0.2450	0.6224
0.2003	0.1427	0.2460	0.6191
0.2017	0.1426	0.2470	0.6153
0.2023	0.1417	0.2470	0.6112
0.2037	0.1415	0.2480	0.6071
0.2049	0.1414	0.2490	0.6041
0.2063	0.1412	0.2500	0.6000
0.2076	0.1411	0.2510	0.5970
0.2090	0.1408	0.2520	0.5929
0.2104	0.1406	0.2530	0.5890
0.2116	0.1405	0.2540	0.5861
0.2122	0.1396	0.2540	0.5820
0.2136	0.1393	0.2550	0.5779
0.2150	0.1390	0.2560	0.5738
0.2163	0.1389	0.2570	0.5708
0.2176	0.1386	0.2580	0.5670
0.2189	0.1384	0.2590	0.5637
0.2203	0.1381	0.2600	0.5599
0.2217	0.1377	0.2610	0.5558
0.2229	0.1376	0.2620	0.5531
0.2244	0.1372	0.2630	0.5490
0.2257	0.1369	0.2640	0.5452
0.2270	0.1367	0.2650	0.5422
0.2284	0.1363	0.2660	0.5381
0.2298	0.1360	0.2670	0.5343
0.2311	0.1358	0.2680	0.5312
0.2324	0.1354	0.2690	0.5275
0.2339	0.1349	0.2700	0.5234
0.2360	0.1352	0.2720	0.5204
0.2374	0.1348	0.2730	0.5166
0.2386	0.1346	0.2740	0.5136
0.2401	0.1341	0.2750	0.5095
0.2415	0.1337	0.2760	0.5056
0.2427	0.1334	0.2770	0.5027
0.2450	0.1335	0.2790	0.4988
0.2463	0.1332	0.2800	0.4959
0.2477	0.1327	0.2810	0.4917
0.2491	0.1322	0.2820	0.4879
0.2513	0.1324	0.2840	0.4849
0.2526	0.1319	0.2850	0.4811
0.2539	0.1316	0.2860	0.4781
0.2562	0.1315	0.2880	0.4740
0.2576	0.1309	0.2890	0.4702
0.2589	0.1306	0.2900	0.4672
0.2612	0.1305	0.2920	0.4634
0.2625	0.1302	0.2930	0.4604
0.2639	0.1295	0.2940	0.4563
0.2662	0.1294	0.2960	0.4524
0.2684	0.1295	0.2980	0.4495
0.2698	0.1288	0.2990	0.4453
0.2720	0.1289	0.3010	0.4426
0.2734	0.1282	0.3020	0.4385
0.2748	0.1276	0.3030	0.4348
0.2770	0.1276	0.3050	0.4317
0.2793	0.1273	0.3070	0.4277
0.2806	0.1269	0.3080	0.4246
0.2830	0.1266	0.3100	0.4208
0.2843	0.1260	0.3110	0.4171
0.2866	0.1259	0.3130	0.4140
0.2889	0.1255	0.3150	0.4100
0.2902	0.1251	0.3160	0.4069
0.2925	0.1248	0.3180	0.4031
0.2947	0.1246	0.3200	0.4001
0.2971	0.1243	0.3220	0.3962
0.2993	0.1242	0.3240	0.3933
0.3007	0.1233	0.3250	0.3892
0.3030	0.1229	0.3270	0.3854
0.3052	0.1227	0.3290	0.3823
0.3076	0.1223	0.3310	0.3783
0.3098	0.1221	0.3330	0.3755
0.3121	0.1216	0.3350	0.3715
0.3144	0.1214	0.3370	0.3684
0.3167	0.1209	0.3390	0.3647
0.3191	0.1203	0.3410	0.3606
0.3213	0.1201	0.3430	0.3576
0.3236	0.1195	0.3450	0.3538
0.3259	0.1192	0.3470	0.3507
0.3282	0.1187	0.3490	0.3470
0.3306	0.1180	0.3510	0.3428
0.3338	0.1180	0.3540	0.3399
0.3361	0.1174	0.3560	0.3360
0.3383	0.1170	0.3580	0.3331
0.3416	0.1167	0.3610	0.3292
0.3439	0.1163	0.3630	0.3262
0.3462	0.1156	0.3650	0.3221
0.3494	0.1154	0.3680	0.3191
0.3518	0.1147	0.3700	0.3153
0.3550	0.1146	0.3730	0.3123
0.3573	0.1139	0.3750	0.3085
0.3606	0.1133	0.3780	0.3044
0.3629	0.1128	0.3800	0.3014
0.3662	0.1123	0.3830	0.2976
0.3694	0.1120	0.3860	0.2945
0.3717	0.1111	0.3880	0.2905
0.3749	0.1110	0.3910	0.2877
0.3783	0.1103	0.3940	0.2837
0.3815	0.1100	0.3970	0.2806
0.3848	0.1093	0.4000	0.2769
0.3881	0.1086	0.4030	0.2728
0.3913	0.1082	0.4060	0.2698
0.3946	0.1075	0.4090	0.2660
0.3978	0.1071	0.4120	0.2630
0.4011	0.1063	0.4150	0.2591
0.4044	0.1059	0.4180	0.2561
0.4077	0.1050	0.4210	0.2521
0.4119	0.1048	0.4250	0.2493
0.4152	0.1039	0.4280	0.2452
0.4194	0.1036	0.4320	0.2422
0.4227	0.1027	0.4350	0.2384
0.4260	0.1017	0.4380	0.2343
0.4302	0.1013	0.4420	0.2313
0.4345	0.1006	0.4460	0.2275
0.4377	0.0999	0.4490	0.2244
0.4420	0.0992	0.4530	0.2207
0.4462	0.0987	0.4570	0.2176
0.4505	0.0979	0.4610	0.2139
0.4547	0.0974	0.4650	0.2111
0.4590	0.0964	0.4690	0.2070
0.4632	0.0960	0.4730	0.2043
0.4684	0.0952	0.4780	0.2005
0.4727	0.0942	0.4820	0.1966
0.4769	0.0935	0.4860	0.1937
0.4822	0.0926	0.4910	0.1898
0.4864	0.0920	0.4950	0.1869
0.4916	0.0910	0.5000	0.1830
0.4968	0.0904	0.5050	0.1801
0.5001	0.0891	0.5080	0.1762
0.5063	0.0887	0.5140	0.1735
0.5106	0.0875	0.5180	0.1697
0.5167	0.0869	0.5240	0.1666
0.5230	0.0860	0.5300	0.1629
0.5292	0.0853	0.5360	0.1598
0.5334	0.0839	0.5400	0.1561
0.5397	0.0828	0.5460	0.1522
0.5459	0.0820	0.5520	0.1492
0.5521	0.0809	0.5580	0.1454
0.5583	0.0802	0.5640	0.1427
0.5687	0.0777	0.5740	0.1359
0.5789	0.0769	0.5840	0.1320
0.5851	0.0759	0.5900	0.1290
0.5913	0.0744	0.5960	0.1252
0.5995	0.0738	0.6040	0.1225
0.6057	0.0721	0.6100	0.1184
0.6139	0.0714	0.6180	0.1157
0.6221	0.0699	0.6260	0.1119
0.6303	0.0689	0.6340	0.1088
0.6387	0.0649	0.6420	0.1012
0.6643	0.0481	0.6660	0.0723
0.6625	0.0447	0.6640	0.0674
0.6627	0.0422	0.6640	0.0636
0.6628	0.0396	0.6640	0.0597
0.6610	0.0369	0.6620	0.0557
0.6611	0.0343	0.6620	0.0519
0.6592	0.0317	0.6600	0.0480
0.6594	0.0292	0.6600	0.0442
0.6595	0.0266	0.6600	0.0404
0.6596	0.0242	0.6600	0.0366
0.6576	0.0216	0.6580	0.0328
0.6577	0.0189	0.6580	0.0287
0.6578	0.0163	0.6580	0.0248
0.6559	0.0138	0.6560	0.0211
0.6559	0.0113	0.6560	0.0173
0.6559	0.0088	0.6560	0.0134
0.6540	0.0063	0.6540	0.0096
0.6540	0.0036	0.6540	0.0055
0.6540	0.0011	0.6540	0.0017
0.6540	-0.0014	0.6540	-0.0021
0.6540	-0.0039	0.6540	-0.0059
0.6520	-0.0064	0.6520	-0.0098
0.6519	-0.0089	0.6520	-0.0136
0.6519	-0.0114	0.6520	-0.0174
0.6518	-0.0140	0.6520	-0.0215
0.6498	-0.0165	0.6500	-0.0253
0.6497	-0.0189	0.6500	-0.0291
0.6496	-0.0214	0.6500	-0.0330
0.6496	-0.0239	0.6500	-0.0368
0.6495	-0.0264	0.6500	-0.0406
0.6474	-0.0289	0.6480	-0.0447
0.6472	-0.0314	0.6480	-0.0485
0.6471	-0.0339	0.6480	-0.0523
0.6470	-0.0363	0.6480	-0.0561
0.6468	-0.0388	0.6480	-0.0599
0.6446	-0.0418	0.6460	-0.0648
0.6445	-0.0443	0.6460	-0.0686
0.6463	-0.0464	0.6480	-0.0717
0.6441	-0.0493	0.6460	-0.0763
0.6439	-0.0519	0.6460	-0.0804
0.6437	-0.0543	0.6460	-0.0842
0.6435	-0.0568	0.6460	-0.0880
0.6433	-0.0592	0.6460	-0.0918
0.6430	-0.0617	0.6460	-0.0957
0.6408	-0.0640	0.6440	-0.0995
0.6406	-0.0666	0.6440	-0.1035
0.6403	-0.0690	0.6440	-0.1074
0.6400	-0.0715	0.6440	-0.1112
0.6397	-0.0739	0.6440	-0.1150
0.6375	-0.0761	0.6420	-0.1189
0.6392	-0.0788	0.6440	-0.1227
0.6389	-0.0812	0.6440	-0.1265
0.6385	-0.0839	0.6440	-0.1306
0.6382	-0.0863	0.6440	-0.1344
0.6378	-0.0889	0.6440	-0.1384
0.6375	-0.0915	0.6440	-0.1426
0.6371	-0.0939	0.6440	-0.1464
0.6367	-0.0966	0.6440	-0.1505
0.6343	-0.0988	0.6420	-0.1545
0.6340	-0.1013	0.6420	-0.1584
0.6335	-0.1039	0.6420	-0.1625
0.6331	-0.1064	0.6420	-0.1665
0.6327	-0.1088	0.6420	-0.1704
0.6342	-0.1118	0.6440	-0.1745
0.6338	-0.1144	0.6440	-0.1786
0.6333	-0.1170	0.6440	-0.1826
0.6328	-0.1194	0.6440	-0.1865
0.6304	-0.1216	0.6420	-0.1906
0.6299	-0.1242	0.6420	-0.1946
0.6314	-0.1270	0.6440	-0.1985
0.6308	-0.1296	0.6440	-0.2026
0.6303	-0.1322	0.6440	-0.2067
0.6298	-0.1345	0.6440	-0.2104
0.6292	-0.1371	0.6440	-0.2146
0.6287	-0.1397	0.6440	-0.2187
0.6281	-0.1421	0.6440	-0.2225
0.6275	-0.1447	0.6440	-0.2265
0.6289	-0.1477	0.6460	-0.2307
0.6264	-0.1496	0.6440	-0.2345
0.6258	-0.1522	0.6440	-0.2385
0.6271	-0.1552	0.6460	-0.2427
0.6264	-0.1578	0.6460	-0.2468
0.6258	-0.1602	0.6460	-0.2506
0.6252	-0.1627	0.6460	-0.2546
0.6245	-0.1653	0.6460	-0.2588
0.6239	-0.1677	0.6460	-0.2626
0.6232	-0.1702	0.6460	-0.2666
0.6225	-0.1728	0.6460	-0.2707
0.6239	-0.1752	0.6480	-0.2737
0.6232	-0.1776	0.6480	-0.2776
0.6225	-0.1801	0.6480	-0.2817
0.6217	-0.1826	0.6480	-0.2857
0.6210	-0.1852	0.6480	-0.2898
0.6203	-0.1876	0.6480	-0.2937
0.6214	-0.1907	0.6500	-0.2978
0.6206	-0.1932	0.6500	-0.3018
0.6199	-0.1956	0.6500	-0.3056
0.6191	-0.1981	0.6500	-0.3098
0.6183	-0.2006	0.6500	-0.3138
0.6194	-0.2036	0.6520	-0.3176
0.6185	-0.2062	0.6520	-0.3218
0.6177	-0.2087	0.6520	-0.3259
0.6188	-0.2117	0.6540	-0.3296
0.6179	-0.2142	0.6540	-0.3337
0.6170	-0.2168	0.6540	-0.3379
0.6162	-0.2191	0.6540	-0.3417
0.6172	-0.2223	0.6560	-0.3457
0.6163	-0.2248	0.6560	-0.3498
0.6153	-0.2274	0.6560	-0.3540
0.6145	-0.2297	0.6560	-0.3577
0.6154	-0.2329	0.6580	-0.3618
0.6144	-0.2355	0.6580	-0.3660
0.6135	-0.2378	0.6580	-0.3698
0.6126	-0.2403	0.6580	-0.3738
0.6134	-0.2435	0.6600	-0.3779
0.6125	-0.2459	0.6600	-0.3818
0.6115	-0.2484	0.6600	-0.3858
0.6123	-0.2516	0.6620	-0.3899
0.6113	-0.2540	0.6620	-0.3938
0.6103	-0.2565	0.6620	-0.3979
0.6111	-0.2597	0.6640	-0.4019
0.6101	-0.2621	0.6640	-0.4057
0.6090	-0.2646	0.6640	-0.4099
0.6100	-0.2672	0.6660	-0.4128
0.6089	-0.2697	0.6660	-0.4170
0.6097	-0.2730	0.6680	-0.4210
0.6086	-0.2753	0.6680	-0.4248
0.6075	-0.2778	0.6680	-0.4289
0.6082	-0.2811	0.6700	-0.4330
0.6071	-0.2834	0.6700	-0.4368
0.6059	-0.2859	0.6700	-0.4409
0.6065	-0.2893	0.6720	-0.4450
0.6073	-0.2924	0.6740	-0.4488
0.6060	-0.2949	0.6740	-0.4529
0.6048	-0.2974	0.6740	-0.4570
0.6054	-0.3007	0.6760	-0.4611
0.6043	-0.3031	0.6760	-0.4649
0.6030	-0.3056	0.6760	-0.4690
0.6035	-0.3090	0.6780	-0.4731
0.6024	-0.3112	0.6780	-0.4769
0.6028	-0.3146	0.6800	-0.4810
0.6015	-0.3171	0.6800	-0.4851
0.6003	-0.3194	0.6800	-0.4890
0.6008	-0.3228	0.6820	-0.4930
0.5995	-0.3252	0.6820	-0.4971
0.6002	-0.3280	0.6840	-0.5001
0.6007	-0.3312	0.6860	-0.5039
0.6011	-0.3347	0.6880	-0.5080
0.5998	-0.3371	0.6880	-0.5121
0.5985	-0.3394	0.6880	-0.5159
0.5988	-0.3429	0.6900	-0.5200
0.5974	-0.3453	0.6900	-0.5241
0.5978	-0.3486	0.6920	-0.5279
0.5964	-0.3510	0.6920	-0.5320
0.5967	-0.3543	0.6940	-0.5358
0.5970	-0.3578	0.6960	-0.5400
0.5955	-0.3602	0.6960	-0.5440
0.5959	-0.3635	0.6980	-0.5478
0.5944	-0.3660	0.6980	-0.5519
0.5947	-0.3693	0.7000	-0.5557
0.5948	-0.3728	0.7020	-0.5598
0.5954	-0.3756	0.7040	-0.5628
0.5940	-0.3779	0.7040	-0.5666
0.5941	-0.3814	0.7060	-0.5707
0.5925	-0.3839	0.7060	-0.5749
0.5928	-0.3872	0.7080	-0.5786
0.5928	-0.3907	0.7100	-0.5827
0.5913	-0.3930	0.7100	-0.5866
0.5914	-0.3965	0.7120	-0.5907
0.5914	-0.4000	0.7140	-0.5947
0.5915	-0.4034	0.7160	-0.5985
0.5899	-0.4059	0.7160	-0.6027
0.5899	-0.4093	0.7180	-0.6065
0.5883	-0.4116	0.7180	-0.6105
0.5883	-0.4150	0.7200	-0.6144
0.5883	-0.4186	0.7220	-0.6185
0.5886	-0.4215	0.7240	-0.6215
0.5885	-0.4251	0.7260	-0.6256
0.5885	-0.4285	0.7280	-0.6293
0.5868	-0.4309	0.7280	-0.6334
0.5867	-0.4344	0.7300	-0.6373
0.5865	-0.4380	0.7320	-0.6414
0.5864	-0.4415	0.7340	-0.6454
0.5862	-0.4450	0.7360	-0.6493
0.5844	-0.4474	0.7360	-0.6534
0.5843	-0.4509	0.7380	-0.6572
0.5840	-0.4544	0.7400	-0.6612
0.5839	-0.4579	0.7420	-0.6651
0.5835	-0.4615	0.7440	-0.6692
0.5837	-0.4645	0.7460	-0.6722
0.5834	-0.4682	0.7480	-0.6763
0.5831	-0.4717	0.7500	-0.6801
0.5828	-0.4753	0.7520	-0.6842
0.5825	-0.4788	0.7540	-0.6880
0.5820	-0.4825	0.7560	-0.6921
0.5816	-0.4861	0.7580	-0.6961
0.5813	-0.4896	0.7600	-0.7000
0.5808	-0.4933	0.7620	-0.7041
0.5804	-0.4968	0.7640	-0.7079
0.5799	-0.5004	0.7660	-0.7120
0.5795	-0.5040	0.7680	-0.7158
0.5795	-0.5070	0.7700	-0.7188
0.5789	-0.5107	0.7720	-0.7229
0.5783	-0.5144	0.7740	-0.7270
0.5778	-0.5180	0.7760	-0.7308
0.5772	-0.5216	0.7780	-0.7349
0.5782	-0.5265	0.7820	-0.7387
0.5760	-0.5289	0.7820	-0.7428
0.5753	-0.5326	0.7840	-0.7469
0.5762	-0.5375	0.7880	-0.7507
0.5754	-0.5413	0.7900	-0.7548
0.5748	-0.5448	0.7920	-0.7586
0.5746	-0.5479	0.7940	-0.7616
0.5738	-0.5517	0.7960	-0.7657
0.5746	-0.5567	0.8000	-0.7696
0.5737	-0.5604	0.8020	-0.7736
0.5729	-0.5641	0.8040	-0.7777
0.5721	-0.5677	0.8060	-0.7816
0.5726	-0.5729	0.8100	-0.7856
0.5719	-0.5765	0.8120	-0.7894
0.5709	-0.5803	0.8140	-0.7935
0.5713	-0.5855	0.8180	-0.7977
0.5687	-0.5908	0.8200	-0.8045
0.5534	-0.5997	0.8160	-0.8255
0.5485	-0.5988	0.8120	-0.8292
0.5433	-0.5981	0.8080	-0.8333
0.5383	-0.5972	0.8040	-0.8372
0.5332	-0.5964	0.8000	-0.8413
0.5281	-0.5956	0.7960	-0.8453
0.5226	-0.5951	0.7920	-0.8502
0.5177	-0.5941	0.7880	-0.8540
0.5139	-0.5947	0.7860	-0.8582
0.5090	-0.5937	0.7820	-0.8620
0.5040	-0.5927	0.7780	-0.8660
0.4990	-0.5917	0.7740	-0.8702
0.4955	-0.5920	0.7720	-0.8740
0.4900	-0.5914	0.7680	-0.8789
0.4850	-0.5903	0.7640	-0.8830
0.4801	-0.5891	0.7600	-0.8870
0.4766	-0.5894	0.7580	-0.8909
0.4718	-0.5881	0.7540	-0.8947
0.4681	-0.5885	0.7520	-0.8988
0.4634	-0.5872	0.7480	-0.9027
0.4600	-0.5873	0.7460	-0.9064
0.4546	-0.5864	0.7420	-0.9114
0.4510	-0.5867	0.7400	-0.9154
0.4463	-0.5852	0.7360	-0.9192
0.4429	-0.5853	0.7340	-0.9231
0.4381	-0.5840	0.7300	-0.9272
0.4347	-0.5840	0.7280	-0.9309
0.4312	-0.5840	0.7260	-0.9348
0.4260	-0.5829	0.7220	-0.9397
0.4224	-0.5830	0.7200	-0.9438
0.4179	-0.5814	0.7160	-0.9476
0.4145	-0.5814	0.7140	-0.9515
0.4098	-0.5798	0.7100	-0.9555
0.4065	-0.5797	0.7080	-0.9593
0.4031	-0.5796	0.7060	-0.9631
0.3996	-0.5796	0.7040	-0.9673
0.3956	-0.5799	0.7020	-0.9722
0.3922	-0.5798	0.7000	-0.9760
0.3878	-0.5780	0.6960	-0.9798
0.3843	-0.5779	0.6940	-0.9839
0.3810	-0.5777	0.6920	-0.9877
0.3777	-0.5774	0.6900	-0.9915
0.3742	-0.5773	0.6880	-0.9956
0.3699	-0.5753	0.6840	-0.9994
0.3660	-0.5755	0.6820	-1.0044
0.3628	-0.5752	0.6800	-1.0081
0.3595	-0.5749	0.6780	-1.0119
0.3561	-0.5746	0.6760	-1.0161
0.3528	-0.5743	0.6740	-1.0199
0.3496	-0.5739	0.6720	-1.0237
0.3462	-0.5736	0.6700	-1.0278
0.3430	-0.5732	0.6680	-1.0316
0.3398	-0.5728	0.6660	-1.0354
0.3359	-0.5727	0.6640	-1.0403
0.3326	-0.5724	0.6620	-1.0444
0.3294	-0.5719	0.6600	-1.0483
0.3262	-0.5714	0.6580	-1.0520
0.3229	-0.5710	0.6560	-1.0561
0.3197	-0.5705	0.6540	-1.0600
0.3166	-0.5700	0.6520	-1.0638
0.3133	-0.5695	0.6500	-1.0678
0.3102	-0.5689	0.6480	-1.0717
0.3080	-0.5701	0.6480	-1.0755
0.3042	-0.5699	0.6460	-1.0804
0.3010	-0.5693	0.6440	-1.0845
0.2978	-0.5687	0.6420	-1.0884
0.2947	-0.5681	0.6400	-1.0922
0.2915	-0.5675	0.6380	-1.0962
0.2885	-0.5668	0.6360	-1.1001
0.2854	-0.5661	0.6340	-1.1039
0.2831	-0.5673	0.6340	-1.1079
0.2800	-0.5666	0.6320	-1.1118
0.2763	-0.5662	0.6300	-1.1167
0.2733	-0.5654	0.6280	-1.1205
0.2701	-0.5647	0.6260	-1.1246
0.2680	-0.5657	0.6260	-1.1284
0.2650	-0.5650	0.6240	-1.1323
0.2618	-0.5642	0.6220	-1.1363
0.2588	-0.5634	0.6200	-1.1401
0.2558	-0.5626	0.6180	-1.1440
0.2535	-0.5636	0.6180	-1.1481
0.2506	-0.5627	0.6160	-1.1518
0.2470	-0.5621	0.6140	-1.1568
0.2441	-0.5612	0.6120	-1.1606
0.2419	-0.5622	0.6120	-1.1644
0.2388	-0.5613	0.6100	-1.1685
0.2359	-0.5604	0.6080	-1.1723
0.2337	-0.5613	0.6080	-1.1762
0.2307	-0.5604	0.6060	-1.1802
0.2286	-0.5612	0.6060	-1.1840
0.2257	-0.5603	0.6040	-1.1879
0.2234	-0.5612	0.6040	-1.1920
0.2205	-0.5602	0.6020	-1.1957
0.2184	-0.5610	0.6020	-1.1996
0.2153	-0.5600	0.6000	-1.2037
0.2119	-0.5592	0.5980	-1.2086
0.2098	-0.5600	0.5980	-1.2124
0.2069	-0.5589	0.5960	-1.2163
0.2047	-0.5598	0.5960	-1.2203
0.2018	-0.5587	0.5940	-1.2241
0.1990	-0.5575	0.5920	-1.2280
0.1960	-0.5565	0.5900	-1.2321
0.1933	-0.5553	0.5880	-1.2359
0.1912	-0.5561	0.5880	-1.2396
0.1882	-0.5549	0.5860	-1.2438
0.1843	-0.5521	0.5820	-1.2487
0.1815	-0.5509	0.5800	-1.2525
0.1800	-0.5535	0.5820	-1.2563
0.1771	-0.5523	0.5800	-1.2605
0.1751	-0.5530	0.5800	-1.2642
0.1729	-0.5536	0.5800	-1.2680
0.1701	-0.5524	0.5780	-1.2721
0.1679	-0.5531	0.5780	-1.2760
0.1653	-0.5518	0.5760	-1.2797
0.1630	-0.5524	0.5760	-1.2838
0.1609	-0.5531	0.5760	-1.2877
0.1582	-0.5518	0.5740	-1.2915
0.1555	-0.5505	0.5720	-1.2955
0.1534	-0.5511	0.5720	-1.2994
0.1512	-0.5516	0.5720	-1.3032
0.1480	-0.5504	0.5700	-1.3081
0.1457	-0.5511	0.5700	-1.3122
0.1431	-0.5497	0.5680	-1.3161
0.1410	-0.5502	0.5680	-1.3199
0.1388	-0.5508	0.5680	-1.3239
0.1362	-0.5494	0.5660	-1.3278
0.1341	-0.5499	0.5660	-1.3316
0.1314	-0.5485	0.5640	-1.3357
0.1293	-0.5490	0.5640	-1.3395
0.1271	-0.5495	0.5640	-1.3436
0.1245	-0.5480	0.5620	-1.3474
0.1224	-0.5485	0.5620	-1.3512
0.1202	-0.5490	0.5620	-1.3553
0.1177	-0.5475	0.5600	-1.3591
0.1156	-0.5479	0.5600	-1.3629
0.1133	-0.5484	0.5600	-1.3671
0.1102	-0.5470	0.5580	-1.3720
0.1081	-0.5474	0.5580	-1.3758
0.1060	-0.5478	0.5580	-1.3796
0.1034	-0.5463	0.5560	-1.3837
0.1014	-0.5467	0.5560	-1.3875
0.0989	-0.5451	0.5540	-1.3913
0.0966	-0.5455	0.5540	-1.3954
0.0946	-0.5459	0.5540	-1.3992
0.0925	-0.5462	0.5540	-1.4030
0.0903	-0.5466	0.5540	-1.4071
0.0878	-0.5450	0.5520	-1.4110
0.0858	-0.5453	0.5520	-1.4147
0.0836	-0.5456	0.5520	-1.4188
0.0812	-0.5440	0.5500	-1.4227
0.0789	-0.5443	0.5500	-1.4268
0.0769	-0.5446	0.5500	-1.4305
0.0745	-0.5429	0.5480	-1.4344
0.0723	-0.5432	0.5480	-1.4385
0.0702	-0.5435	0.5480	-1.4423
0.0681	-0.5437	0.5480	-1.4462
0.0659	-0.5440	0.5480	-1.4502
0.0630	-0.5423	0.5460	-1.4551
0.0610	-0.5426	0.5460	-1.4589
0.0589	-0.5428	0.5460	-1.4627
0.0566	-0.5431	0.5460	-1.4669
0.0546	-0.5433	0.5460	-1.4707
0.0525	-0.5435	0.5460	-1.4744
0.0503	-0.5437	0.5460	-1.4786
0.0480	-0.5419	0.5440	-1.4824
0.0459	-0.5421	0.5440	-1.4862
0.0438	-0.5422	0.5440	-1.4903
0.0417	-0.5424	0.5440	-1.4941
0.0396	-0.5426	0.5440	-1.4979
0.0372	-0.5407	0.5420	-1.5021
0.0352	-0.5409	0.5420	-1.5059
0.0330	-0.5410	0.5420	-1.5099
0.0309	-0.5411	0.5420	-1.5138
0.0288	-0.5412	0.5420	-1.5176
0.0266	-0.5413	0.5420	-1.5217
0.0246	-0.5414	0.5420	-1.5254
0.0225	-0.5415	0.5420	-1.5293
0.0202	-0.5396	0.5400	-1.5334
0.0181	-0.5397	0.5400	-1.5372
0.0161	-0.5398	0.5400	-1.5410
0.0139	-0.5398	0.5400	-1.5451
0.0118	-0.5399	0.5400	-1.5489
0.0097	-0.5399	0.5400	-1.5528
0.0076	-0.5399	0.5400	-1.5568
0.0055	-0.5400	0.5400	-1.5606
0.0034	-0.5400	0.5400	-1.5645
0.0012	-0.5400	0.5400	-1.5686
-0.0009	-0.5400	0.5400	-1.5724
-0.0031	-0.5400	0.5400	-1.5765
-0.0051	-0.5400	0.5400	-1.5803
-0.0072	-0.5380	0.5380	-1.5841
-0.0094	-0.5379	0.5380	-1.5882
-0.0114	-0.5379	0.5380	-1.5920
-0.0135	-0.5378	0.5380	-1.5958
-0.0157	-0.5378	0.5380	-1.5999
-0.0177	-0.5377	0.5380	-1.6038
-0.0198	-0.5376	0.5380	-1.6076
-0.0220	-0.5376	0.5380	-1.6116
-0.0240	-0.5375	0.5380	-1.6155
-0.0261	-0.5374	0.5380	-1.6193
-0.0283	-0.5373	0.5380	-1.6233
-0.0303	-0.5371	0.5380	-1.6272
-0.0324	-0.5370	0.5380	-1.6310
-0.0346	-0.5369	0.5380	-1.6351
-0.0366	-0.5368	0.5380	-1.6390
-0.0388	-0.5366	0.5380	-1.6430
-0.0409	-0.5364	0.5380	-1.6468
-0.0429	-0.5363	0.5380	-1.6507
-0.0451	-0.5361	0.5380	-1.6548
-0.0471	-0.5359	0.5380	-1.6585
-0.0493	-0.5357	0.5380	-1.6626
-0.0517	-0.5375	0.5400	-1.6668
-0.0539	-0.5373	0.5400	-1.6708
-0.0561	-0.5371	0.5400	-1.6749
-0.0583	-0.5368	0.5400	-1.6790
-0.0604	-0.5366	0.5400	-1.6829
-0.0626	-0.5364	0.5400	-1.6869
-0.0648	-0.5361	0.5400	-1.6910
-0.0670	-0.5358	0.5400	-1.6951
-0.0691	-0.5356	0.5400	-1.6992
-0.0713	-0.5353	0.5400	-1.7033
-0.0737	-0.5370	0.5420	-1.7071
-0.0758	-0.5367	0.5420	-1.7112
-0.0780	-0.5364	0.5420	-1.7153
-0.0802	-0.5360	0.5420	-1.7194
-0.0824	-0.5357	0.5420	-1.7234
-0.0845	-0.5354	0.5420	-1.7273
-0.0867	-0.5350	0.5420	-1.7314
-0.0889	-0.5347	0.5420	-1.7355
-0.0910	-0.5343	0.5420	-1.7395
-0.0936	-0.5359	0.5440	-1.7437
-0.0958	-0.5355	0.5440	-1.7478
-0.0978	-0.5351	0.5440	-1.7515
-0.1000	-0.5347	0.5440	-1.7556
-0.1022	-0.5343	0.5440	-1.7598
-0.1047	-0.5359	0.5460	-1.7638
-0.1069	-0.5354	0.5460	-1.7679
-0.1091	-0.5350	0.5460	-1.7720
-0.1112	-0.5346	0.5460	-1.7759
-0.1133	-0.5341	0.5460	-1.7799
-0.1153	-0.5357	0.5480	-1.7829
-0.1176	-0.5352	0.5480	-1.7870
-0.1198	-0.5348	0.5480	-1.7911
-0.1219	-0.5343	0.5480	-1.7951
-0.1241	-0.5338	0.5480	-1.7993
-0.1263	-0.5332	0.5480	-1.8034
-0.1284	-0.5328	0.5480	-1.8072
-0.1310	-0.5342	0.5500	-1.8112
-0.1332	-0.5336	0.5500	-1.8154
-0.1354	-0.5331	0.5500	-1.8195
-0.1375	-0.5325	0.5500	-1.8235
-0.1401	-0.5339	0.5520	-1.8274
-0.1423	-0.5334	0.5520	-1.8315
-0.1444	-0.5328	0.5520	-1.8355
-0.1471	-0.5341	0.5540	-1.8396
-0.1493	-0.5335	0.5540	-1.8437
-0.1515	-0.5329	0.5540	-1.8478
-0.1541	-0.5342	0.5560	-1.8516
-0.1563	-0.5336	0.5560	-1.8557
-0.1585	-0.5329	0.5560	-1.8599
-0.1606	-0.5323	0.5560	-1.8639
-0.1634	-0.5335	0.5580	-1.8680
-0.1655	-0.5329	0.5580	-1.8718
-0.1676	-0.5322	0.5580	-1.8759
-0.1700	-0.5336	0.5600	-1.8792
-0.1720	-0.5329	0.5600	-1.8830
-0.1742	-0.5322	0.5600	-1.8871
-0.1770	-0.5334	0.5620	-1.8912
-0.1792	-0.5327	0.5620	-1.8952
-0.1820	-0.5338	0.5640	-1.8994
-0.1840	-0.5331	0.5640	-1.9032
-0.1862	-0.5324	0.5640	-1.9073
-0.1890	-0.5335	0.5660	-1.9113
-0.1912	-0.5327	0.5660	-1.9155
-0.1941	-0.5338	0.5680	-1.9196
-0.1963	-0.5330	0.5680	-1.9236
-0.1990	-0.5341	0.5700	-1.9274
-0.2012	-0.5333	0.5700	-1.9316
-0.2034	-0.5325	0.5700	-1.9356
-0.2055	-0.5316	0.5700	-1.9397
-0.2079	-0.5329	0.5720	-1.9427
-0.2108	-0.5339	0.5740	-1.9468
-0.2130	-0.5330	0.5740	-1.9509
-0.2144	-0.5303	0.5720	-1.9550
-0.2164	-0.5295	0.5720	-1.9588
-0.2194	-0.5304	0.5740	-1.9629
-0.2223	-0.5314	0.5760	-1.9669
-0.2252	-0.5323	0.5780	-1.9711
-0.2274	-0.5314	0.5780	-1.9752
-0.2288	-0.5286	0.5760	-1.9792
-0.2308	-0.5277	0.5760	-1.9831
-0.2338	-0.5286	0.5780	-1.9872
-0.2368	-0.5295	0.5800	-1.9913
-0.2397	-0.5303	0.5820	-1.9953
-0.2419	-0.5293	0.5820	-1.9994
-0.2448	-0.5302	0.5840	-2.0033
-0.2473	-0.5312	0.5860	-2.0065
-0.2495	-0.5302	0.5860	-2.0107
-0.2524	-0.5311	0.5880	-2.0144
-0.2546	-0.5300	0.5880	-2.0185
-0.2576	-0.5308	0.5900	-2.0226
-0.2606	-0.5315	0.5920	-2.0267
-0.2628	-0.5305	0.5920	-2.0308
-0.2649	-0.5295	0.5920	-2.0346
-0.2679	-0.5301	0.5940	-2.0388
-0.2710	-0.5308	0.5960	-2.0428
-0.2741	-0.5315	0.5980	-2.0469
-0.2761	-0.5304	0.5980	-2.0507
-0.2786	-0.5314	0.6000	-2.0537
-0.2808	-0.5302	0.6000	-2.0578
-0.2839	-0.5309	0.6020	-2.0619
-0.2869	-0.5315	0.6040	-2.0657
-0.2900	-0.5321	0.6060	-2.0698
-0.2922	-0.5309	0.6060	-2.0739
-0.2942	-0.5298	0.6060	-2.0777
-0.2973	-0.5303	0.6080	-2.0818
-0.3005	-0.5308	0.6100	-2.0859
-0.3035	-0.5314	0.6120	-2.0897
-0.3057	-0.5302	0.6120	-2.0938
-0.3089	-0.5307	0.6140	-2.0979
-0.3109	-0.5295	0.6140	-2.1017
-0.3136	-0.5302	0.6160	-2.1050
-0.3167	-0.5307	0.6180	-2.1088
-0.3199	-0.5311	0.6200	-2.1129
-0.3231	-0.5315	0.6220	-2.1170
-0.3262	-0.5320	0.6240	-2.1208
-0.3283	-0.5306	0.6240	-2.1249
-0.3316	-0.5310	0.6260	-2.1290
-0.3347	-0.5314	0.6280	-2.1328
-0.3368	-0.5300	0.6280	-2.1369
-0.3401	-0.5303	0.6300	-2.1410
-0.3428	-0.5310	0.6320	-2.1440
-0.3458	-0.5314	0.6340	-2.1478
-0.3480	-0.5299	0.6340	-2.1519
-0.3524	-0.5318	0.6380	-2.1560
-0.3545	-0.5305	0.6380	-2.1598
-0.3577	-0.5307	0.6400	-2.1639
-0.3610	-0.5309	0.6420	-2.1680
-0.3642	-0.5311	0.6440	-2.1718
-0.3675	-0.5313	0.6460	-2.1759
-0.3702	-0.5318	0.6480	-2.1789
-0.3724	-0.5303	0.6480	-2.1830
-0.3755	-0.5305	0.6500	-2.1868
-0.3789	-0.5306	0.6520	-2.1909
-0.3822	-0.5307	0.6540	-2.1949
-0.3854	-0.5308	0.6560	-2.1988
-0.3888	-0.5309	0.6580	-2.2029
-0.3921	-0.5309	0.6600	-2.2070
-0.3953	-0.5310	0.6620	-2.2108
-0.3975	-0.5294	0.6620	-2.2149
-0.4009	-0.5293	0.6640	-2.2190
-0.4049	-0.5313	0.6680	-2.2220
-0.4081	-0.5313	0.6700	-2.2258
-0.4116	-0.5312	0.6720	-2.2299
-0.4162	-0.5327	0.6760	-2.2340
-0.4170	-0.5296	0.6740	-2.2378
-0.4204	-0.5294	0.6760	-2.2419
-0.4238	-0.5293	0.6780	-2.2459
-0.4283	-0.5307	0.6820	-2.2498
-0.4311	-0.5310	0.6840	-2.2527
-0.4346	-0.5308	0.6860	-2.2569
-0.4380	-0.5305	0.6880	-2.2610
-0.4414	-0.5304	0.6900	-2.2648
-0.4448	-0.5301	0.6920	-2.2689
-0.4482	-0.5298	0.6940	-2.2730
-0.4516	-0.5296	0.6960	-2.2768
-0.4563	-0.5308	0.7000	-2.2808
-0.4598	-0.5305	0.7020	-2.2850
-0.4627	-0.5306	0.7040	-2.2879
-0.4662	-0.5302	0.7060	-2.2921
-0.4709	-0.5314	0.7100	-2.2959
-0.4744	-0.5309	0.7120	-2.3000
-0.4779	-0.5305	0.7140	-2.3040
-0.4812	-0.5302	0.7160	-2.3079
-0.4848	-0.5296	0.7180	-2.3120
-0.4896	-0.5306	0.7220	-2.3160
-0.4940	-0.5320	0.7260	-2.3191
-0.4973	-0.5317	0.7280	-2.3228
-0.5009	-0.5311	0.7300	-2.3270
-0.5044	-0.5304	0.7320	-2.3311
-0.5079	-0.5299	0.7340	-2.3349
-0.5128	-0.5308	0.7380	-2.3389
-0.5191	-0.5330	0.7440	-2.3431
-0.5212	-0.5310	0.7440	-2.3469
-0.5219	-0.5274	0.7420	-2.3509
-0.5263	-0.5287	0.7460	-2.3540
-0.5313	-0.5294	0.7500	-2.3580
-0.5362	-0.5301	0.7540	-2.3619
-0.5412	-0.5307	0.7580	-2.3660
-0.5448	-0.5299	0.7600	-2.3701
-0.5497	-0.5306	0.7640	-2.3738
-0.5533	-0.5297	0.7660	-2.3780
-0.5578	-0.5308	0.7700	-2.3809
-0.5629	-0.5313	0.7740	-2.3851
-0.5664	-0.5305	0.7760	-2.3889
-0.5715	-0.5309	0.7800	-2.3930
-0.5751	-0.5299	0.7820	-2.3970
-0.5801	-0.5304	0.7860	-2.4009
-0.5852	-0.5307	0.7900	-2.4050
-0.5897	-0.5316	0.7940	-2.4080
-0.5949	-0.5319	0.7980	-2.4121
-0.5984	-0.5310	0.8000	-2.4158
-0.6034	-0.5313	0.8040	-2.4197
-0.6085	-0.5316	0.8080	-2.4235
-0.6137	-0.5317	0.8120	-2.4276
-0.6188	-0.5320	0.8160	-2.4315
-0.6232	-0.5329	0.8200	-2.4341
-0.6285	-0.5329	0.8240	-2.4383
-0.6320	-0.5318	0.8260	-2.4421
-0.6371	-0.5320	0.8300	-2.4458
-0.6437	-0.5334	0.8360	-2.4497
-0.6489	-0.5335	0.8400	-2.4535
-0.6542	-0.5333	0.8440	-2.4576
-0.6587	-0.5341	0.8480	-2.4603
-0.6639	-0.5340	0.8520	-2.4641
-0.6690	-0.5340	0.8560	-2.4680
-0.6743	-0.5338	0.8600	-2.4720
-0.6795	-0.5336	0.8640	-2.4758
-0.6847	-0.5335	0.8680	-2.4797
-0.6915	-0.5345	0.8740	-2.4835
-0.6967	-0.5343	0.8780	-2.4873
-0.7015	-0.5347	0.8820	-2.4903
-0.7067	-0.5344	0.8860	-2.4942
-0.7135	-0.5353	0.8920	-2.4980
-0.7188	-0.5350	0.8960	-2.5017
-0.7258	-0.5356	0.9020	-2.5059
-0.7311	-0.5352	0.9060	-2.5097
-0.7373	-0.5367	0.9120	-2.5124
-0.7444	-0.5372	0.9180	-2.5165
-0.7513	-0.5378	0.9240	-2.5203
-0.7567	-0.5373	0.9280	-2.5242
-0.7636	-0.5378	0.9340	-2.5280
-0.7689	-0.5372	0.9380	-2.5317
-0.7759	-0.5377	0.9440	-2.5356
-0.7808	-0.5377	0.9480	-2.5385
-0.7878	-0.5380	0.9540	-2.5424
-0.7948	-0.5384	0.9600	-2.5462
-0.8020	-0.5385	0.9660	-2.5503
-0.8091	-0.5387	0.9720	-2.5542
-0.8161	-0.5390	0.9780	-2.5579
-0.8227	-0.5398	0.9840	-2.5610
-0.8298	-0.5399	0.9900	-2.5648
-0.8386	-0.5411	0.9980	-2.5686
