x	y	r	phi
-0.2500	0.0003	0.2500	3.1403
-0.2500	0.0014	0.2500	3.1359
-0.2510	0.0022	0.2510	3.1327
-0.2510	0.0033	0.2510	3.1286
-0.2520	0.0043	0.2520	3.1244
-0.2519	0.0054	0.2520	3.1201
-0.2529	0.0065	0.2530	3.1160
-0.2529	0.0075	0.2530	3.1119
-0.2529	0.0086	0.2530	3.1076
-0.2528	0.0097	0.2530	3.1034
-0.2538	0.0105	0.2540	3.1002
-0.2547	0.0116	0.2550	3.0961
-0.2547	0.0126	0.2550	3.0920
-0.2546	0.0138	0.2550	3.0876
-0.2556	0.0148	0.2560	3.0836
-0.2555	0.0160	0.2560	3.0792
-0.2565	0.0168	0.2570	3.0762
-0.2564	0.0179	0.2570	3.0718
-0.2573	0.0190	0.2580	3.0678
-0.2572	0.0201	0.2580	3.0636
-0.2581	0.0210	0.2590	3.0604
-0.2581	0.0221	0.2590	3.0563
-0.2590	0.0233	0.2600	3.0520
-0.2589	0.0243	0.2600	3.0478
-0.2597	0.0256	0.2610	3.0434
-0.2596	0.0266	0.2610	3.0394
-0.2605	0.0276	0.2620	3.0361
-0.2604	0.0287	0.2620	3.0320
-0.2613	0.0298	0.2630	3.0279
-0.2612	0.0310	0.2630	3.0236
-0.2620	0.0322	0.2640	3.0194
-0.2629	0.0331	0.2650	3.0162
-0.2628	0.0342	0.2650	3.0121
-0.2636	0.0354	0.2660	3.0080
-0.2635	0.0366	0.2660	3.0036
-0.2643	0.0378	0.2670	2.9996
-0.2641	0.0389	0.2670	2.9952
-0.2650	0.0399	0.2680	2.9922
-0.2658	0.0412	0.2690	2.9878
-0.2657	0.0423	0.2690	2.9838
-0.2665	0.0435	0.2700	2.9797
-0.2663	0.0447	0.2700	2.9753
-0.2671	0.0457	0.2710	2.9723
-0.2679	0.0470	0.2720	2.9680
-0.2677	0.0481	0.2720	2.9638
-0.2685	0.0495	0.2730	2.9594
-0.2693	0.0504	0.2740	2.9565
-0.2691	0.0516	0.2740	2.9521
-0.2699	0.0529	0.2750	2.9480
-0.2706	0.0542	0.2760	2.9439
-0.2704	0.0554	0.2760	2.9396
-0.2712	0.0564	0.2770	2.9365
-0.2719	0.0578	0.2780	2.9322
-0.2717	0.0589	0.2780	2.9281
-0.2724	0.0603	0.2790	2.9238
-0.2732	0.0613	0.2800	2.9207
-0.2729	0.0625	0.2800	2.9164
-0.2736	0.0639	0.2810	2.9123
-0.2744	0.0652	0.2820	2.9082
-0.2751	0.0663	0.2830	2.9050
-0.2758	0.0676	0.2840	2.9011
-0.2755	0.0688	0.2840	2.8970
-0.2762	0.0702	0.2850	2.8929
-0.2770	0.0712	0.2860	2.8899
-0.2777	0.0726	0.2870	2.8858
-0.2783	0.0740	0.2880	2.8818
-0.2790	0.0754	0.2890	2.8777
-0.2787	0.0765	0.2890	2.8735
-0.2794	0.0776	0.2900	2.8706
-0.2801	0.0791	0.2910	2.8664
-0.2807	0.0804	0.2920	2.8627
-0.2814	0.0816	0.2930	2.8593
-0.2821	0.0829	0.2940	2.8556
-0.2817	0.0841	0.2940	2.8515
-0.2823	0.0856	0.2950	2.8474
-0.2829	0.0870	0.2960	2.8433
-0.2836	0.0881	0.2970	2.8403
-0.2842	0.0896	0.2980	2.8362
-0.2848	0.0911	0.2990	2.8321
-0.2855	0.0922	0.3000	2.8291
-0.2860	0.0937	0.3010	2.8250
-0.2857	0.0949	0.3010	2.8209
-0.2872	0.0966	0.3030	2.8172
-0.2878	0.0979	0.3040	2.8138
-0.2874	0.0989	0.3040	2.8101
-0.2880	0.1005	0.3050	2.8059
-0.2885	0.1020	0.3060	2.8018
-0.2890	0.1035	0.3070	2.7978
-0.2897	0.1047	0.3080	2.7947
-0.2902	0.1062	0.3090	2.7907
-0.2907	0.1078	0.3100	2.7866
-0.2912	0.1093	0.3110	2.7824
-0.2927	0.1109	0.3130	2.7795
-0.2932	0.1124	0.3140	2.7754
-0.2928	0.1135	0.3140	2.7716
-0.2932	0.1151	0.3150	2.7675
-0.2938	0.1164	0.3160	2.7645
-0.2942	0.1179	0.3170	2.7604
-0.2956	0.1199	0.3190	2.7563
-0.2962	0.1212	0.3200	2.7533
-0.2966	0.1228	0.3210	2.7492
-0.2970	0.1243	0.3220	2.7452
-0.2974	0.1259	0.3230	2.7410
-0.2980	0.1272	0.3240	2.7381
-0.2984	0.1288	0.3250	2.7339
-0.2987	0.1305	0.3260	2.7298
-0.3002	0.1322	0.3280	2.7268
-0.3006	0.1338	0.3290	2.7227
-0.3010	0.1353	0.3300	2.7190
-0.3013	0.1370	0.3310	2.7149
-0.3017	0.1387	0.3320	2.7107
-0.3031	0.1404	0.3340	2.7078
-0.3034	0.1421	0.3350	2.7036
-0.3037	0.1437	0.3360	2.6996
-0.3042	0.1451	0.3370	2.6965
-0.3054	0.1472	0.3390	2.6925
-0.3057	0.1489	0.3400	2.6884
-0.3060	0.1505	0.3410	2.6846
-0.3064	0.1519	0.3420	2.6813
-0.3076	0.1541	0.3440	2.6772
-0.3079	0.1557	0.3450	2.6734
-0.3091	0.1576	0.3470	2.6701
-0.3094	0.1592	0.3480	2.6663
-0.3097	0.1610	0.3490	2.6622
-0.3108	0.1632	0.3510	2.6581
-0.3112	0.1646	0.3520	2.6551
-0.3122	0.1668	0.3540	2.6510
-0.3125	0.1685	0.3550	2.6470
-0.3137	0.1704	0.3570	2.6439
-0.3139	0.1722	0.3580	2.6399
-0.3149	0.1744	0.3600	2.6358
-0.3151	0.1762	0.3610	2.6316
-0.3163	0.1781	0.3630	2.6287
-0.3164	0.1799	0.3640	2.6245
-0.3175	0.1821	0.3660	2.6208
-0.3186	0.1842	0.3680	2.6175
-0.3188	0.1859	0.3690	2.6137
-0.3197	0.1882	0.3710	2.6096
-0.3198	0.1900	0.3720	2.6055
-0.3210	0.1920	0.3740	2.6025
-0.3219	0.1944	0.3760	2.5984
-0.3219	0.1962	0.3770	2.5943
-0.3230	0.1982	0.3790	2.5913
-0.3239	0.2006	0.3810	2.5873
-0.3248	0.2029	0.3830	2.5831
-0.3248	0.2048	0.3840	2.5790
-0.3259	0.2069	0.3860	2.5760
-0.3267	0.2093	0.3880	2.5719
-0.3276	0.2116	0.3900	2.5682
-0.3286	0.2138	0.3920	2.5648
-0.3295	0.2161	0.3940	2.5611
-0.3302	0.2186	0.3960	2.5570
-0.3312	0.2206	0.3980	2.5540
-0.3320	0.2231	0.4000	2.5499
-0.3327	0.2256	0.4020	2.5457
-0.3337	0.2277	0.4040	2.5428
-0.3344	0.2302	0.4060	2.5386
-0.3352	0.2326	0.4080	2.5349
-0.3361	0.2348	0.4100	2.5318
-0.3368	0.2373	0.4120	2.5278
-0.3383	0.2404	0.4150	2.5237
-0.3392	0.2426	0.4170	2.5207
-0.3399	0.2451	0.4190	2.5169
-0.3405	0.2476	0.4210	2.5128
-0.3422	0.2504	0.4240	2.5098
-0.3428	0.2529	0.4260	2.5059
-0.3434	0.2555	0.4280	2.5018
-0.3447	0.2587	0.4310	2.4978
-0.3455	0.2610	0.4330	2.4947
-0.3469	0.2641	0.4360	2.4910
-0.3474	0.2667	0.4380	2.4869
-0.3490	0.2696	0.4410	2.4839
-0.3495	0.2722	0.4430	2.4798
-0.3508	0.2754	0.4460	2.4759
-0.3523	0.2783	0.4490	2.4730
-0.3535	0.2817	0.4520	2.4688
-0.3540	0.2843	0.4540	2.4650
-0.3554	0.2873	0.4570	2.4618
-0.3566	0.2906	0.4600	2.4579
-0.3578	0.2939	0.4630	2.4539
-0.3592	0.2969	0.4660	2.4509
-0.3604	0.3002	0.4690	2.4471
-0.3614	0.3036	0.4720	2.4430
-0.3628	0.3066	0.4750	2.4400
-0.3638	0.3100	0.4780	2.4359
-0.3649	0.3134	0.4810	2.4320
-0.3662	0.3164	0.4840	2.4291
-0.3680	0.3206	0.4880	2.4249
-0.3689	0.3240	0.4910	2.4209
-0.3709	0.3278	0.4950	2.4178
-0.3719	0.3312	0.4980	2.4141
-0.3728	0.3347	0.5010	2.4100
-0.3748	0.3385	0.5050	2.4070
-0.3764	0.3426	0.5090	2.4032
-0.3783	0.3465	0.5130	2.4001
-0.3791	0.3500	0.5160	2.3961
-0.3806	0.3543	0.5200	2.3920
-0.3825	0.3582	0.5240	2.3890
-0.3840	0.3624	0.5280	2.3851
-0.3854	0.3667	0.5320	2.3810
-0.3872	0.3706	0.5360	2.3781
-0.3885	0.3750	0.5400	2.3739
-0.3900	0.3792	0.5440	2.3702
-0.3917	0.3832	0.5480	2.3671
-0.3944	0.3890	0.5540	2.3631
-0.3958	0.3934	0.5580	2.3593
-0.3974	0.3974	0.5620	2.3562
-0.4000	0.4033	0.5680	2.3522
-0.4016	0.4073	0.5720	2.3492
-0.4027	0.4118	0.5760	2.3451
-0.4053	0.4176	0.5820	2.3412
-0.4069	0.4217	0.5860	2.3383
-0.4045	0.4295	0.5900	2.3263
-0.4070	0.4490	0.6060	2.3071
-0.4026	0.4476	0.6020	2.3034
-0.4008	0.4492	0.6020	2.2992
-0.3976	0.4494	0.6000	2.2951
-0.3959	0.4509	0.6000	2.2914
-0.3923	0.4513	0.5980	2.2864
-0.3905	0.4529	0.5980	2.2824
-0.3886	0.4545	0.5980	2.2782
-0.3856	0.4545	0.5960	2.2744
-0.3837	0.4560	0.5960	2.2703
-0.3820	0.4575	0.5960	2.2666
-0.3789	0.4575	0.5940	2.2624
-0.3770	0.4591	0.5940	2.2583
-0.3752	0.4605	0.5940	2.2546
-0.3733	0.4620	0.5940	2.2504
-0.3703	0.4619	0.5920	2.2466
-0.3684	0.4634	0.5920	2.2425
-0.3653	0.4633	0.5900	2.2385
-0.3635	0.4647	0.5900	2.2346
-0.3616	0.4662	0.5900	2.2305
-0.3597	0.4677	0.5900	2.2265
-0.3579	0.4690	0.5900	2.2226
-0.3560	0.4705	0.5900	2.2185
-0.3530	0.4703	0.5880	2.2147
-0.3499	0.4701	0.5860	2.2107
-0.3480	0.4715	0.5860	2.2065
-0.3461	0.4728	0.5860	2.2027
-0.3442	0.4743	0.5860	2.1986
-0.3424	0.4756	0.5860	2.1948
-0.3388	0.4757	0.5840	2.1897
-0.3370	0.4770	0.5840	2.1858
-0.3350	0.4784	0.5840	2.1817
-0.3330	0.4797	0.5840	2.1776
-0.3309	0.4812	0.5840	2.1733
-0.3278	0.4809	0.5820	2.1691
-0.3246	0.4806	0.5800	2.1648
-0.3238	0.4836	0.5820	2.1607
-0.3217	0.4850	0.5820	2.1564
-0.3186	0.4847	0.5800	2.1523
-0.3164	0.4861	0.5800	2.1479
-0.3145	0.4873	0.5800	2.1438
-0.3114	0.4870	0.5780	2.1397
-0.3092	0.4883	0.5780	2.1353
-0.3073	0.4896	0.5780	2.1313
-0.3051	0.4909	0.5780	2.1269
-0.3031	0.4921	0.5780	2.1228
-0.3009	0.4935	0.5780	2.1184
-0.2979	0.4930	0.5760	2.1143
-0.2968	0.4960	0.5780	2.1100
-0.2947	0.4972	0.5780	2.1059
-0.2917	0.4967	0.5760	2.1018
-0.2895	0.4980	0.5760	2.0974
-0.2875	0.4991	0.5760	2.0933
-0.2853	0.5004	0.5760	2.0890
-0.2832	0.5016	0.5760	2.0849
-0.2811	0.5028	0.5760	2.0806
-0.2780	0.5022	0.5740	2.0764
-0.2759	0.5034	0.5740	2.0721
-0.2738	0.5045	0.5740	2.0680
-0.2726	0.5074	0.5760	2.0639
-0.2695	0.5068	0.5740	2.0596
-0.2665	0.5061	0.5720	2.0554
-0.2652	0.5090	0.5740	2.0511
-0.2631	0.5101	0.5740	2.0470
-0.2609	0.5113	0.5740	2.0426
-0.2579	0.5106	0.5720	2.0386
-0.2557	0.5117	0.5720	2.0342
-0.2536	0.5127	0.5720	2.0301
-0.2524	0.5155	0.5740	2.0260
-0.2492	0.5149	0.5720	2.0216
-0.2471	0.5159	0.5720	2.0176
-0.2457	0.5187	0.5740	2.0132
-0.2428	0.5179	0.5720	2.0091
-0.2405	0.5190	0.5720	2.0047
-0.2383	0.5200	0.5720	2.0006
-0.2361	0.5210	0.5720	1.9963
-0.2340	0.5220	0.5720	1.9922
-0.2304	0.5213	0.5700	1.9870
-0.2282	0.5223	0.5700	1.9827
-0.2274	0.5249	0.5720	1.9796
-0.2251	0.5258	0.5720	1.9753
-0.2216	0.5252	0.5700	1.9701
-0.2194	0.5261	0.5700	1.9660
-0.2185	0.5286	0.5720	1.9627
-0.2162	0.5296	0.5720	1.9583
-0.2140	0.5305	0.5720	1.9543
-0.2117	0.5314	0.5720	1.9499
-0.2095	0.5322	0.5720	1.9459
-0.2061	0.5315	0.5700	1.9407
-0.2039	0.5323	0.5700	1.9366
-0.2028	0.5348	0.5720	1.9333
-0.2005	0.5357	0.5720	1.9289
-0.1983	0.5365	0.5720	1.9249
-0.1960	0.5374	0.5720	1.9204
-0.1937	0.5382	0.5720	1.9163
-0.1903	0.5373	0.5700	1.9111
-0.1892	0.5398	0.5720	1.9079
-0.1870	0.5406	0.5720	1.9039
-0.1846	0.5414	0.5720	1.8995
-0.1824	0.5421	0.5720	1.8953
-0.1801	0.5429	0.5720	1.8910
-0.1778	0.5437	0.5720	1.8869
-0.1755	0.5444	0.5720	1.8826
-0.1732	0.5451	0.5720	1.8785
-0.1709	0.5459	0.5720	1.8741
-0.1686	0.5466	0.5720	1.8700
-0.1664	0.5473	0.5720	1.8659
-0.1640	0.5480	0.5720	1.8616
-0.1617	0.5487	0.5720	1.8575
-0.1593	0.5494	0.5720	1.8530
-0.1571	0.5500	0.5720	1.8490
-0.1552	0.5526	0.5740	1.8446
-0.1530	0.5532	0.5740	1.8406
-0.1505	0.5539	0.5740	1.8362
-0.1483	0.5545	0.5740	1.8321
-0.1459	0.5552	0.5740	1.8277
-0.1441	0.5577	0.5760	1.8236
-0.1418	0.5583	0.5760	1.8196
-0.1394	0.5589	0.5760	1.8152
-0.1371	0.5595	0.5760	1.8111
-0.1346	0.5600	0.5760	1.8067
-0.1323	0.5606	0.5760	1.8026
-0.1299	0.5612	0.5760	1.7983
-0.1276	0.5617	0.5760	1.7942
-0.1252	0.5622	0.5760	1.7899
-0.1233	0.5647	0.5780	1.7857
-0.1205	0.5632	0.5760	1.7816
-0.1181	0.5638	0.5760	1.7773
-0.1162	0.5662	0.5780	1.7732
-0.1138	0.5667	0.5780	1.7691
-0.1120	0.5691	0.5800	1.7650
-0.1096	0.5695	0.5800	1.7609
-0.1073	0.5700	0.5800	1.7568
-0.1050	0.5704	0.5800	1.7528
-0.1026	0.5709	0.5800	1.7486
-0.1003	0.5713	0.5800	1.7445
-0.0983	0.5736	0.5820	1.7405
-0.0959	0.5740	0.5820	1.7364
-0.0936	0.5744	0.5820	1.7322
-0.0912	0.5748	0.5820	1.7282
-0.0889	0.5752	0.5820	1.7241
-0.0868	0.5775	0.5840	1.7200
-0.0845	0.5779	0.5840	1.7159
-0.0821	0.5782	0.5840	1.7118
-0.0806	0.5804	0.5860	1.7089
-0.0783	0.5808	0.5860	1.7047
-0.0759	0.5811	0.5860	1.7006
-0.0738	0.5834	0.5880	1.6966
-0.0714	0.5837	0.5880	1.6925
-0.0690	0.5839	0.5880	1.6883
-0.0666	0.5842	0.5880	1.6843
-0.0642	0.5845	0.5880	1.6802
-0.0620	0.5867	0.5900	1.6761
-0.0596	0.5870	0.5900	1.6720
-0.0574	0.5892	0.5920	1.6679
-0.0550	0.5894	0.5920	1.6638
-0.0528	0.5917	0.5940	1.6598
-0.0503	0.5919	0.5940	1.6556
-0.0479	0.5921	0.5940	1.6515
-0.0457	0.5942	0.5960	1.6475
-0.0432	0.5944	0.5960	1.6434
-0.0408	0.5946	0.5960	1.6393
-0.0384	0.5948	0.5960	1.6352
-0.0360	0.5969	0.5980	1.6311
-0.0342	0.5990	0.6000	1.6278
-0.0318	0.6012	0.6020	1.6237
-0.0293	0.5993	0.6000	1.6197
-0.0262	0.5974	0.5980	1.6147
-0.0244	0.5995	0.6000	1.6114
-0.0220	0.5996	0.6000	1.6074
-0.0195	0.5997	0.6000	1.6033
-0.0171	0.6018	0.6020	1.5992
-0.0147	0.6018	0.6020	1.5951
-0.0122	0.6019	0.6020	1.5910
-0.0092	0.5979	0.5980	1.5861
-0.0072	0.6000	0.6000	1.5829
-0.0048	0.6040	0.6040	1.5788
-0.0023	0.6060	0.6060	1.5746
0.0001	0.6060	0.6060	1.5706
0.0026	0.6060	0.6060	1.5665
0.0051	0.6080	0.6080	1.5624
0.0076	0.6100	0.6100	1.5583
0.0101	0.6099	0.6100	1.5542
0.0127	0.6119	0.6120	1.5501
0.0152	0.6138	0.6140	1.5461
0.0177	0.6137	0.6140	1.5419
0.0202	0.6137	0.6140	1.5378
0.0227	0.6136	0.6140	1.5338
0.0247	0.6155	0.6160	1.5307
0.0272	0.6174	0.6180	1.5267
0.0298	0.6173	0.6180	1.5226
0.0324	0.6192	0.6200	1.5184
0.0349	0.6190	0.6200	1.5144
0.0376	0.6209	0.6220	1.5103
0.0402	0.6207	0.6220	1.5062
0.0427	0.6205	0.6220	1.5022
0.0454	0.6223	0.6240	1.4980
0.0481	0.6242	0.6260	1.4939
0.0506	0.6240	0.6260	1.4899
0.0533	0.6257	0.6280	1.4858
0.0559	0.6255	0.6280	1.4816
0.0586	0.6273	0.6300	1.4776
0.0609	0.6291	0.6320	1.4743
0.0635	0.6288	0.6320	1.4702
0.0660	0.6285	0.6320	1.4661
0.0688	0.6303	0.6340	1.4621
0.0716	0.6320	0.6360	1.4580
0.0742	0.6317	0.6360	1.4538
0.0770	0.6333	0.6380	1.4498
0.0799	0.6350	0.6400	1.4457
0.0825	0.6347	0.6400	1.4416
0.0850	0.6343	0.6400	1.4375
0.0879	0.6360	0.6420	1.4334
0.0905	0.6356	0.6420	1.4293
0.0934	0.6372	0.6440	1.4253
0.0960	0.6368	0.6440	1.4211
0.0985	0.6405	0.6480	1.4182
0.1015	0.6420	0.6500	1.4140
0.1041	0.6416	0.6500	1.4099
0.1067	0.6412	0.6500	1.4059
0.1097	0.6427	0.6520	1.4018
0.1127	0.6442	0.6540	1.3976
0.1153	0.6438	0.6540	1.3936
0.1183	0.6452	0.6560	1.3895
0.1213	0.6467	0.6580	1.3854
0.1238	0.6463	0.6580	1.3815
0.1268	0.6477	0.6600	1.3775
0.1294	0.6472	0.6600	1.3734
0.1329	0.6506	0.6640	1.3693
0.1352	0.6521	0.6660	1.3663
0.1377	0.6516	0.6660	1.3625
0.1408	0.6530	0.6680	1.3584
0.1439	0.6544	0.6700	1.3543
0.1470	0.6557	0.6720	1.3502
0.1495	0.6552	0.6720	1.3465
0.1527	0.6565	0.6740	1.3423
0.1558	0.6578	0.6760	1.3382
0.1583	0.6572	0.6760	1.3344
0.1615	0.6585	0.6780	1.3303
0.1649	0.6638	0.6840	1.3273
0.1686	0.6670	0.6880	1.3233
0.1713	0.6663	0.6880	1.3191
0.1729	0.6618	0.6840	1.3153
0.1753	0.6570	0.6800	1.3101
0.1778	0.6563	0.6800	1.3063
0.1813	0.6616	0.6860	1.3033
0.1851	0.6647	0.6900	1.2992
0.1883	0.6659	0.6920	1.2952
0.1916	0.6670	0.6940	1.2910
0.1959	0.6720	0.7000	1.2872
0.1990	0.6753	0.7040	1.2842
0.2023	0.6764	0.7060	1.2801
0.2039	0.6696	0.7000	1.2752
0.2061	0.6669	0.6980	1.2711
0.2094	0.6680	0.7000	1.2671
0.2144	0.6768	0.7100	1.2640
0.2184	0.6798	0.7140	1.2600
0.2204	0.6770	0.7120	1.2561
0.2231	0.6761	0.7120	1.2520
0.2265	0.6771	0.7140	1.2480
0.2291	0.6762	0.7140	1.2442
0.2319	0.6753	0.7140	1.2400
0.2359	0.6781	0.7180	1.2360
0.2400	0.6809	0.7220	1.2319
0.2434	0.6840	0.7260	1.2289
0.2467	0.6849	0.7280	1.2251
0.2502	0.6858	0.7300	1.2210
0.2537	0.6866	0.7320	1.2168
0.2579	0.6893	0.7360	1.2128
0.2612	0.6902	0.7380	1.2090
0.2648	0.6910	0.7400	1.2048
0.2683	0.6918	0.7420	1.2008
0.2717	0.6926	0.7440	1.1970
0.2747	0.6936	0.7460	1.1937
0.2796	0.6981	0.7520	1.1899
0.2824	0.6969	0.7520	1.1858
0.2846	0.6939	0.7500	1.1816
0.2879	0.6947	0.7520	1.1779
0.2931	0.6990	0.7580	1.1738
0.2975	0.7015	0.7620	1.1697
0.3018	0.7040	0.7660	1.1658
0.3046	0.7028	0.7660	1.1618
0.3083	0.7034	0.7680	1.1577
0.3120	0.7061	0.7720	1.1547
0.3158	0.7067	0.7740	1.1506
0.3193	0.7073	0.7760	1.1467
0.3230	0.7078	0.7780	1.1427
0.3276	0.7101	0.7820	1.1386
0.3313	0.7105	0.7840	1.1345
0.3348	0.7111	0.7860	1.1307
0.3395	0.7133	0.7900	1.1266
0.3433	0.7159	0.7940	1.1236
0.3471	0.7163	0.7960	1.1195
0.3510	0.7167	0.7980	1.1154
0.3555	0.7189	0.8020	1.1116
0.3593	0.7193	0.8040	1.1075
0.3640	0.7213	0.8080	1.1034
0.3686	0.7235	0.8120	1.0996
0.3725	0.7238	0.8140	1.0955
0.3773	0.7258	0.8180	1.0914
0.3804	0.7264	0.8200	1.0885
0.3852	0.7284	0.8240	1.0843
0.3899	0.7305	0.8280	1.0805
0.3947	0.7324	0.8320	1.0765
0.3987	0.7325	0.8340	1.0723
0.4034	0.7345	0.8380	1.0685
0.4084	0.7363	0.8420	1.0644
0.4114	0.7347	0.8420	1.0604
0.4164	0.7365	0.8460	1.0562
0.4205	0.7387	0.8500	1.0533
0.4253	0.7405	0.8540	1.0494
0.4294	0.7405	0.8560	1.0453
0.4344	0.7422	0.8600	1.0413
0.4395	0.7439	0.8640	1.0372
0.4444	0.7456	0.8680	1.0333
0.4485	0.7455	0.8700	1.0292
0.4546	0.7488	0.8760	1.0252
0.4590	0.7508	0.8800	1.0221
0.4628	0.7508	0.8820	1.0184
0.4680	0.7523	0.8860	1.0142
0.4733	0.7537	0.8900	1.0101
0.4786	0.7551	0.8940	1.0058
0.4839	0.7565	0.8980	1.0017
0.4903	0.7595	0.9040	0.9976
0.4955	0.7609	0.9080	0.9935
0.5013	0.7643	0.9140	0.9903
0.5055	0.7639	0.9160	0.9862
0.5098	0.7634	0.9180	0.9820
0.5162	0.7664	0.9240	0.9780
0.5227	0.7692	0.9300	0.9739
0.5284	0.7702	0.9340	0.9695
0.5338	0.7713	0.9380	0.9654
0.5381	0.7708	0.9400	0.9613
0.5436	0.7718	0.9440	0.9572
0.5507	0.7765	0.9520	0.9539
0.5562	0.7776	0.9560	0.9499
0.5617	0.7785	0.9600	0.9458
0.5684	0.7811	0.9660	0.9417
0.5751	0.7836	0.9720	0.9376
0.5821	0.7859	0.9780	0.9332
0.5877	0.7867	0.9820	0.9292
0.5925	0.7881	0.9860	0.9261
0.5983	0.7887	0.9900	0.9218
0.6040	0.7894	0.9940	0.9177
0.6097	0.7901	0.9980	0.9136
0.5055	-0.0215	0.5060	-0.0425
0.5015	-0.0234	0.5020	-0.0466
0.4933	-0.0254	0.4940	-0.0515
0.4852	-0.0275	0.4860	-0.0567
0.4781	-0.0295	0.4790	-0.0616
0.4709	-0.0315	0.4720	-0.0667
0.4638	-0.0328	0.4650	-0.0706
0.4567	-0.0347	0.4580	-0.0757
0.4495	-0.0363	0.4510	-0.0806
0.4424	-0.0380	0.4440	-0.0856
0.4362	-0.0397	0.4380	-0.0908
0.4301	-0.0409	0.4320	-0.0948
0.4239	-0.0424	0.4260	-0.0998
0.4187	-0.0440	0.4210	-0.1047
0.4125	-0.0455	0.4150	-0.1099
0.4073	-0.0466	0.4100	-0.1139
0.4011	-0.0479	0.4040	-0.1189
0.3959	-0.0493	0.3990	-0.1238
0.3907	-0.0507	0.3940	-0.1290
0.3855	-0.0519	0.3890	-0.1338
0.3803	-0.0531	0.3840	-0.1387
0.3761	-0.0541	0.3800	-0.1429
0.3709	-0.0553	0.3750	-0.1480
0.3667	-0.0565	0.3710	-0.1529
0.3624	-0.0577	0.3670	-0.1578
0.3573	-0.0584	0.3620	-0.1619
0.3530	-0.0595	0.3580	-0.1671
0.3488	-0.0606	0.3540	-0.1720
0.3445	-0.0616	0.3500	-0.1770
0.3413	-0.0625	0.3470	-0.1810
0.3371	-0.0635	0.3430	-0.1862
0.3328	-0.0644	0.3390	-0.1911
0.3296	-0.0655	0.3360	-0.1961
0.3253	-0.0664	0.3320	-0.2012
0.3221	-0.0671	0.3290	-0.2053
0.3188	-0.0681	0.3260	-0.2104
0.3155	-0.0691	0.3230	-0.2156
0.3123	-0.0698	0.3200	-0.2197
0.3080	-0.0705	0.3160	-0.2249
0.3048	-0.0714	0.3130	-0.2301
0.3024	-0.0725	0.3110	-0.2353
0.2992	-0.0730	0.3080	-0.2394
0.2959	-0.0739	0.3050	-0.2446
0.2926	-0.0746	0.3020	-0.2498
0.2904	-0.0754	0.3000	-0.2542
0.2871	-0.0761	0.2970	-0.2591
0.2838	-0.0768	0.2940	-0.2642
0.2815	-0.0777	0.2920	-0.2694
0.2792	-0.0784	0.2900	-0.2737
0.2759	-0.0790	0.2870	-0.2789
0.2736	-0.0798	0.2850	-0.2839
0.2713	-0.0804	0.2830	-0.2882
0.2690	-0.0813	0.2810	-0.2934
0.2657	-0.0818	0.2780	-0.2986
0.2634	-0.0825	0.2760	-0.3037
0.2611	-0.0830	0.2740	-0.3079
0.2588	-0.0838	0.2720	-0.3130
0.2564	-0.0845	0.2700	-0.3182
0.2542	-0.0849	0.2680	-0.3223
0.2519	-0.0856	0.2660	-0.3275
0.2495	-0.0862	0.2640	-0.3327
0.2473	-0.0866	0.2620	-0.3367
0.2450	-0.0872	0.2600	-0.3419
0.2426	-0.0878	0.2580	-0.3471
0.2403	-0.0883	0.2560	-0.3523
0.2390	-0.0890	0.2550	-0.3564
0.2366	-0.0895	0.2530	-0.3615
0.2353	-0.0902	0.2520	-0.3660
0.2330	-0.0907	0.2500	-0.3711
0.2306	-0.0911	0.2480	-0.3763
0.2293	-0.0917	0.2470	-0.3804
0.2270	-0.0921	0.2450	-0.3856
0.2247	-0.0926	0.2430	-0.3908
0.2234	-0.0931	0.2420	-0.3948
0.2220	-0.0938	0.2410	-0.4000
0.2197	-0.0940	0.2390	-0.4041
0.2174	-0.0943	0.2370	-0.4093
0.2160	-0.0950	0.2360	-0.4145
0.2147	-0.0956	0.2350	-0.4189
0.2124	-0.0958	0.2330	-0.4238
0.2111	-0.0963	0.2320	-0.4281
0.2097	-0.0970	0.2310	-0.4333
0.2083	-0.0974	0.2300	-0.4374
0.2060	-0.0976	0.2280	-0.4426
0.2046	-0.0983	0.2270	-0.4477
0.2033	-0.0987	0.2260	-0.4519
0.2019	-0.0993	0.2250	-0.4570
0.1996	-0.0994	0.2230	-0.4622
0.1983	-0.0998	0.2220	-0.4663
0.1969	-0.1004	0.2210	-0.4715
0.1956	-0.1008	0.2200	-0.4758
0.1942	-0.1013	0.2190	-0.4810
0.1919	-0.1014	0.2170	-0.4862
0.1906	-0.1017	0.2160	-0.4903
0.1891	-0.1022	0.2150	-0.4955
0.1887	-0.1030	0.2150	-0.4996
0.1864	-0.1030	0.2130	-0.5048
0.1842	-0.1030	0.2110	-0.5100
0.1837	-0.1037	0.2110	-0.5140
0.1823	-0.1042	0.2100	-0.5192
0.1819	-0.1050	0.2100	-0.5236
0.1796	-0.1049	0.2080	-0.5287
0.1783	-0.1052	0.2070	-0.5329
0.1779	-0.1059	0.2070	-0.5369
0.1765	-0.1063	0.2060	-0.5421
0.1751	-0.1065	0.2050	-0.5465
0.1737	-0.1069	0.2040	-0.5517
0.1724	-0.1072	0.2030	-0.5565
0.1710	-0.1075	0.2020	-0.5610
0.1696	-0.1078	0.2010	-0.5661
0.1684	-0.1080	0.2000	-0.5702
0.1670	-0.1083	0.1990	-0.5753
0.1665	-0.1090	0.1990	-0.5795
0.1651	-0.1093	0.1980	-0.5846
0.1638	-0.1094	0.1970	-0.5890
0.1624	-0.1097	0.1960	-0.5942
0.1610	-0.1100	0.1950	-0.5991
0.1606	-0.1107	0.1950	-0.6034
0.1593	-0.1107	0.1940	-0.6076
0.1579	-0.1110	0.1930	-0.6127
0.1565	-0.1112	0.1920	-0.6179
0.1560	-0.1119	0.1920	-0.6220
0.1547	-0.1120	0.1910	-0.6263
0.1534	-0.1122	0.1900	-0.6315
0.1520	-0.1124	0.1890	-0.6367
0.1515	-0.1130	0.1890	-0.6408
0.1502	-0.1130	0.1880	-0.6449
0.1489	-0.1132	0.1870	-0.6501
0.1484	-0.1138	0.1870	-0.6544
0.1470	-0.1140	0.1860	-0.6596
0.1458	-0.1139	0.1850	-0.6634
0.1453	-0.1145	0.1850	-0.6676
0.1439	-0.1146	0.1840	-0.6725
0.1426	-0.1147	0.1830	-0.6776
0.1421	-0.1153	0.1830	-0.6818
0.1408	-0.1154	0.1820	-0.6866
0.1395	-0.1153	0.1810	-0.6907
0.1390	-0.1159	0.1810	-0.6948
0.1377	-0.1159	0.1800	-0.6997
0.1372	-0.1165	0.1800	-0.7038
0.1359	-0.1165	0.1790	-0.7087
0.1345	-0.1165	0.1780	-0.7139
0.1333	-0.1164	0.1770	-0.7180
0.1329	-0.1170	0.1770	-0.7218
0.1315	-0.1170	0.1760	-0.7270
0.1310	-0.1175	0.1760	-0.7310
0.1297	-0.1175	0.1750	-0.7360
0.1292	-0.1180	0.1750	-0.7400
0.1279	-0.1180	0.1740	-0.7450
0.1274	-0.1185	0.1740	-0.7491
0.1261	-0.1184	0.1730	-0.7540
0.1256	-0.1189	0.1730	-0.7581
0.1244	-0.1188	0.1720	-0.7622
0.1231	-0.1187	0.1710	-0.7671
0.1226	-0.1192	0.1710	-0.7712
0.1221	-0.1197	0.1710	-0.7752
0.1208	-0.1196	0.1700	-0.7804
0.1203	-0.1201	0.1700	-0.7842
0.1190	-0.1200	0.1690	-0.7894
0.1177	-0.1198	0.1680	-0.7943
0.1172	-0.1203	0.1680	-0.7984
0.1167	-0.1208	0.1680	-0.8026
0.1155	-0.1207	0.1670	-0.8074
0.1150	-0.1211	0.1670	-0.8116
0.1137	-0.1210	0.1660	-0.8165
0.1132	-0.1214	0.1660	-0.8205
0.1119	-0.1213	0.1650	-0.8257
0.1114	-0.1217	0.1650	-0.8295
0.1102	-0.1214	0.1640	-0.8336
0.1097	-0.1219	0.1640	-0.8377
0.1092	-0.1223	0.1640	-0.8418
0.1080	-0.1221	0.1630	-0.8468
0.1075	-0.1225	0.1630	-0.8508
0.1062	-0.1223	0.1620	-0.8557
0.1057	-0.1227	0.1620	-0.8598
0.1052	-0.1232	0.1620	-0.8639
0.1040	-0.1229	0.1610	-0.8688
0.1035	-0.1234	0.1610	-0.8729
0.1022	-0.1231	0.1600	-0.8781
0.1017	-0.1235	0.1600	-0.8821
0.1012	-0.1239	0.1600	-0.8860
0.0999	-0.1237	0.1590	-0.8911
0.0994	-0.1241	0.1590	-0.8953
0.0989	-0.1245	0.1590	-0.8991
0.0977	-0.1242	0.1580	-0.9043
0.0972	-0.1246	0.1580	-0.9083
0.0967	-0.1249	0.1580	-0.9121
0.0954	-0.1247	0.1570	-0.9173
0.0949	-0.1250	0.1570	-0.9214
0.0945	-0.1254	0.1570	-0.9253
0.0932	-0.1251	0.1560	-0.9305
0.0927	-0.1255	0.1560	-0.9345
0.0922	-0.1258	0.1560	-0.9383
0.0910	-0.1255	0.1550	-0.9435
0.0905	-0.1259	0.1550	-0.9476
0.0900	-0.1262	0.1550	-0.9515
0.0887	-0.1259	0.1540	-0.9566
0.0882	-0.1262	0.1540	-0.9607
0.0878	-0.1266	0.1540	-0.9645
0.0865	-0.1262	0.1530	-0.9697
0.0860	-0.1265	0.1530	-0.9738
0.0855	-0.1269	0.1530	-0.9779
0.0843	-0.1265	0.1520	-0.9828
0.0838	-0.1268	0.1520	-0.9869
0.0833	-0.1272	0.1520	-0.9910
0.0828	-0.1275	0.1520	-0.9948
0.0823	-0.1278	0.1520	-0.9989
0.0818	-0.1281	0.1520	-1.0029
0.0806	-0.1277	0.1510	-1.0079
0.0801	-0.1280	0.1510	-1.0119
0.0795	-0.1284	0.1510	-1.0161
0.0790	-0.1287	0.1510	-1.0202
-0.0355	-0.1468	0.1510	-1.8080
-0.0361	-0.1466	0.1510	-1.8121
-0.0367	-0.1465	0.1510	-1.8162
-0.0373	-0.1463	0.1510	-1.8203
-0.0379	-0.1462	0.1510	-1.8247
-0.0385	-0.1460	0.1510	-1.8287
-0.0392	-0.1469	0.1520	-1.8318
-0.0399	-0.1467	0.1520	-1.8361
-0.0405	-0.1465	0.1520	-1.8402
-0.0410	-0.1464	0.1520	-1.8442
-0.0416	-0.1462	0.1520	-1.8484
-0.0424	-0.1470	0.1530	-1.8516
-0.0430	-0.1468	0.1530	-1.8557
-0.0436	-0.1467	0.1530	-1.8599
-0.0442	-0.1465	0.1530	-1.8636
-0.0449	-0.1473	0.1540	-1.8667
-0.0455	-0.1471	0.1540	-1.8707
-0.0461	-0.1469	0.1540	-1.8748
-0.0467	-0.1467	0.1540	-1.8789
-0.0473	-0.1466	0.1540	-1.8828
-0.0481	-0.1474	0.1550	-1.8860
-0.0486	-0.1472	0.1550	-1.8899
-0.0492	-0.1470	0.1550	-1.8939
-0.0500	-0.1478	0.1560	-1.8969
-0.0506	-0.1476	0.1560	-1.9010
-0.0512	-0.1474	0.1560	-1.9051
-0.0518	-0.1472	0.1560	-1.9091
-0.0526	-0.1479	0.1570	-1.9122
-0.0531	-0.1477	0.1570	-1.9160
-0.0537	-0.1475	0.1570	-1.9201
-0.0545	-0.1483	0.1580	-1.9231
-0.0551	-0.1481	0.1580	-1.9272
-0.0557	-0.1478	0.1580	-1.9313
-0.0563	-0.1476	0.1580	-1.9354
-0.0569	-0.1474	0.1580	-1.9391
-0.0577	-0.1481	0.1590	-1.9424
-0.0583	-0.1479	0.1590	-1.9462
-0.0591	-0.1487	0.1600	-1.9493
-0.0597	-0.1484	0.1600	-1.9533
-0.0603	-0.1482	0.1600	-1.9575
-0.0609	-0.1479	0.1600	-1.9616
-0.0618	-0.1487	0.1610	-1.9646
-0.0624	-0.1484	0.1610	-1.9687
-0.0629	-0.1482	0.1610	-1.9724
-0.0638	-0.1489	0.1620	-1.9758
-0.0644	-0.1487	0.1620	-1.9795
-0.0650	-0.1484	0.1620	-1.9836
-0.0658	-0.1491	0.1630	-1.9866
-0.0665	-0.1488	0.1630	-1.9907
-0.0671	-0.1486	0.1630	-1.9948
-0.0679	-0.1493	0.1640	-1.9978
-0.0685	-0.1490	0.1640	-2.0019
-0.0691	-0.1487	0.1640	-2.0057
-0.0701	-0.1494	0.1650	-2.0098
-0.0707	-0.1491	0.1650	-2.0139
-0.0713	-0.1488	0.1650	-2.0180
-0.0722	-0.1495	0.1660	-2.0210
-0.0728	-0.1492	0.1660	-2.0249
-0.0734	-0.1489	0.1660	-2.0289
-0.0743	-0.1496	0.1670	-2.0319
-0.0749	-0.1493	0.1670	-2.0360
-0.0755	-0.1489	0.1670	-2.0401
-0.0764	-0.1496	0.1680	-2.0431
-0.0770	-0.1493	0.1680	-2.0472
-0.0776	-0.1490	0.1680	-2.0512
-0.0786	-0.1496	0.1690	-2.0543
-0.0792	-0.1493	0.1690	-2.0583
-0.0801	-0.1499	0.1700	-2.0614
-0.0807	-0.1496	0.1700	-2.0651
-0.0816	-0.1503	0.1710	-2.0685
-0.0822	-0.1500	0.1710	-2.0722
-0.0831	-0.1506	0.1720	-2.0753
-0.0837	-0.1502	0.1720	-2.0793
-0.0844	-0.1499	0.1720	-2.0834
-0.0855	-0.1504	0.1730	-2.0876
-0.0861	-0.1501	0.1730	-2.0916
-0.0870	-0.1507	0.1740	-2.0947
-0.0876	-0.1503	0.1740	-2.0985
-0.0882	-0.1500	0.1740	-2.1025
-0.0892	-0.1506	0.1750	-2.1055
-0.0901	-0.1512	0.1760	-2.1086
-0.0908	-0.1508	0.1760	-2.1126
-0.0917	-0.1514	0.1770	-2.1156
-0.0923	-0.1510	0.1770	-2.1197
-0.0935	-0.1515	0.1780	-2.1238
-0.0941	-0.1511	0.1780	-2.1279
-0.0947	-0.1507	0.1780	-2.1318
-0.0957	-0.1513	0.1790	-2.1350
-0.0963	-0.1509	0.1790	-2.1388
-0.0973	-0.1514	0.1800	-2.1418
-0.0983	-0.1520	0.1810	-2.1451
-0.0989	-0.1516	0.1810	-2.1489
-0.0995	-0.1512	0.1810	-2.1529
-0.1007	-0.1516	0.1820	-2.1571
-0.1013	-0.1512	0.1820	-2.1612
-0.1023	-0.1517	0.1830	-2.1642
-0.1033	-0.1522	0.1840	-2.1671
-0.1040	-0.1518	0.1840	-2.1713
-0.1050	-0.1523	0.1850	-2.1742
-0.1056	-0.1519	0.1850	-2.1783
-0.1068	-0.1523	0.1860	-2.1822
-0.1074	-0.1519	0.1860	-2.1862
-0.1084	-0.1524	0.1870	-2.1893
-0.1095	-0.1529	0.1880	-2.1923
-0.1101	-0.1524	0.1880	-2.1964
-0.1113	-0.1528	0.1890	-2.2004
-0.1119	-0.1523	0.1890	-2.2045
-0.1130	-0.1528	0.1900	-2.2075
-0.1140	-0.1532	0.1910	-2.2106
-0.1146	-0.1528	0.1910	-2.2146
-0.1159	-0.1531	0.1920	-2.2187
-0.1165	-0.1526	0.1920	-2.2228
-0.1176	-0.1531	0.1930	-2.2258
-0.1186	-0.1535	0.1940	-2.2288
-0.1199	-0.1538	0.1950	-2.2329
-0.1205	-0.1533	0.1950	-2.2369
-0.1216	-0.1537	0.1960	-2.2400
-0.1222	-0.1532	0.1960	-2.2440
-0.1233	-0.1536	0.1970	-2.2471
-0.1246	-0.1539	0.1980	-2.2511
-0.1257	-0.1543	0.1990	-2.2542
-0.1263	-0.1538	0.1990	-2.2582
-0.1274	-0.1542	0.2000	-2.2613
-0.1280	-0.1537	0.2000	-2.2653
-0.1293	-0.1539	0.2010	-2.2694
-0.1304	-0.1543	0.2020	-2.2724
-0.1317	-0.1545	0.2030	-2.2765
-0.1323	-0.1540	0.2030	-2.2804
-0.1334	-0.1543	0.2040	-2.2836
-0.1345	-0.1547	0.2050	-2.2866
-0.1358	-0.1549	0.2060	-2.2907
-0.1365	-0.1543	0.2060	-2.2948
-0.1376	-0.1547	0.2070	-2.2978
-0.1389	-0.1549	0.2080	-2.3018
-0.1400	-0.1552	0.2090	-2.3049
-0.1406	-0.1546	0.2090	-2.3089
-0.1419	-0.1548	0.2100	-2.3128
-0.1431	-0.1551	0.2110	-2.3160
-0.1442	-0.1554	0.2120	-2.3191
-0.1456	-0.1555	0.2130	-2.3231
-0.1461	-0.1550	0.2130	-2.3270
-0.1473	-0.1552	0.2140	-2.3302
-0.1487	-0.1553	0.2150	-2.3343
-0.1498	-0.1556	0.2160	-2.3373
-0.1512	-0.1557	0.2170	-2.3414
-0.1523	-0.1560	0.2180	-2.3444
-0.1530	-0.1553	0.2180	-2.3485
-0.1543	-0.1554	0.2190	-2.3524
-0.1555	-0.1557	0.2200	-2.3556
-0.1568	-0.1558	0.2210	-2.3595
-0.1580	-0.1560	0.2220	-2.3627
-0.1593	-0.1560	0.2230	-2.3667
-0.1605	-0.1562	0.2240	-2.3698
-0.1619	-0.1563	0.2250	-2.3738
-0.1625	-0.1556	0.2250	-2.3777
-0.1637	-0.1558	0.2260	-2.3809
-0.1650	-0.1559	0.2270	-2.3848
-0.1663	-0.1560	0.2280	-2.3880
-0.1676	-0.1561	0.2290	-2.3919
-0.1688	-0.1562	0.2300	-2.3951
-0.1702	-0.1562	0.2310	-2.3992
-0.1714	-0.1563	0.2320	-2.4022
-0.1728	-0.1563	0.2330	-2.4063
-0.1741	-0.1563	0.2340	-2.4102
-0.1754	-0.1564	0.2350	-2.4134
-0.1768	-0.1564	0.2360	-2.4173
-0.1780	-0.1565	0.2370	-2.4205
-0.1794	-0.1564	0.2380	-2.4246
-0.1806	-0.1565	0.2390	-2.4276
-0.1820	-0.1564	0.2400	-2.4316
-0.1834	-0.1564	0.2410	-2.4355
-0.1846	-0.1564	0.2420	-2.4387
-0.1867	-0.1571	0.2440	-2.4418
-0.1881	-0.1570	0.2450	-2.4458
-0.1893	-0.1571	0.2460	-2.4489
-0.1907	-0.1570	0.2470	-2.4529
-0.1921	-0.1569	0.2480	-2.4568
-0.1934	-0.1569	0.2490	-2.4600
-0.1954	-0.1575	0.2510	-2.4631
-0.1975	-0.1566	0.2520	-2.4712
-0.2007	-0.1556	0.2540	-2.4822
-0.2049	-0.1552	0.2570	-2.4933
-0.2168	-0.1488	0.2630	-2.5400
-0.2171	-0.1449	0.2610	-2.5530
-0.2160	-0.1429	0.2590	-2.5571
-0.2166	-0.1420	0.2590	-2.5613
-0.2172	-0.1411	0.2590	-2.5653
-0.2170	-0.1395	0.2580	-2.5702
-0.2175	-0.1387	0.2580	-2.5740
-0.2173	-0.1373	0.2570	-2.5781
-0.2171	-0.1357	0.2560	-2.5830
-0.2177	-0.1348	0.2560	-2.5872
-0.2173	-0.1334	0.2550	-2.5912
-0.2178	-0.1325	0.2550	-2.5950
-0.2175	-0.1311	0.2540	-2.5991
-0.2173	-0.1295	0.2530	-2.6040
-0.2178	-0.1287	0.2530	-2.6082
-0.2183	-0.1278	0.2530	-2.6120
-0.2180	-0.1264	0.2520	-2.6160
-0.2185	-0.1255	0.2520	-2.6201
-0.2181	-0.1242	0.2510	-2.6240
-0.2186	-0.1233	0.2510	-2.6280
-0.2191	-0.1224	0.2510	-2.6321
-0.2188	-0.1209	0.2500	-2.6370
-0.2193	-0.1200	0.2500	-2.6411
-0.2189	-0.1186	0.2490	-2.6450
-0.2194	-0.1178	0.2490	-2.6490
-0.2191	-0.1162	0.2480	-2.6540
-0.2196	-0.1153	0.2480	-2.6580
-0.2191	-0.1140	0.2470	-2.6618
-0.2196	-0.1131	0.2470	-2.6660
-0.2200	-0.1122	0.2470	-2.6700
-0.2196	-0.1109	0.2460	-2.6738
-0.2200	-0.1100	0.2460	-2.6779
-0.2197	-0.1085	0.2450	-2.6828
-0.2201	-0.1076	0.2450	-2.6870
-0.2205	-0.1067	0.2450	-2.6910
-0.2201	-0.1054	0.2440	-2.6948
-0.2205	-0.1045	0.2440	-2.6989
-0.2201	-0.1030	0.2430	-2.7038
-0.2205	-0.1021	0.2430	-2.7080
-0.2209	-0.1013	0.2430	-2.7118
-0.2213	-0.1004	0.2430	-2.7158
-0.2208	-0.0990	0.2420	-2.7199
-0.2204	-0.0976	0.2410	-2.7248
-0.2208	-0.0966	0.2410	-2.7290
-0.2211	-0.0958	0.2410	-2.7328
-0.2206	-0.0945	0.2400	-2.7368
-0.2210	-0.0937	0.2400	-2.7406
-0.2204	-0.0924	0.2390	-2.7448
-0.2208	-0.0915	0.2390	-2.7489
-0.2211	-0.0906	0.2390	-2.7526
-0.2215	-0.0897	0.2390	-2.7568
-0.2219	-0.0888	0.2390	-2.7609
-0.2222	-0.0880	0.2390	-2.7646
-0.2226	-0.0871	0.2390	-2.7687
-0.2221	-0.0856	0.2380	-2.7736
-0.2224	-0.0847	0.2380	-2.7778
-0.2228	-0.0838	0.2380	-2.7819
-0.2221	-0.0826	0.2370	-2.7857
-0.2225	-0.0817	0.2370	-2.7897
-0.2228	-0.0808	0.2370	-2.7936
-0.2231	-0.0799	0.2370	-2.7977
-0.2226	-0.0785	0.2360	-2.8026
-0.2229	-0.0776	0.2360	-2.8067
-0.2232	-0.0767	0.2360	-2.8107
-0.2225	-0.0755	0.2350	-2.8146
-0.2229	-0.0746	0.2350	-2.8187
-0.2232	-0.0737	0.2350	-2.8227
-0.2234	-0.0728	0.2350	-2.8266
-0.2228	-0.0714	0.2340	-2.8314
-0.2222	-0.0702	0.2330	-2.8356
-0.2225	-0.0693	0.2330	-2.8397
-0.2227	-0.0684	0.2330	-2.8435
-0.2230	-0.0675	0.2330	-2.8475
-0.2233	-0.0666	0.2330	-2.8517
-0.2235	-0.0658	0.2330	-2.8555
-0.2238	-0.0649	0.2330	-2.8595
-0.2231	-0.0637	0.2320	-2.8637
-0.2233	-0.0628	0.2320	-2.8675
-0.2236	-0.0619	0.2320	-2.8716
-0.2238	-0.0610	0.2320	-2.8756
-0.2241	-0.0601	0.2320	-2.8795
-0.2243	-0.0592	0.2320	-2.8836
-0.2246	-0.0583	0.2320	-2.8876
-0.2239	-0.0569	0.2310	-2.8926
-0.2241	-0.0561	0.2310	-2.8963
-0.2243	-0.0552	0.2310	-2.9005
-0.2255	-0.0547	0.2320	-2.9034
-0.2257	-0.0538	0.2320	-2.9076
-0.2250	-0.0525	0.2310	-2.9125
-0.2261	-0.0520	0.2320	-2.9154
-0.2254	-0.0507	0.2310	-2.9204
-0.2256	-0.0498	0.2310	-2.9244
-0.2258	-0.0488	0.2310	-2.9286
-0.2260	-0.0480	0.2310	-2.9324
-0.2252	-0.0469	0.2300	-2.9364
-0.2244	-0.0455	0.2290	-2.9414
-0.2246	-0.0446	0.2290	-2.9454
-0.2248	-0.0438	0.2290	-2.9493
-0.2250	-0.0428	0.2290	-2.9534
-0.2251	-0.0419	0.2290	-2.9575
-0.2253	-0.0411	0.2290	-2.9613
-0.2255	-0.0401	0.2290	-2.9657
-0.2256	-0.0392	0.2290	-2.9698
-0.2258	-0.0382	0.2290	-2.9738
-0.2250	-0.0371	0.2280	-2.9782
-0.2251	-0.0362	0.2280	-2.9823
-0.2253	-0.0352	0.2280	-2.9867
-0.2254	-0.0343	0.2280	-2.9908
-0.2255	-0.0333	0.2280	-2.9948
-0.2257	-0.0324	0.2280	-2.9992
-0.2258	-0.0314	0.2280	-3.0032
-0.2259	-0.0305	0.2280	-3.0074
-0.2261	-0.0295	0.2280	-3.0118
-0.2262	-0.0286	0.2280	-3.0158
-0.2263	-0.0277	0.2280	-3.0199
-0.2264	-0.0267	0.2280	-3.0242
-0.2265	-0.0258	0.2280	-3.0284
-0.2267	-0.0248	0.2280	-3.0328
-0.2267	-0.0238	0.2280	-3.0368
-0.2268	-0.0229	0.2280	-3.0409
-0.2269	-0.0219	0.2280	-3.0452
-0.2270	-0.0210	0.2280	-3.0494
-0.2271	-0.0201	0.2280	-3.0535
-0.2272	-0.0191	0.2280	-3.0578
-0.2273	-0.0181	0.2280	-3.0619
-0.2273	-0.0172	0.2280	-3.0660
-0.2274	-0.0162	0.2280	-3.0704
-0.2265	-0.0150	0.2270	-3.0755
-0.2266	-0.0141	0.2270	-3.0797
-0.2266	-0.0131	0.2270	-3.0840
-0.2277	-0.0124	0.2280	-3.0870
-0.2267	-0.0112	0.2270	-3.0922
-0.2268	-0.0102	0.2270	-3.0965
-0.2458	-0.0108	0.2460	-3.0979
-0.2278	-0.0096	0.2280	-3.0995
-0.2468	-0.0098	0.2470	-3.1020
-0.2468	-0.0087	0.2470	-3.1064
-0.2469	-0.0077	0.2470	-3.1104
-0.2469	-0.0066	0.2470	-3.1148
-0.2479	-0.0056	0.2480	-3.1189
-0.2480	-0.0046	0.2480	-3.1230
-0.2490	-0.0038	0.2490	-3.1263
-0.2490	-0.0028	0.2490	-3.1304
-0.2490	-0.0017	0.2490	-3.1347
-0.2500	-0.0007	0.2500	-3.1388
-0.5356	-0.0211	0.5360	-3.1023
-0.5357	-0.0189	0.5360	-3.1064
-0.5357	-0.0167	0.5360	-3.1104
-0.5358	-0.0145	0.5360	-3.1146
-0.5359	-0.0123	0.5360	-3.1187
-0.5359	-0.0101	0.5360	-3.1227
-0.5339	-0.0073	0.5340	-3.1279
-0.5340	-0.0051	0.5340	-3.1320
-0.5340	-0.0029	0.5340	-3.1361
-0.5340	-0.0008	0.5340	-3.1402
-0.4340	-0.0038	0.4340	-3.1328
-0.4340	-0.0020	0.4340	-3.1369
-0.4340	-0.0002	0.4340	-3.1410
-0.3886	-0.0182	0.3890	-3.0949
-0.3886	-0.0167	0.3890	-3.0987
-0.3887	-0.0151	0.3890	-3.1029
-0.3878	-0.0135	0.3880	-3.1069
-0.3878	-0.0120	0.3880	-3.1107
-0.3879	-0.0104	0.3880	-3.1148
-0.3869	-0.0088	0.3870	-3.1189
-0.3859	-0.0073	0.3860	-3.1227
-0.3860	-0.0057	0.3860	-3.1268
-0.3860	-0.0041	0.3860	-3.1310
-0.3860	-0.0027	0.3860	-3.1347
-0.3850	-0.0011	0.3850	-3.1388
-0.3417	-0.0132	0.3420	-3.1029
-0.3408	-0.0115	0.3410	-3.1077
-0.3408	-0.0102	0.3410	-3.1118
-0.3409	-0.0088	0.3410	-3.1159
-0.3409	-0.0074	0.3410	-3.1200
-0.3409	-0.0060	0.3410	-3.1240
-0.3400	-0.0046	0.3400	-3.1282
-0.3400	-0.0033	0.3400	-3.1320
-0.3390	-0.0019	0.3390	-3.1361
-0.3380	-0.0005	0.3380	-3.1402
-0.3190	-0.0257	0.3200	-3.0611
-0.3181	-0.0240	0.3190	-3.0662
-0.3172	-0.0227	0.3180	-3.0701
-0.2875	-0.0174	0.2880	-3.0813
-0.2875	-0.0163	0.2880	-3.0851
-0.2866	-0.0151	0.2870	-3.0890
-0.2867	-0.0140	0.2870	-3.0927
-0.2867	-0.0128	0.2870	-3.0968
-0.2868	-0.0117	0.2870	-3.1007
-0.2868	-0.0106	0.2870	-3.1045
-0.2868	-0.0095	0.2870	-3.1085
-0.2869	-0.0084	0.2870	-3.1124
-0.2869	-0.0073	0.2870	-3.1162
-0.2859	-0.0062	0.2860	-3.1200
-0.2840	-0.0047	0.2840	-3.1249
-0.2840	-0.0036	0.2840	-3.1287
-0.2850	-0.0025	0.2850	-3.1328
-0.2850	-0.0014	0.2850	-3.1366
-0.2860	-0.0005	0.2860	-3.1397
-0.2651	-0.0321	0.2670	-3.0210
-0.2642	-0.0310	0.2660	-3.0248
-0.2633	-0.0299	0.2650	-3.0287
-0.2625	-0.0285	0.2640	-3.0335
-0.2626	-0.0275	0.2640	-3.0374
-0.2646	-0.0270	0.2660	-3.0401
-0.2647	-0.0259	0.2660	-3.0439
-0.2638	-0.0248	0.2650	-3.0477
-0.2630	-0.0235	0.2640	-3.0526
-0.2611	-0.0223	0.2620	-3.0565
-0.2611	-0.0213	0.2620	-3.0603
-0.2612	-0.0203	0.2620	-3.0641
-0.2613	-0.0193	0.2620	-3.0680
-0.2614	-0.0183	0.2620	-3.0717
-0.2604	-0.0170	0.2610	-3.0764
-0.2605	-0.0160	0.2610	-3.0802
-0.2606	-0.0150	0.2610	-3.0840
-0.2596	-0.0140	0.2600	-3.0878
-0.2338	-0.0094	0.2340	-3.1014
-0.2328	-0.0085	0.2330	-3.1053
-0.2319	-0.0075	0.2320	-3.1091
-0.2329	-0.0066	0.2330	-3.1132
-0.2339	-0.0057	0.2340	-3.1170
-0.2329	-0.0048	0.2330	-3.1208
-0.2320	-0.0039	0.2320	-3.1246
-0.2320	-0.0030	0.2320	-3.1287
-0.2310	-0.0018	0.2310	-3.1336
-0.2300	-0.0009	0.2300	-3.1375
-0.2300	-0.0001	0.2300	-3.1413
