x	y	r	phi
-0.6149	0.1063	0.6240	2.9704
-0.6144	0.1090	0.6240	2.9660
-0.6120	0.1112	0.6220	2.9619
-0.6115	0.1137	0.6220	2.9578
-0.6091	0.1159	0.6200	2.9535
-0.6066	0.1181	0.6180	2.9494
-0.6041	0.1203	0.6160	2.9451
-0.6036	0.1228	0.6160	2.9409
-0.6010	0.1255	0.6140	2.9358
-0.6005	0.1280	0.6140	2.9316
-0.5980	0.1301	0.6120	2.9273
-0.5955	0.1322	0.6100	2.9232
-0.5950	0.1346	0.6100	2.9191
-0.5924	0.1367	0.6080	2.9148
-0.5899	0.1387	0.6060	2.9106
-0.5893	0.1413	0.6060	2.9063
-0.5868	0.1432	0.6040	2.9022
-0.5862	0.1456	0.6040	2.8981
-0.5836	0.1477	0.6020	2.8938
-0.5830	0.1501	0.6020	2.8896
-0.5804	0.1521	0.6000	2.8853
-0.5777	0.1546	0.5980	2.8801
-0.5770	0.1570	0.5980	2.8760
-0.5745	0.1588	0.5960	2.8719
-0.5738	0.1611	0.5960	2.8679
-0.5712	0.1629	0.5940	2.8638
-0.5705	0.1654	0.5940	2.8593
-0.5679	0.1672	0.5920	2.8553
-0.5672	0.1695	0.5920	2.8512
-0.5646	0.1713	0.5900	2.8471
-0.5620	0.1730	0.5880	2.8430
-0.5613	0.1753	0.5880	2.8389
-0.5586	0.1770	0.5860	2.8348
-0.5579	0.1792	0.5860	2.8308
-0.5572	0.1815	0.5860	2.8266
-0.5543	0.1838	0.5840	2.8215
-0.5536	0.1861	0.5840	2.8173
-0.5509	0.1876	0.5820	2.8133
-0.5501	0.1899	0.5820	2.8092
-0.5475	0.1915	0.5800	2.8051
-0.5467	0.1937	0.5800	2.8010
-0.5440	0.1953	0.5780	2.7969
-0.5432	0.1975	0.5780	2.7928
-0.5424	0.1997	0.5780	2.7888
-0.5397	0.2013	0.5760	2.7847
-0.5389	0.2035	0.5760	2.7805
-0.5380	0.2056	0.5760	2.7765
-0.5353	0.2071	0.5740	2.7724
-0.5345	0.2093	0.5740	2.7683
-0.5318	0.2108	0.5720	2.7642
-0.5309	0.2130	0.5720	2.7601
-0.5300	0.2151	0.5720	2.7560
-0.5270	0.2171	0.5700	2.7508
-0.5262	0.2192	0.5700	2.7468
-0.5252	0.2214	0.5700	2.7427
-0.5225	0.2228	0.5680	2.7385
-0.5197	0.2241	0.5660	2.7345
-0.5188	0.2262	0.5660	2.7304
-0.5179	0.2284	0.5660	2.7263
-0.5170	0.2305	0.5660	2.7222
-0.5142	0.2318	0.5640	2.7181
-0.5132	0.2339	0.5640	2.7140
-0.5122	0.2361	0.5640	2.7097
-0.5112	0.2382	0.5640	2.7056
-0.5085	0.2394	0.5620	2.7015
-0.5075	0.2415	0.5620	2.6974
-0.5065	0.2436	0.5620	2.6933
-0.5055	0.2456	0.5620	2.6893
-0.5027	0.2468	0.5600	2.6851
-0.5016	0.2489	0.5600	2.6810
-0.4986	0.2506	0.5580	2.6758
-0.4976	0.2526	0.5580	2.6718
-0.4965	0.2547	0.5580	2.6677
-0.4955	0.2567	0.5580	2.6636
-0.4944	0.2587	0.5580	2.6595
-0.4916	0.2598	0.5560	2.6554
-0.4905	0.2618	0.5560	2.6513
-0.4894	0.2638	0.5560	2.6473
-0.4883	0.2658	0.5560	2.6431
-0.4855	0.2669	0.5540	2.6390
-0.4844	0.2688	0.5540	2.6350
-0.4833	0.2708	0.5540	2.6309
-0.4804	0.2718	0.5520	2.6268
-0.4793	0.2737	0.5520	2.6227
-0.4782	0.2757	0.5520	2.6186
-0.4771	0.2777	0.5520	2.6145
-0.4760	0.2796	0.5520	2.6105
-0.4731	0.2805	0.5500	2.6063
-0.4719	0.2825	0.5500	2.6022
-0.4707	0.2845	0.5500	2.5979
-0.4695	0.2865	0.5500	2.5938
-0.4683	0.2884	0.5500	2.5896
-0.4672	0.2903	0.5500	2.5856
-0.4643	0.2911	0.5480	2.5815
-0.4631	0.2930	0.5480	2.5774
-0.4619	0.2949	0.5480	2.5733
-0.4607	0.2968	0.5480	2.5692
-0.4594	0.2987	0.5480	2.5651
-0.4562	0.3000	0.5460	2.5599
-0.4550	0.3018	0.5460	2.5559
-0.4537	0.3037	0.5460	2.5518
-0.4545	0.3062	0.5480	2.5488
-0.4513	0.3074	0.5460	2.5436
-0.4483	0.3081	0.5440	2.5395
-0.4487	0.3111	0.5460	2.5354
-0.4475	0.3129	0.5460	2.5314
-0.4445	0.3136	0.5440	2.5272
-0.4432	0.3154	0.5440	2.5231
-0.4420	0.3172	0.5440	2.5191
-0.4406	0.3190	0.5440	2.5150
-0.4393	0.3208	0.5440	2.5108
-0.4380	0.3226	0.5440	2.5068
-0.4367	0.3244	0.5440	2.5027
-0.4338	0.3250	0.5420	2.4986
-0.4324	0.3267	0.5420	2.4945
-0.4327	0.3297	0.5440	2.4904
-0.4313	0.3315	0.5440	2.4863
-0.4283	0.3321	0.5420	2.4820
-0.4269	0.3339	0.5420	2.4779
-0.4256	0.3357	0.5420	2.4737
-0.4258	0.3386	0.5440	2.4697
-0.4243	0.3405	0.5440	2.4653
-0.4229	0.3422	0.5440	2.4613
-0.4198	0.3428	0.5420	2.4569
-0.4184	0.3445	0.5420	2.4527
-0.4170	0.3462	0.5420	2.4487
-0.4155	0.3480	0.5420	2.4443
-0.4141	0.3497	0.5420	2.4403
-0.4125	0.3515	0.5420	2.4359
-0.4111	0.3532	0.5420	2.4317
-0.4080	0.3537	0.5400	2.4274
-0.4066	0.3554	0.5400	2.4233
-0.4065	0.3584	0.5420	2.4190
-0.4051	0.3601	0.5420	2.4149
-0.4035	0.3619	0.5420	2.4106
-0.4020	0.3635	0.5420	2.4064
-0.4004	0.3653	0.5420	2.4020
-0.3989	0.3669	0.5420	2.3980
-0.3988	0.3700	0.5440	2.3936
-0.3958	0.3703	0.5420	2.3896
-0.3942	0.3720	0.5420	2.3851
-0.3926	0.3736	0.5420	2.3810
-0.3911	0.3752	0.5420	2.3770
-0.3895	0.3769	0.5420	2.3726
-0.3879	0.3785	0.5420	2.3685
-0.3863	0.3802	0.5420	2.3642
-0.3847	0.3818	0.5420	2.3600
-0.3831	0.3834	0.5420	2.3557
-0.3815	0.3850	0.5420	2.3516
-0.3798	0.3867	0.5420	2.3473
-0.3782	0.3882	0.5420	2.3432
-0.3765	0.3899	0.5420	2.3387
-0.3763	0.3928	0.5440	2.3347
-0.3732	0.3930	0.5420	2.3303
-0.3716	0.3945	0.5420	2.3263
-0.3712	0.3976	0.5440	2.3219
-0.3710	0.4006	0.5460	2.3177
-0.3680	0.4007	0.5440	2.3137
-0.3662	0.4023	0.5440	2.3093
-0.3646	0.4037	0.5440	2.3053
-0.3641	0.4068	0.5460	2.3009
-0.3625	0.4083	0.5460	2.2968
-0.3594	0.4084	0.5440	2.2924
-0.3590	0.4114	0.5460	2.2883
-0.3572	0.4129	0.5460	2.2840
-0.3555	0.4144	0.5460	2.2799
-0.3537	0.4159	0.5460	2.2756
-0.3520	0.4174	0.5460	2.2714
-0.3502	0.4189	0.5460	2.2670
-0.3485	0.4203	0.5460	2.2630
-0.3466	0.4219	0.5460	2.2586
-0.3466	0.4244	0.5480	2.2556
-0.3448	0.4260	0.5480	2.2512
-0.3430	0.4274	0.5480	2.2472
-0.3411	0.4289	0.5480	2.2428
-0.3407	0.4318	0.5500	2.2387
-0.3388	0.4333	0.5500	2.2343
-0.3370	0.4347	0.5500	2.2302
-0.3351	0.4361	0.5500	2.2259
-0.3333	0.4375	0.5500	2.2218
-0.3314	0.4390	0.5500	2.2175
-0.3296	0.4403	0.5500	2.2133
-0.3288	0.4434	0.5520	2.2089
-0.3282	0.4463	0.5540	2.2049
-0.3251	0.4461	0.5520	2.2005
-0.3233	0.4474	0.5520	2.1965
-0.3225	0.4505	0.5540	2.1921
-0.3206	0.4518	0.5540	2.1879
-0.3188	0.4531	0.5540	2.1839
-0.3168	0.4545	0.5540	2.1795
-0.3161	0.4574	0.5560	2.1755
-0.3141	0.4588	0.5560	2.1711
-0.3133	0.4617	0.5580	2.1669
-0.3113	0.4631	0.5580	2.1626
-0.3094	0.4644	0.5580	2.1585
-0.3074	0.4657	0.5580	2.1542
-0.3055	0.4670	0.5580	2.1501
-0.3050	0.4696	0.5600	2.1468
-0.3029	0.4710	0.5600	2.1424
-0.3010	0.4722	0.5600	2.1384
-0.2991	0.4734	0.5600	2.1342
-0.2971	0.4747	0.5600	2.1299
-0.2961	0.4776	0.5620	2.1258
-0.2940	0.4789	0.5620	2.1214
-0.2921	0.4801	0.5620	2.1174
-0.2910	0.4831	0.5640	2.1130
-0.2891	0.4843	0.5640	2.1089
-0.2869	0.4856	0.5640	2.1045
-0.2859	0.4885	0.5660	2.1004
-0.2838	0.4897	0.5660	2.0961
-0.2818	0.4909	0.5660	2.0920
-0.2807	0.4938	0.5680	2.0877
-0.2786	0.4950	0.5680	2.0835
-0.2775	0.4979	0.5700	2.0792
-0.2745	0.4973	0.5680	2.0751
-0.2732	0.5003	0.5700	2.0707
-0.2712	0.5013	0.5700	2.0667
-0.2705	0.5040	0.5720	2.0634
-0.2684	0.5051	0.5720	2.0593
-0.2663	0.5062	0.5720	2.0552
-0.2651	0.5091	0.5740	2.0508
-0.2639	0.5120	0.5760	2.0467
-0.2617	0.5131	0.5760	2.0424
-0.2596	0.5142	0.5760	2.0383
-0.2574	0.5153	0.5760	2.0342
-0.2561	0.5182	0.5780	2.0298
-0.2540	0.5192	0.5780	2.0257
-0.2526	0.5221	0.5800	2.0214
-0.2504	0.5231	0.5800	2.0173
-0.2491	0.5260	0.5820	2.0132
-0.2469	0.5270	0.5820	2.0088
-0.2447	0.5281	0.5820	2.0047
-0.2433	0.5309	0.5840	2.0006
-0.2411	0.5319	0.5840	1.9963
-0.2401	0.5345	0.5860	1.9930
-0.2387	0.5373	0.5880	1.9889
-0.2365	0.5383	0.5880	1.9848
-0.2342	0.5393	0.5880	1.9805
-0.2328	0.5421	0.5900	1.9763
-0.2304	0.5431	0.5900	1.9720
-0.2290	0.5459	0.5920	1.9679
-0.2267	0.5469	0.5920	1.9638
-0.2243	0.5478	0.5920	1.9595
-0.2228	0.5506	0.5940	1.9553
-0.2212	0.5534	0.5960	1.9510
-0.2197	0.5562	0.5980	1.9469
-0.2174	0.5571	0.5980	1.9428
-0.2149	0.5580	0.5980	1.9385
-0.2140	0.5605	0.6000	1.9355
-0.2115	0.5615	0.6000	1.9311
-0.2099	0.5642	0.6020	1.9270
-0.2075	0.5651	0.6020	1.9227
-0.2058	0.5678	0.6040	1.9185
-0.2042	0.5706	0.6060	1.9144
-0.2017	0.5715	0.6060	1.9101
-0.2000	0.5742	0.6080	1.9060
-0.1975	0.5750	0.6080	1.9017
-0.1958	0.5777	0.6100	1.8975
-0.1934	0.5785	0.6100	1.8934
-0.1915	0.5813	0.6120	1.8891
-0.1897	0.5839	0.6140	1.8850
-0.1874	0.5847	0.6140	1.8809
-0.1860	0.5872	0.6160	1.8776
-0.1835	0.5880	0.6160	1.8733
-0.1817	0.5907	0.6180	1.8692
-0.1799	0.5933	0.6200	1.8651
-0.1778	0.5960	0.6220	1.8607
-0.1754	0.5968	0.6220	1.8566
-0.1733	0.5994	0.6240	1.8523
-0.1714	0.6021	0.6260	1.8482
-0.1690	0.6028	0.6260	1.8441
-0.1669	0.6054	0.6280	1.8397
-0.1649	0.6080	0.6300	1.8356
-0.1634	0.6105	0.6320	1.8323
-0.1610	0.6112	0.6320	1.8283
-0.1588	0.6138	0.6340	1.8239
-0.1567	0.6164	0.6360	1.8198
-0.1547	0.6190	0.6380	1.8158
-0.1520	0.6196	0.6380	1.8113
-0.1500	0.6222	0.6400	1.8073
-0.1477	0.6248	0.6420	1.8029
-0.1456	0.6273	0.6440	1.7988
-0.1435	0.6299	0.6460	1.7948
-0.1407	0.6305	0.6460	1.7903
-0.1391	0.6329	0.6480	1.7871
-0.1369	0.6354	0.6500	1.7830
-0.1347	0.6379	0.6520	1.7789
-0.1323	0.6405	0.6540	1.7745
-0.1301	0.6430	0.6560	1.7705
-0.1277	0.6455	0.6580	1.7661
-0.1254	0.6480	0.6600	1.7620
-0.1228	0.6485	0.6600	1.7579
-0.1203	0.6510	0.6620	1.7535
-0.1180	0.6534	0.6640	1.7495
-0.1162	0.6558	0.6660	1.7461
-0.1139	0.6582	0.6680	1.7421
-0.1113	0.6607	0.6700	1.7377
-0.1033	0.6640	0.6720	1.7252
-0.0950	0.6652	0.6720	1.7127
-0.0859	0.6604	0.6660	1.7001
-0.0815	0.6529	0.6580	1.6950
-0.0783	0.6493	0.6540	1.6908
-0.0753	0.6476	0.6520	1.6865
-0.0722	0.6440	0.6480	1.6824
-0.0684	0.6404	0.6440	1.6772
-0.0654	0.6387	0.6420	1.6728
-0.0624	0.6349	0.6380	1.6688
-0.0596	0.6332	0.6360	1.6647
-0.0565	0.6295	0.6320	1.6602
-0.0529	0.6258	0.6280	1.6551
-0.0502	0.6240	0.6260	1.6510
-0.0473	0.6202	0.6220	1.6469
-0.0445	0.6184	0.6200	1.6426
-0.0418	0.6166	0.6180	1.6385
-0.0384	0.6128	0.6140	1.6333
-0.0355	0.6110	0.6120	1.6289
-0.0329	0.6071	0.6080	1.6249
-0.0303	0.6052	0.6060	1.6207
-0.0276	0.6034	0.6040	1.6164
-0.0249	0.5995	0.6000	1.6123
-0.0217	0.5976	0.5980	1.6071
-0.0190	0.5957	0.5960	1.6027
-0.0165	0.5918	0.5920	1.5987
-0.0140	0.5898	0.5900	1.5946
-0.0114	0.5879	0.5880	1.5902
-0.0083	0.5839	0.5840	1.5850
-0.0059	0.5820	0.5820	1.5810
-0.0035	0.5800	0.5800	1.5768
-0.0010	0.5780	0.5780	1.5725
0.0014	0.5740	0.5740	1.5684
0.0039	0.5720	0.5720	1.5640
0.0068	0.5700	0.5700	1.5588
0.0091	0.5679	0.5680	1.5548
0.0114	0.5659	0.5660	1.5507
0.0138	0.5638	0.5640	1.5463
0.0160	0.5598	0.5600	1.5422
0.0183	0.5597	0.5600	1.5381
0.0211	0.5576	0.5580	1.5329
0.0234	0.5535	0.5540	1.5286
0.0256	0.5534	0.5540	1.5245
0.0279	0.5493	0.5500	1.5201
0.0300	0.5472	0.5480	1.5161
0.0322	0.5471	0.5480	1.5119
0.0349	0.5449	0.5460	1.5068
0.0372	0.5427	0.5440	1.5024
0.0393	0.5406	0.5420	1.4983
0.0412	0.5364	0.5380	1.4942
0.0433	0.5342	0.5360	1.4899
0.0455	0.5341	0.5360	1.4858
0.0481	0.5318	0.5340	1.4806
0.0503	0.5296	0.5320	1.4762
0.0522	0.5274	0.5300	1.4721
0.0542	0.5252	0.5280	1.4680
0.0562	0.5230	0.5260	1.4637
0.0582	0.5208	0.5240	1.4596
0.0606	0.5185	0.5220	1.4544
0.0629	0.5182	0.5220	1.4500
0.0647	0.5160	0.5200	1.4460
0.0666	0.5137	0.5180	1.4418
0.0686	0.5114	0.5160	1.4375
0.0704	0.5092	0.5140	1.4334
0.0727	0.5068	0.5120	1.4282
0.0748	0.5065	0.5120	1.4241
0.0767	0.5042	0.5100	1.4198
0.0786	0.5029	0.5090	1.4157
0.0807	0.5015	0.5080	1.4113
0.0824	0.4992	0.5060	1.4072
0.0841	0.4969	0.5040	1.4031
0.0861	0.4956	0.5030	1.3988
0.0880	0.4942	0.5020	1.3947
0.0902	0.4918	0.5000	1.3895
0.0920	0.4904	0.4990	1.3854
0.0937	0.4881	0.4970	1.3811
0.0954	0.4857	0.4950	1.3769
0.0973	0.4843	0.4940	1.3726
0.0991	0.4829	0.4930	1.3685
0.1008	0.4816	0.4920	1.3644
0.1031	0.4800	0.4910	1.3592
0.1048	0.4776	0.4890	1.3549
0.1065	0.4762	0.4880	1.3508
0.1080	0.4738	0.4860	1.3466
0.1098	0.4724	0.4850	1.3423
0.1116	0.4710	0.4840	1.3382
0.1134	0.4695	0.4830	1.3339
0.1155	0.4679	0.4820	1.3287
0.1170	0.4655	0.4800	1.3246
0.1187	0.4641	0.4790	1.3205
0.1204	0.4626	0.4780	1.3162
0.1221	0.4611	0.4770	1.3120
0.1235	0.4587	0.4750	1.3077
0.1252	0.4572	0.4740	1.3036
0.1268	0.4557	0.4730	1.2995
0.1289	0.4541	0.4720	1.2943
0.1305	0.4526	0.4710	1.2900
0.1321	0.4510	0.4700	1.2859
0.1337	0.4495	0.4690	1.2817
0.1350	0.4470	0.4670	1.2774
0.1366	0.4455	0.4660	1.2733
0.1382	0.4440	0.4650	1.2690
0.1397	0.4425	0.4640	1.2649
0.1417	0.4408	0.4630	1.2597
0.1432	0.4392	0.4620	1.2556
0.1447	0.4377	0.4610	1.2515
0.1462	0.4362	0.4600	1.2474
0.1478	0.4356	0.4600	1.2436
0.1493	0.4340	0.4590	1.2395
0.1507	0.4325	0.4580	1.2354
0.1522	0.4309	0.4570	1.2313
0.1535	0.4294	0.4560	1.2275
0.1554	0.4276	0.4550	1.2223
0.1567	0.4261	0.4540	1.2185
0.1580	0.4245	0.4530	1.2144
0.1594	0.4229	0.4520	1.2103
0.1607	0.4214	0.4510	1.2065
0.1620	0.4198	0.4500	1.2024
0.1634	0.4182	0.4490	1.1983
0.1646	0.4167	0.4480	1.1945
0.1664	0.4160	0.4480	1.1904
0.1676	0.4133	0.4460	1.1855
0.1693	0.4126	0.4460	1.1815
0.1706	0.4110	0.4450	1.1773
0.1718	0.4094	0.4440	1.1735
0.1731	0.4078	0.4430	1.1694
0.1747	0.4071	0.4430	1.1653
0.1760	0.4054	0.4420	1.1612
0.1772	0.4038	0.4410	1.1574
0.1784	0.4022	0.4400	1.1534
0.1800	0.4004	0.4390	1.1484
0.1816	0.3997	0.4390	1.1443
0.1828	0.3980	0.4380	1.1402
0.1839	0.3964	0.4370	1.1364
0.1851	0.3948	0.4360	1.1324
0.1863	0.3931	0.4350	1.1282
0.1878	0.3924	0.4350	1.1244
0.1894	0.3916	0.4350	1.1203
0.1905	0.3899	0.4340	1.1163
0.1917	0.3882	0.4330	1.1121
0.1932	0.3875	0.4330	1.1083
0.1943	0.3858	0.4320	1.1043
0.1958	0.3840	0.4310	1.0993
0.1969	0.3823	0.4300	1.0953
0.1980	0.3806	0.4290	1.0911
0.1994	0.3798	0.4290	1.0873
0.2005	0.3781	0.4280	1.0833
0.2020	0.3773	0.4280	1.0792
0.2035	0.3765	0.4280	1.0753
0.2046	0.3748	0.4270	1.0712
0.2056	0.3731	0.4260	1.0672
0.2065	0.3714	0.4250	1.0633
0.2076	0.3697	0.4240	1.0592
0.2091	0.3689	0.4240	1.0552
0.2106	0.3680	0.4240	1.0511
0.2119	0.3661	0.4230	1.0462
0.2134	0.3652	0.4230	1.0421
0.2148	0.3644	0.4230	1.0382
0.2157	0.3627	0.4220	1.0342
0.2167	0.3609	0.4210	1.0301
0.2176	0.3592	0.4200	1.0262
0.2191	0.3583	0.4200	1.0221
0.2205	0.3575	0.4200	1.0181
0.2219	0.3566	0.4200	1.0142
0.2228	0.3549	0.4190	1.0101
0.2242	0.3540	0.4190	1.0061
0.2252	0.3522	0.4180	1.0020
0.2260	0.3505	0.4170	0.9981
0.2274	0.3495	0.4170	0.9940
0.2288	0.3486	0.4170	0.9900
0.2300	0.3467	0.4160	0.9851
0.2314	0.3457	0.4160	0.9810
0.2327	0.3448	0.4160	0.9771
0.2336	0.3430	0.4150	0.9730
0.2344	0.3413	0.4140	0.9690
0.2357	0.3404	0.4140	0.9652
0.2371	0.3394	0.4140	0.9610
0.2379	0.3376	0.4130	0.9570
0.2393	0.3366	0.4130	0.9529
0.2406	0.3357	0.4130	0.9491
0.2419	0.3347	0.4130	0.9449
0.2427	0.3329	0.4120	0.9409
0.2440	0.3320	0.4120	0.9371
0.2447	0.3302	0.4110	0.9329
0.2461	0.3292	0.4110	0.9289
0.2479	0.3291	0.4120	0.9251
0.2493	0.3280	0.4120	0.9210
0.2500	0.3262	0.4110	0.9169
0.2506	0.3245	0.4100	0.9131
0.2520	0.3234	0.4100	0.9090
0.2533	0.3224	0.4100	0.9049
0.2546	0.3214	0.4100	0.9008
0.2558	0.3204	0.4100	0.8970
0.2569	0.3183	0.4090	0.8918
0.2574	0.3165	0.4080	0.8880
0.2581	0.3147	0.4070	0.8839
0.2594	0.3136	0.4070	0.8798
0.2612	0.3134	0.4080	0.8760
0.2625	0.3123	0.4080	0.8719
0.2638	0.3113	0.4080	0.8678
0.2650	0.3102	0.4080	0.8637
0.2657	0.3083	0.4070	0.8596
0.2669	0.3073	0.4070	0.8556
0.2675	0.3054	0.4060	0.8515
0.2688	0.3043	0.4060	0.8473
0.2707	0.3040	0.4070	0.8433
0.2712	0.3021	0.4060	0.8392
0.2725	0.3010	0.4060	0.8351
0.2744	0.3006	0.4070	0.8310
0.2749	0.2988	0.4060	0.8269
0.2755	0.2969	0.4050	0.8228
0.2767	0.2958	0.4050	0.8188
0.2779	0.2946	0.4050	0.8146
0.2791	0.2935	0.4050	0.8105
0.2803	0.2924	0.4050	0.8065
0.2815	0.2912	0.4050	0.8024
0.2828	0.2900	0.4050	0.7980
0.2832	0.2881	0.4040	0.7939
0.2844	0.2869	0.4040	0.7898
0.2863	0.2865	0.4050	0.7857
0.2882	0.2860	0.4060	0.7817
0.2886	0.2841	0.4050	0.7775
0.2891	0.2822	0.4040	0.7734
0.2902	0.2811	0.4040	0.7694
0.2921	0.2806	0.4050	0.7653
0.2925	0.2787	0.4040	0.7611
0.2936	0.2775	0.4040	0.7571
0.2955	0.2769	0.4050	0.7530
0.2959	0.2750	0.4040	0.7489
0.2970	0.2739	0.4040	0.7448
0.2981	0.2726	0.4040	0.7407
0.2993	0.2714	0.4040	0.7366
0.3004	0.2701	0.4040	0.7323
0.3015	0.2689	0.4040	0.7282
0.3027	0.2676	0.4040	0.7240
0.3037	0.2664	0.4040	0.7200
0.3048	0.2651	0.4040	0.7159
0.3059	0.2639	0.4040	0.7118
0.3070	0.2626	0.4040	0.7077
0.3081	0.2614	0.4040	0.7036
0.3091	0.2601	0.4040	0.6995
0.3102	0.2589	0.4040	0.6955
0.3112	0.2576	0.4040	0.6913
0.3123	0.2563	0.4040	0.6872
0.3141	0.2557	0.4050	0.6832
0.3152	0.2544	0.4050	0.6791
0.3154	0.2524	0.4040	0.6750
0.3164	0.2512	0.4040	0.6709
0.3183	0.2504	0.4050	0.6665
0.3193	0.2491	0.4050	0.6625
0.3196	0.2472	0.4040	0.6584
0.3206	0.2459	0.4040	0.6542
0.3224	0.2452	0.4050	0.6502
0.3234	0.2438	0.4050	0.6461
0.3244	0.2425	0.4050	0.6420
0.3253	0.2412	0.4050	0.6379
0.3263	0.2399	0.4050	0.6338
0.3281	0.2391	0.4060	0.6297
0.3291	0.2378	0.4060	0.6257
0.3301	0.2364	0.4060	0.6215
0.3302	0.2345	0.4050	0.6174
0.3320	0.2337	0.4060	0.6134
0.3329	0.2323	0.4060	0.6093
0.3347	0.2315	0.4070	0.6052
0.3357	0.2301	0.4070	0.6008
0.3367	0.2287	0.4070	0.5967
0.3376	0.2273	0.4070	0.5926
0.3385	0.2260	0.4070	0.5886
0.3403	0.2251	0.4080	0.5844
0.3412	0.2237	0.4080	0.5803
0.3421	0.2223	0.4080	0.5763
0.3430	0.2209	0.4080	0.5722
0.3439	0.2195	0.4080	0.5681
0.3456	0.2186	0.4090	0.5640
0.3465	0.2172	0.4090	0.5599
0.3474	0.2158	0.4090	0.5558
0.3483	0.2144	0.4090	0.5518
0.3499	0.2138	0.4100	0.5485
0.3507	0.2123	0.4100	0.5444
0.3516	0.2109	0.4100	0.5402
0.3525	0.2095	0.4100	0.5362
0.3533	0.2080	0.4100	0.5321
0.3550	0.2071	0.4110	0.5280
0.3567	0.2061	0.4120	0.5240
0.3576	0.2047	0.4120	0.5198
0.3593	0.2037	0.4130	0.5157
0.3601	0.2022	0.4130	0.5117
0.3609	0.2007	0.4130	0.5076
0.3609	0.1988	0.4120	0.5034
0.3626	0.1978	0.4130	0.4994
0.3643	0.1967	0.4140	0.4950
0.3651	0.1952	0.4140	0.4909
0.3668	0.1942	0.4150	0.4868
0.3676	0.1926	0.4150	0.4827
0.3684	0.1911	0.4150	0.4786
0.3691	0.1896	0.4150	0.4746
0.3708	0.1886	0.4160	0.4705
0.3716	0.1870	0.4160	0.4663
0.3731	0.1863	0.4170	0.4631
0.3738	0.1848	0.4170	0.4590
0.3746	0.1832	0.4170	0.4549
0.3762	0.1821	0.4180	0.4508
0.3779	0.1810	0.4190	0.4468
0.3787	0.1794	0.4190	0.4424
0.3794	0.1778	0.4190	0.4383
0.3810	0.1767	0.4200	0.4342
0.3827	0.1755	0.4210	0.4301
0.3834	0.1740	0.4210	0.4261
0.3841	0.1724	0.4210	0.4219
0.3848	0.1707	0.4210	0.4175
0.3864	0.1696	0.4220	0.4135
0.3880	0.1684	0.4230	0.4094
0.3895	0.1675	0.4240	0.4061
0.3902	0.1659	0.4240	0.4020
0.3909	0.1643	0.4240	0.3980
0.3915	0.1627	0.4240	0.3938
0.3922	0.1611	0.4240	0.3897
0.3947	0.1603	0.4260	0.3857
0.3963	0.1589	0.4270	0.3813
0.3979	0.1576	0.4280	0.3772
0.3985	0.1560	0.4280	0.3731
0.3983	0.1540	0.4270	0.3690
0.3998	0.1527	0.4280	0.3649
0.4014	0.1515	0.4290	0.3609
0.4042	0.1468	0.4300	0.3483
0.3920	0.1269	0.4120	0.3131
0.3888	0.1238	0.4080	0.3082
0.3855	0.1209	0.4040	0.3038
0.3823	0.1178	0.4000	0.2989
0.3799	0.1152	0.3970	0.2945
0.3776	0.1125	0.3940	0.2896
0.3743	0.1094	0.3900	0.2845
0.3709	0.1068	0.3860	0.2804
0.3686	0.1041	0.3830	0.2753
0.3661	0.1018	0.3800	0.2711
0.3628	0.0988	0.3760	0.2660
0.3603	0.0966	0.3730	0.2618
0.3579	0.0939	0.3700	0.2567
0.3555	0.0913	0.3670	0.2515
0.3529	0.0891	0.3640	0.2474
0.3505	0.0866	0.3610	0.2422
0.3479	0.0845	0.3580	0.2382
0.3454	0.0820	0.3550	0.2330
0.3438	0.0801	0.3530	0.2289
0.3413	0.0777	0.3500	0.2240
0.3387	0.0756	0.3470	0.2196
0.3361	0.0733	0.3440	0.2147
0.3335	0.0709	0.3410	0.2095
0.3319	0.0691	0.3390	0.2054
0.3302	0.0674	0.3370	0.2013
0.3276	0.0651	0.3340	0.1962
0.3250	0.0628	0.3310	0.1910
0.3233	0.0611	0.3290	0.1869
0.3216	0.0591	0.3270	0.1817
0.3199	0.0574	0.3250	0.1776
0.3182	0.0554	0.3230	0.1724
0.3165	0.0538	0.3210	0.1684
0.3138	0.0516	0.3180	0.1631
0.3120	0.0500	0.3160	0.1591
0.3113	0.0483	0.3150	0.1539
0.3085	0.0465	0.3120	0.1498
0.3068	0.0447	0.3100	0.1446
0.3060	0.0433	0.3090	0.1405
0.3042	0.0414	0.3070	0.1353
0.3024	0.0399	0.3050	0.1313
0.3006	0.0381	0.3030	0.1261
0.2988	0.0366	0.3010	0.1220
0.2970	0.0348	0.2990	0.1168
0.2951	0.0334	0.2970	0.1127
0.2943	0.0318	0.2960	0.1075
0.2924	0.0304	0.2940	0.1034
0.2906	0.0286	0.2920	0.0982
0.2897	0.0274	0.2910	0.0941
0.2878	0.0258	0.2890	0.0893
0.2860	0.0243	0.2870	0.0848
0.2841	0.0228	0.2850	0.0800
0.2832	0.0214	0.2840	0.0755
0.2823	0.0202	0.2830	0.0715
0.2804	0.0187	0.2810	0.0666
0.2795	0.0174	0.2800	0.0622
0.2775	0.0159	0.2780	0.0573
0.2766	0.0147	0.2770	0.0529
0.2747	0.0132	0.2750	0.0480
0.2737	0.0120	0.2740	0.0437
0.2718	0.0105	0.2720	0.0387
0.2698	0.0091	0.2700	0.0336
0.2689	0.0079	0.2690	0.0295
0.2679	0.0068	0.2680	0.0254
0.2669	0.0055	0.2670	0.0205
0.2660	0.0044	0.2660	0.0164
0.2640	0.0030	0.2640	0.0112
0.2630	0.0019	0.2630	0.0071
0.2620	0.0008	0.2620	0.0031
0.2600	-0.0005	0.2600	-0.0021
0.2590	-0.0016	0.2590	-0.0062
0.2580	-0.0029	0.2580	-0.0111
0.2570	-0.0039	0.2570	-0.0152
0.2559	-0.0052	0.2560	-0.0204
0.2539	-0.0062	0.2540	-0.0245
0.2529	-0.0075	0.2530	-0.0297
0.2519	-0.0085	0.2520	-0.0337
0.2508	-0.0095	0.2510	-0.0379
0.2498	-0.0107	0.2500	-0.0428
0.2477	-0.0119	0.2480	-0.0479
0.2477	-0.0129	0.2480	-0.0521
0.2466	-0.0138	0.2470	-0.0561
0.2456	-0.0148	0.2460	-0.0602
0.2445	-0.0159	0.2450	-0.0651
0.2434	-0.0169	0.2440	-0.0692
0.2413	-0.0180	0.2420	-0.0744
0.2413	-0.0190	0.2420	-0.0785
0.2402	-0.0201	0.2410	-0.0837
0.2391	-0.0210	0.2400	-0.0877
0.2380	-0.0219	0.2390	-0.0918
0.2369	-0.0230	0.2380	-0.0967
0.2348	-0.0240	0.2360	-0.1019
0.2347	-0.0250	0.2360	-0.1060
0.2336	-0.0258	0.2350	-0.1102
0.2325	-0.0269	0.2340	-0.1150
0.2313	-0.0277	0.2330	-0.1194
0.2302	-0.0286	0.2320	-0.1235
0.2291	-0.0296	0.2310	-0.1284
0.2280	-0.0304	0.2300	-0.1325
0.2279	-0.0313	0.2300	-0.1366
0.2257	-0.0322	0.2280	-0.1418
0.2246	-0.0332	0.2270	-0.1467
0.2244	-0.0341	0.2270	-0.1507
0.2243	-0.0350	0.2270	-0.1548
0.2221	-0.0358	0.2250	-0.1600
0.2210	-0.0366	0.2240	-0.1641
0.2198	-0.0376	0.2230	-0.1693
0.2187	-0.0383	0.2220	-0.1734
0.2185	-0.0392	0.2220	-0.1775
0.2173	-0.0401	0.2210	-0.1824
0.2162	-0.0408	0.2200	-0.1865
0.2160	-0.0417	0.2200	-0.1906
0.2148	-0.0426	0.2190	-0.1958
0.2137	-0.0433	0.2180	-0.1998
0.2125	-0.0442	0.2170	-0.2051
0.2123	-0.0450	0.2170	-0.2091
0.2121	-0.0459	0.2170	-0.2132
0.2109	-0.0466	0.2160	-0.2173
0.2097	-0.0474	0.2150	-0.2222
0.2085	-0.0480	0.2140	-0.2263
0.2073	-0.0489	0.2130	-0.2314
0.2071	-0.0497	0.2130	-0.2356
0.2059	-0.0503	0.2120	-0.2397
0.2057	-0.0512	0.2120	-0.2437
0.2045	-0.0519	0.2110	-0.2487
0.2043	-0.0528	0.2110	-0.2527
0.2031	-0.0536	0.2100	-0.2579
0.2028	-0.0544	0.2100	-0.2620
0.2016	-0.0550	0.2090	-0.2661
0.2004	-0.0557	0.2080	-0.2713
0.1992	-0.0563	0.2070	-0.2753
0.1990	-0.0571	0.2070	-0.2795
0.1977	-0.0578	0.2060	-0.2844
0.1965	-0.0583	0.2050	-0.2885
0.1963	-0.0591	0.2050	-0.2926
0.1950	-0.0599	0.2040	-0.2978
0.1948	-0.0606	0.2040	-0.3018
0.1945	-0.0614	0.2040	-0.3059
0.1933	-0.0621	0.2030	-0.3111
0.1930	-0.0629	0.2030	-0.3152
0.1918	-0.0634	0.2020	-0.3193
0.1905	-0.0640	0.2010	-0.3242
0.1903	-0.0648	0.2010	-0.3283
0.1900	-0.0656	0.2010	-0.3324
0.1888	-0.0660	0.2000	-0.3365
0.1885	-0.0668	0.2000	-0.3405
0.1872	-0.0674	0.1990	-0.3457
0.1869	-0.0682	0.1990	-0.3498
0.1857	-0.0688	0.1980	-0.3550
0.1854	-0.0696	0.1980	-0.3591
0.1842	-0.0700	0.1970	-0.3632
0.1839	-0.0707	0.1970	-0.3673
0.1826	-0.0713	0.1960	-0.3722
0.1823	-0.0720	0.1960	-0.3763
0.1810	-0.0726	0.1950	-0.3815
0.1807	-0.0733	0.1950	-0.3856
0.1804	-0.0741	0.1950	-0.3896
0.1791	-0.0745	0.1940	-0.3940
0.1788	-0.0752	0.1940	-0.3981
0.1785	-0.0759	0.1940	-0.4022
0.1772	-0.0765	0.1930	-0.4074
0.1769	-0.0772	0.1930	-0.4118
0.1756	-0.0778	0.1920	-0.4170
0.1752	-0.0785	0.1920	-0.4210
0.1740	-0.0788	0.1910	-0.4251
0.1737	-0.0795	0.1910	-0.4295
0.1723	-0.0800	0.1900	-0.4347
0.1720	-0.0807	0.1900	-0.4387
0.1717	-0.0814	0.1900	-0.4428
0.1713	-0.0822	0.1900	-0.4472
0.1710	-0.0829	0.1900	-0.4513
0.1706	-0.0836	0.1900	-0.4554
0.1693	-0.0840	0.1890	-0.4606
0.1680	-0.0843	0.1880	-0.4649
0.1667	-0.0847	0.1870	-0.4701
0.1664	-0.0854	0.1870	-0.4742
0.1660	-0.0861	0.1870	-0.4783
0.1656	-0.0868	0.1870	-0.4826
0.1653	-0.0875	0.1870	-0.4868
0.1639	-0.0879	0.1860	-0.4919
0.1636	-0.0885	0.1860	-0.4961
0.1632	-0.0892	0.1860	-0.5004
0.1620	-0.0894	0.1850	-0.5045
0.1616	-0.0901	0.1850	-0.5085
0.1612	-0.0908	0.1850	-0.5129
0.1608	-0.0914	0.1850	-0.5170
0.1604	-0.0921	0.1850	-0.5211
0.1591	-0.0924	0.1840	-0.5263
0.1578	-0.0927	0.1830	-0.5314
0.1574	-0.0934	0.1830	-0.5358
0.1570	-0.0941	0.1830	-0.5400
0.1566	-0.0947	0.1830	-0.5440
0.1562	-0.0954	0.1830	-0.5484
0.1548	-0.0957	0.1820	-0.5536
0.1544	-0.0963	0.1820	-0.5576
0.1540	-0.0970	0.1820	-0.5620
0.1528	-0.0971	0.1810	-0.5661
0.1524	-0.0977	0.1810	-0.5702
0.1528	-0.0989	0.1820	-0.5746
0.1524	-0.0995	0.1820	-0.5786
0.1511	-0.0996	0.1810	-0.5827
0.1507	-0.1003	0.1810	-0.5871
0.1493	-0.1005	0.1800	-0.5923
0.1489	-0.1011	0.1800	-0.5963
0.1476	-0.1013	0.1790	-0.6015
0.1472	-0.1019	0.1790	-0.6056
0.1467	-0.1025	0.1790	-0.6100
0.1463	-0.1031	0.1790	-0.6141
0.1459	-0.1037	0.1790	-0.6182
0.1454	-0.1044	0.1790	-0.6225
0.1450	-0.1050	0.1790	-0.6266
0.1446	-0.1056	0.1790	-0.6308
0.1441	-0.1062	0.1790	-0.6351
0.1437	-0.1068	0.1790	-0.6392
0.1432	-0.1074	0.1790	-0.6433
0.1419	-0.1075	0.1780	-0.6485
0.1406	-0.1075	0.1770	-0.6528
0.1402	-0.1081	0.1770	-0.6569
0.1397	-0.1087	0.1770	-0.6610
0.1392	-0.1093	0.1770	-0.6654
0.1388	-0.1098	0.1770	-0.6695
0.1383	-0.1104	0.1770	-0.6735
0.1379	-0.1110	0.1770	-0.6779
0.1374	-0.1116	0.1770	-0.6820
0.1369	-0.1122	0.1770	-0.6864
0.1365	-0.1127	0.1770	-0.6905
0.1351	-0.1128	0.1760	-0.6957
0.1346	-0.1133	0.1760	-0.6997
0.1341	-0.1139	0.1760	-0.7041
0.1337	-0.1145	0.1760	-0.7082
0.1332	-0.1150	0.1760	-0.7122
0.1327	-0.1156	0.1760	-0.7167
0.1322	-0.1161	0.1760	-0.7207
0.1318	-0.1167	0.1760	-0.7248
0.1304	-0.1167	0.1750	-0.7300
0.1308	-0.1178	0.1760	-0.7332
0.1294	-0.1178	0.1750	-0.7384
0.1289	-0.1183	0.1750	-0.7425
0.1284	-0.1189	0.1750	-0.7469
0.1271	-0.1189	0.1740	-0.7520
0.1266	-0.1194	0.1740	-0.7562
0.1269	-0.1205	0.1750	-0.7594
0.1264	-0.1210	0.1750	-0.7635
0.1259	-0.1215	0.1750	-0.7677
0.1254	-0.1221	0.1750	-0.7720
0.1249	-0.1226	0.1750	-0.7761
0.1235	-0.1225	0.1740	-0.7813
0.1230	-0.1231	0.1740	-0.7856
0.1225	-0.1236	0.1740	-0.7897
0.1228	-0.1247	0.1750	-0.7930
0.1223	-0.1252	0.1750	-0.7971
0.1218	-0.1257	0.1750	-0.8011
0.1213	-0.1262	0.1750	-0.8052
0.1199	-0.1261	0.1740	-0.8104
0.1194	-0.1266	0.1740	-0.8145
0.1189	-0.1271	0.1740	-0.8187
0.1184	-0.1275	0.1740	-0.8227
0.1170	-0.1274	0.1730	-0.8279
0.1165	-0.1279	0.1730	-0.8320
0.1160	-0.1284	0.1730	-0.8361
0.1155	-0.1288	0.1730	-0.8401
0.1149	-0.1293	0.1730	-0.8443
0.1144	-0.1298	0.1730	-0.8484
0.1139	-0.1302	0.1730	-0.8524
0.1133	-0.1307	0.1730	-0.8565
0.1128	-0.1312	0.1730	-0.8607
0.1123	-0.1316	0.1730	-0.8647
0.1117	-0.1321	0.1730	-0.8688
0.1111	-0.1326	0.1730	-0.8731
0.1106	-0.1330	0.1730	-0.8772
0.1100	-0.1335	0.1730	-0.8814
0.1095	-0.1339	0.1730	-0.8854
0.1090	-0.1344	0.1730	-0.8895
0.1084	-0.1348	0.1730	-0.8936
0.1079	-0.1353	0.1730	-0.8977
0.1073	-0.1357	0.1730	-0.9018
0.1061	-0.1354	0.1720	-0.9059
0.1056	-0.1358	0.1720	-0.9099
0.1050	-0.1362	0.1720	-0.9141
0.1037	-0.1360	0.1710	-0.9192
0.1031	-0.1364	0.1710	-0.9234
0.1026	-0.1368	0.1710	-0.9274
0.1020	-0.1372	0.1710	-0.9315
0.1022	-0.1383	0.1720	-0.9345
0.1016	-0.1388	0.1720	-0.9386
0.1017	-0.1400	0.1730	-0.9427
0.1011	-0.1404	0.1730	-0.9468
0.1005	-0.1408	0.1730	-0.9512
0.0999	-0.1413	0.1730	-0.9553
0.0987	-0.1408	0.1720	-0.9593
0.0982	-0.1412	0.1720	-0.9634
0.0976	-0.1416	0.1720	-0.9676
0.0970	-0.1420	0.1720	-0.9716
0.0970	-0.1433	0.1730	-0.9757
0.0964	-0.1437	0.1730	-0.9798
0.0958	-0.1440	0.1730	-0.9839
0.0952	-0.1444	0.1730	-0.9880
0.0946	-0.1448	0.1730	-0.9921
0.0940	-0.1452	0.1730	-0.9961
0.0934	-0.1456	0.1730	-1.0003
0.0928	-0.1460	0.1730	-1.0044
0.0922	-0.1464	0.1730	-1.0084
0.0916	-0.1467	0.1730	-1.0125
0.0910	-0.1471	0.1730	-1.0166
0.0911	-0.1483	0.1740	-1.0199
0.0905	-0.1486	0.1740	-1.0239
0.0899	-0.1490	0.1740	-1.0281
0.0893	-0.1494	0.1740	-1.0322
0.0887	-0.1497	0.1740	-1.0362
0.0880	-0.1501	0.1740	-1.0403
0.0874	-0.1504	0.1740	-1.0444
0.0868	-0.1508	0.1740	-1.0485
0.0862	-0.1512	0.1740	-1.0526
0.0856	-0.1515	0.1740	-1.0567
0.0850	-0.1519	0.1740	-1.0607
0.0849	-0.1530	0.1750	-1.0641
0.0843	-0.1534	0.1750	-1.0681
0.0837	-0.1537	0.1750	-1.0723
0.0830	-0.1540	0.1750	-1.0764
0.0824	-0.1544	0.1750	-1.0804
0.0818	-0.1547	0.1750	-1.0845
0.0811	-0.1551	0.1750	-1.0886
0.0805	-0.1554	0.1750	-1.0927
0.0799	-0.1557	0.1750	-1.0968
0.0792	-0.1560	0.1750	-1.1009
0.0786	-0.1564	0.1750	-1.1049
0.0780	-0.1567	0.1750	-1.1091
0.0779	-0.1578	0.1760	-1.1123
0.0772	-0.1581	0.1760	-1.1165
0.0766	-0.1585	0.1760	-1.1205
0.0760	-0.1588	0.1760	-1.1246
0.0753	-0.1591	0.1760	-1.1287
0.0747	-0.1594	0.1760	-1.1327
0.0746	-0.1605	0.1770	-1.1358
0.0739	-0.1608	0.1770	-1.1398
0.0732	-0.1611	0.1770	-1.1443
0.0730	-0.1623	0.1780	-1.1483
0.0723	-0.1626	0.1780	-1.1524
0.0716	-0.1629	0.1780	-1.1565
0.0710	-0.1632	0.1780	-1.1606
0.0703	-0.1635	0.1780	-1.1647
0.0696	-0.1638	0.1780	-1.1688
0.0690	-0.1641	0.1780	-1.1728
0.0683	-0.1644	0.1780	-1.1769
0.0676	-0.1647	0.1780	-1.1811
0.0670	-0.1649	0.1780	-1.1851
0.0668	-0.1661	0.1790	-1.1882
0.0661	-0.1663	0.1790	-1.1925
0.0654	-0.1666	0.1790	-1.1966
0.0647	-0.1669	0.1790	-1.2007
0.0646	-0.1680	0.1800	-1.2037
0.0639	-0.1683	0.1800	-1.2078
0.0632	-0.1685	0.1800	-1.2118
0.0625	-0.1688	0.1800	-1.2163
0.0618	-0.1691	0.1800	-1.2203
0.0611	-0.1693	0.1800	-1.2244
0.0609	-0.1704	0.1810	-1.2274
0.0602	-0.1707	0.1810	-1.2315
0.0595	-0.1709	0.1810	-1.2356
0.0588	-0.1712	0.1810	-1.2396
0.0584	-0.1724	0.1820	-1.2441
0.0577	-0.1726	0.1820	-1.2482
0.0570	-0.1728	0.1820	-1.2522
0.0563	-0.1731	0.1820	-1.2563
0.0561	-0.1742	0.1830	-1.2593
0.0554	-0.1744	0.1830	-1.2634
0.0546	-0.1747	0.1830	-1.2677
0.0539	-0.1749	0.1830	-1.2719
0.0532	-0.1751	0.1830	-1.2760
0.0525	-0.1753	0.1830	-1.2800
0.0517	-0.1755	0.1830	-1.2841
0.0515	-0.1766	0.1840	-1.2871
0.0508	-0.1769	0.1840	-1.2912
0.0505	-0.1780	0.1850	-1.2945
0.0497	-0.1782	0.1850	-1.2986
0.0490	-0.1784	0.1850	-1.3026
0.0483	-0.1786	0.1850	-1.3068
0.0475	-0.1788	0.1850	-1.3109
0.0471	-0.1799	0.1860	-1.3149
0.0463	-0.1801	0.1860	-1.3193
0.0455	-0.1803	0.1860	-1.3234
0.0452	-0.1814	0.1870	-1.3264
0.0445	-0.1816	0.1870	-1.3305
0.0438	-0.1818	0.1870	-1.3346
0.0430	-0.1820	0.1870	-1.3387
0.0423	-0.1822	0.1870	-1.3428
0.0419	-0.1833	0.1880	-1.3461
0.0412	-0.1834	0.1880	-1.3501
0.0406	-0.1846	0.1890	-1.3542
0.0399	-0.1848	0.1890	-1.3583
0.0391	-0.1849	0.1890	-1.3624
0.0387	-0.1860	0.1900	-1.3656
0.0379	-0.1862	0.1900	-1.3697
0.0372	-0.1863	0.1900	-1.3739
0.0364	-0.1865	0.1900	-1.3779
0.0357	-0.1866	0.1900	-1.3820
0.0352	-0.1877	0.1910	-1.3853
0.0345	-0.1879	0.1910	-1.3894
0.0337	-0.1880	0.1910	-1.3935
0.0331	-0.1891	0.1920	-1.3976
0.0323	-0.1893	0.1920	-1.4017
0.0315	-0.1894	0.1920	-1.4058
0.0311	-0.1905	0.1930	-1.4091
0.0303	-0.1906	0.1930	-1.4131
0.0299	-0.1917	0.1940	-1.4162
0.0291	-0.1918	0.1940	-1.4202
0.0285	-0.1929	0.1950	-1.4243
0.0277	-0.1930	0.1950	-1.4284
0.0268	-0.1931	0.1950	-1.4327
0.0264	-0.1942	0.1960	-1.4358
0.0256	-0.1943	0.1960	-1.4398
0.0248	-0.1944	0.1960	-1.4440
0.0243	-0.1955	0.1970	-1.4472
0.0235	-0.1956	0.1970	-1.4513
0.0227	-0.1957	0.1970	-1.4554
0.0220	-0.1968	0.1980	-1.4595
0.0212	-0.1969	0.1980	-1.4636
0.0206	-0.1979	0.1990	-1.4669
0.0198	-0.1980	0.1990	-1.4709
0.0193	-0.1991	0.2000	-1.4740
0.0185	-0.1991	0.2000	-1.4780
0.0177	-0.1992	0.2000	-1.4821
0.0170	-0.2003	0.2010	-1.4862
0.0161	-0.2004	0.2010	-1.4905
0.0156	-0.2014	0.2020	-1.4936
0.0148	-0.2015	0.2020	-1.4976
0.0140	-0.2025	0.2030	-1.5018
0.0132	-0.2026	0.2030	-1.5059
0.0124	-0.2026	0.2030	-1.5099
0.0117	-0.2037	0.2040	-1.5132
0.0109	-0.2037	0.2040	-1.5173
0.0104	-0.2047	0.2050	-1.5203
0.0095	-0.2048	0.2050	-1.5247
0.0087	-0.2058	0.2060	-1.5287
0.0078	-0.2059	0.2060	-1.5328
0.0072	-0.2069	0.2070	-1.5358
0.0064	-0.2069	0.2070	-1.5399
0.0056	-0.2079	0.2080	-1.5440
0.0047	-0.2079	0.2080	-1.5484
0.0040	-0.2090	0.2090	-1.5514
0.0032	-0.2100	0.2100	-1.5555
0.0024	-0.2100	0.2100	-1.5596
0.0017	-0.2110	0.2110	-1.5628
0.0008	-0.2110	0.2110	-1.5670
-0.0000	-0.2110	0.2110	-1.5710
-0.0009	-0.2110	0.2110	-1.5751
-0.0016	-0.2120	0.2120	-1.5784
-0.0025	-0.2130	0.2130	-1.5825
-0.0032	-0.2140	0.2140	-1.5858
-0.0041	-0.2140	0.2140	-1.5899
-0.0050	-0.2149	0.2150	-1.5939
-0.0059	-0.2149	0.2150	-1.5983
-0.0068	-0.2149	0.2150	-1.6023
-0.0075	-0.2159	0.2160	-1.6057
-0.0084	-0.2168	0.2170	-1.6097
-0.0093	-0.2168	0.2170	-1.6138
-0.0101	-0.2178	0.2180	-1.6171
-0.0110	-0.2187	0.2190	-1.6212
-0.0119	-0.2187	0.2190	-1.6253
-0.0127	-0.2196	0.2200	-1.6286
-0.0136	-0.2196	0.2200	-1.6326
-0.0146	-0.2205	0.2210	-1.6370
-0.0154	-0.2215	0.2220	-1.6400
-0.0164	-0.2224	0.2230	-1.6444
-0.0173	-0.2223	0.2230	-1.6485
-0.0182	-0.2223	0.2230	-1.6526
-0.0190	-0.2232	0.2240	-1.6558
-0.0200	-0.2241	0.2250	-1.6600
-0.0209	-0.2250	0.2260	-1.6632
-0.0219	-0.2259	0.2270	-1.6672
-0.0227	-0.2269	0.2280	-1.6706
-0.0236	-0.2268	0.2280	-1.6746
-0.0247	-0.2277	0.2290	-1.6788
-0.0255	-0.2286	0.2300	-1.6820
-0.0265	-0.2285	0.2300	-1.6861
-0.0275	-0.2294	0.2310	-1.6902
-0.0285	-0.2292	0.2310	-1.6946
-0.0293	-0.2301	0.2320	-1.6975
-0.0305	-0.2310	0.2330	-1.7020
-0.0315	-0.2319	0.2340	-1.7060
-0.0325	-0.2317	0.2340	-1.7101
-0.0334	-0.2326	0.2350	-1.7134
-0.0345	-0.2335	0.2360	-1.7175
-0.0354	-0.2343	0.2370	-1.7207
-0.0365	-0.2352	0.2380	-1.7249
-0.0374	-0.2360	0.2390	-1.7281
-0.0384	-0.2359	0.2390	-1.7322
-0.0395	-0.2367	0.2400	-1.7363
-0.0406	-0.2365	0.2400	-1.7407
-0.0417	-0.2374	0.2410	-1.7447
-0.0426	-0.2382	0.2420	-1.7478
-0.0438	-0.2390	0.2430	-1.7521
-0.0447	-0.2399	0.2440	-1.7551
-0.0460	-0.2407	0.2450	-1.7595
-0.0469	-0.2415	0.2460	-1.7624
-0.0481	-0.2423	0.2470	-1.7669
-0.0493	-0.2431	0.2480	-1.7709
-0.0503	-0.2428	0.2480	-1.7750
-0.0513	-0.2437	0.2490	-1.7783
-0.0525	-0.2444	0.2500	-1.7824
-0.0535	-0.2452	0.2510	-1.7856
-0.0547	-0.2460	0.2520	-1.7898
-0.0560	-0.2467	0.2530	-1.7938
-0.0570	-0.2475	0.2540	-1.7971
-0.0582	-0.2483	0.2550	-1.8012
-0.0596	-0.2490	0.2560	-1.8056
-0.0606	-0.2487	0.2560	-1.8096
-0.0616	-0.2495	0.2570	-1.8127
-0.0629	-0.2502	0.2580	-1.8170
-0.0639	-0.2510	0.2590	-1.8200
-0.0652	-0.2517	0.2600	-1.8244
-0.0665	-0.2524	0.2610	-1.8285
-0.0676	-0.2531	0.2620	-1.8318
-0.0689	-0.2538	0.2630	-1.8358
-0.0702	-0.2545	0.2640	-1.8399
-0.0713	-0.2552	0.2650	-1.8432
-0.0726	-0.2559	0.2660	-1.8473
-0.0740	-0.2576	0.2680	-1.8506
-0.0753	-0.2582	0.2690	-1.8547
-0.0767	-0.2589	0.2700	-1.8587
-0.0781	-0.2606	0.2720	-1.8620
-0.0794	-0.2612	0.2730	-1.8661
-0.0806	-0.2608	0.2730	-1.8705
-0.0817	-0.2615	0.2740	-1.8735
-0.0831	-0.2621	0.2750	-1.8778
-0.0845	-0.2628	0.2760	-1.8819
-0.0856	-0.2624	0.2760	-1.8860
-0.0867	-0.2631	0.2770	-1.8893
-0.0884	-0.2646	0.2790	-1.8933
-0.0900	-0.2662	0.2810	-1.8967
-0.0914	-0.2678	0.2830	-1.8996
-0.0932	-0.2693	0.2850	-1.9040
-0.0944	-0.2700	0.2860	-1.9070
-0.0959	-0.2705	0.2870	-1.9113
-0.0970	-0.2701	0.2870	-1.9155
-0.0984	-0.2707	0.2880	-1.9196
-0.0999	-0.2712	0.2890	-1.9236
-0.1011	-0.2718	0.2900	-1.9269
-0.1029	-0.2733	0.2920	-1.9310
-0.1045	-0.2748	0.2940	-1.9343
-0.1064	-0.2762	0.2960	-1.9384
-0.1079	-0.2778	0.2980	-1.9413
-0.1094	-0.2783	0.2990	-1.9455
-0.1110	-0.2798	0.3010	-1.9484
-0.1125	-0.2803	0.3020	-1.9526
-0.1140	-0.2807	0.3030	-1.9566
-0.1153	-0.2813	0.3040	-1.9597
-0.1168	-0.2818	0.3050	-1.9637
-0.1187	-0.2831	0.3070	-1.9678
-0.1199	-0.2837	0.3080	-1.9708
-0.1219	-0.2850	0.3100	-1.9749
-0.1235	-0.2865	0.3120	-1.9779
-0.1255	-0.2878	0.3140	-1.9820
-0.1271	-0.2882	0.3150	-1.9861
-0.1288	-0.2897	0.3170	-1.9891
-0.1308	-0.2910	0.3190	-1.9932
-0.1325	-0.2924	0.3210	-1.9962
-0.1341	-0.2928	0.3220	-2.0003
-0.1358	-0.2942	0.3240	-2.0033
-0.1378	-0.2954	0.3260	-2.0073
-0.1395	-0.2958	0.3270	-2.0114
-0.1412	-0.2972	0.3290	-2.0144
-0.1433	-0.2984	0.3310	-2.0185
-0.1451	-0.2997	0.3330	-2.0215
-0.1476	-0.3018	0.3360	-2.0256
-0.1494	-0.3032	0.3380	-2.0286
-0.1515	-0.3044	0.3400	-2.0327
-0.1532	-0.3046	0.3410	-2.0368
-0.1546	-0.3051	0.3420	-2.0398
-0.1572	-0.3071	0.3450	-2.0439
-0.1595	-0.3093	0.3480	-2.0469
-0.1617	-0.3104	0.3500	-2.0510
-0.1640	-0.3126	0.3530	-2.0540
-0.1662	-0.3137	0.3550	-2.0581
-0.1681	-0.3149	0.3570	-2.0611
-0.1703	-0.3160	0.3590	-2.0651
-0.1727	-0.3181	0.3620	-2.0682
-0.1750	-0.3192	0.3640	-2.0722
-0.1772	-0.3202	0.3660	-2.0763
-0.1797	-0.3223	0.3690	-2.0793
-0.1820	-0.3233	0.3710	-2.0834
-0.1839	-0.3245	0.3730	-2.0864
-0.1867	-0.3264	0.3760	-2.0905
-0.1892	-0.3284	0.3790	-2.0935
-0.1921	-0.3302	0.3820	-2.0976
-0.1944	-0.3311	0.3840	-2.1017
-0.1969	-0.3331	0.3870	-2.1047
-0.1999	-0.3349	0.3900	-2.1088
-0.2024	-0.3369	0.3930	-2.1118
-0.2053	-0.3386	0.3960	-2.1159
-0.2080	-0.3405	0.3990	-2.1192
-0.2109	-0.3422	0.4020	-2.1230
-0.2136	-0.3441	0.4050	-2.1263
-0.2165	-0.3458	0.4080	-2.1300
-0.2198	-0.3485	0.4120	-2.1334
-0.2228	-0.3501	0.4150	-2.1374
-0.2255	-0.3520	0.4180	-2.1405
-0.2285	-0.3536	0.4210	-2.1445
-0.2318	-0.3562	0.4250	-2.1476
-0.2348	-0.3578	0.4280	-2.1516
-0.2381	-0.3605	0.4320	-2.1546
-0.2418	-0.3628	0.4360	-2.1587
-0.2450	-0.3643	0.4390	-2.1628
-0.2483	-0.3669	0.4430	-2.1658
-0.2521	-0.3691	0.4470	-2.1699
-0.2554	-0.3717	0.4510	-2.1729
-0.2592	-0.3739	0.4550	-2.1770
-0.2626	-0.3764	0.4590	-2.1800
-0.2665	-0.3786	0.4630	-2.1841
-0.2705	-0.3819	0.4680	-2.1871
-0.2744	-0.3840	0.4720	-2.1912
-0.2779	-0.3865	0.4760	-2.1942
-0.2824	-0.3894	0.4810	-2.1983
-0.2859	-0.3918	0.4850	-2.2013
-0.2899	-0.3938	0.4890	-2.2054
-0.2940	-0.3970	0.4940	-2.2084
-0.2980	-0.3990	0.4980	-2.2124
-0.3023	-0.4021	0.5030	-2.2155
-0.3069	-0.4048	0.5080	-2.2195
-0.3110	-0.4067	0.5120	-2.2236
-0.3159	-0.4106	0.5180	-2.2266
-0.3200	-0.4124	0.5220	-2.2307
-0.3249	-0.4162	0.5280	-2.2337
-0.3303	-0.4196	0.5340	-2.2378
-0.3353	-0.4233	0.5400	-2.2408
-0.3408	-0.4266	0.5460	-2.2449
-0.3460	-0.4301	0.5520	-2.2481
-0.3501	-0.4319	0.5560	-2.2520
-0.3566	-0.4370	0.5640	-2.2552
-0.3621	-0.4402	0.5700	-2.2591
-0.3673	-0.4437	0.5760	-2.2623
-0.3730	-0.4468	0.5820	-2.2665
-0.3795	-0.4518	0.5900	-2.2694
-0.3852	-0.4548	0.5960	-2.2736
-0.3917	-0.4597	0.6040	-2.2765
-0.3975	-0.4627	0.6100	-2.2806
-0.4055	-0.4690	0.6200	-2.2836
-0.4113	-0.4719	0.6260	-2.2877
-0.4181	-0.4766	0.6340	-2.2910
-0.4240	-0.4794	0.6400	-2.2950
-0.4308	-0.4840	0.6480	-2.2981
-0.4383	-0.4881	0.6560	-2.3024
-0.4464	-0.4942	0.6660	-2.3054
-0.4538	-0.4983	0.6740	-2.3095
-0.4622	-0.5042	0.6840	-2.3128
-0.4697	-0.5082	0.6920	-2.3169
-0.4786	-0.5135	0.7020	-2.3210
-0.4870	-0.5194	0.7120	-2.3240
-0.4961	-0.5246	0.7220	-2.3283
-0.5046	-0.5303	0.7320	-2.3314
-0.5136	-0.5355	0.7420	-2.3354
-0.5223	-0.5410	0.7520	-2.3386
-0.5329	-0.5474	0.7640	-2.3428
-0.5430	-0.5544	0.7760	-2.3457
-0.5523	-0.5593	0.7860	-2.3499
-0.5639	-0.5674	0.8000	-2.3531
-0.5748	-0.5736	0.8120	-2.3572
-0.5864	-0.5817	0.8260	-2.3602
-0.5990	-0.5889	0.8400	-2.3646
-0.6093	-0.5955	0.8520	-2.3676
-0.6218	-0.6028	0.8660	-2.3717
-0.6338	-0.6105	0.8800	-2.3750
-0.6479	-0.6189	0.8960	-2.3790
-0.6614	-0.6280	0.9120	-2.3821
-0.6741	-0.6349	0.9260	-2.3861
-0.6898	-0.6444	0.9440	-2.3902
-0.7051	-0.6544	0.9620	-2.3935
-0.7196	-0.6623	0.9780	-2.3976
-0.7365	-0.6735	0.9980	-2.4009
-0.5846	-0.0409	0.5860	-3.0717
-0.5847	-0.0385	0.5860	-3.0758
-0.5849	-0.0363	0.5860	-3.0797
-0.5831	-0.0333	0.5840	-3.0845
-0.5812	-0.0310	0.5820	-3.0884
-0.5793	-0.0285	0.5800	-3.0925
-0.5794	-0.0263	0.5800	-3.0962
-0.5775	-0.0238	0.5780	-3.1004
-0.5776	-0.0216	0.5780	-3.1042
-0.5757	-0.0192	0.5760	-3.1082
-0.5737	-0.0169	0.5740	-3.1121
-0.5738	-0.0147	0.5740	-3.1159
-0.5719	-0.0123	0.5720	-3.1200
-0.5699	-0.0095	0.5700	-3.1249
-0.5700	-0.0072	0.5700	-3.1290
-0.5680	-0.0048	0.5680	-3.1331
-0.5680	-0.0025	0.5680	-3.1372
-0.5660	-0.0002	0.5660	-3.1413
-0.8613	-0.0348	0.8620	-3.1012
-0.8654	-0.0312	0.8660	-3.1055
-0.8696	-0.0278	0.8700	-3.1097
-0.8757	-0.0244	0.8760	-3.1137
-0.8797	-0.0216	0.8800	-3.1170
-0.8838	-0.0179	0.8840	-3.1214
-0.8899	-0.0143	0.8900	-3.1255
-0.8939	-0.0108	0.8940	-3.1295
-0.9000	-0.0069	0.9000	-3.1339
-0.9060	-0.0032	0.9060	-3.1380
