x	y	r	phi
-0.5960	0.0001	0.5960	3.1414
-0.6040	0.0020	0.6040	3.1383
-0.6100	0.0044	0.6100	3.1343
-0.6180	0.0064	0.6180	3.1312
-0.6259	0.0090	0.6260	3.1272
-0.6339	0.0111	0.6340	3.1241
-0.6419	0.0138	0.6420	3.1201
-0.6498	0.0160	0.6500	3.1170
-0.6597	0.0189	0.6600	3.1130
-0.6677	0.0211	0.6680	3.1101
-0.6776	0.0242	0.6780	3.1059
-0.6875	0.0266	0.6880	3.1030
-0.6974	0.0298	0.6980	3.0988
-0.7053	0.0323	0.7060	3.0959
-0.7151	0.0357	0.7160	3.0917
-0.7270	0.0384	0.7280	3.0888
-0.7368	0.0420	0.7380	3.0846
-0.7487	0.0449	0.7500	3.0817
-0.7604	0.0488	0.7620	3.0775
-0.7703	0.0517	0.7720	3.0746
-0.7820	0.0557	0.7840	3.0705
-0.7958	0.0591	0.7980	3.0675
-0.8075	0.0633	0.8100	3.0634
-0.8213	0.0668	0.8240	3.0604
-0.8350	0.0714	0.8380	3.0563
-0.8487	0.0751	0.8520	3.0533
-0.8623	0.0799	0.8660	3.0492
-0.8780	0.0840	0.8820	3.0462
-0.8936	0.0892	0.8980	3.0421
-0.9092	0.0935	0.9140	3.0391
-0.9247	0.0990	0.9300	3.0350
-0.9403	0.1035	0.9460	3.0320
-0.9578	0.1094	0.9640	3.0279
-0.9752	0.1153	0.9820	3.0239
-0.1978	0.6255	0.6560	1.8771
-0.1948	0.6243	0.6540	1.8733
-0.1922	0.6251	0.6540	1.8692
-0.1887	0.6220	0.6500	1.8653
-0.1858	0.6208	0.6480	1.8616
-0.1832	0.6216	0.6480	1.8575
-0.1796	0.6205	0.6460	1.8526
-0.1767	0.6193	0.6440	1.8487
-0.1736	0.6181	0.6420	1.8446
-0.1707	0.6168	0.6400	1.8408
-0.1679	0.6155	0.6380	1.8370
-0.1653	0.6162	0.6380	1.8329
-0.1624	0.6149	0.6360	1.8291
-0.1595	0.6136	0.6340	1.8251
-0.1566	0.6123	0.6320	1.8212
-0.1531	0.6111	0.6300	1.8162
-0.1503	0.6097	0.6280	1.8125
-0.1478	0.6104	0.6280	1.8084
-0.1450	0.6090	0.6260	1.8045
-0.1421	0.6076	0.6240	1.8005
-0.1398	0.6081	0.6240	1.7967
-0.1368	0.6068	0.6220	1.7926
-0.1340	0.6053	0.6200	1.7887
-0.1313	0.6039	0.6180	1.7849
-0.1289	0.6044	0.6180	1.7809
-0.1261	0.6029	0.6160	1.7770
-0.1228	0.6016	0.6140	1.7721
-0.1199	0.6001	0.6120	1.7680
-0.1176	0.6006	0.6120	1.7642
-0.1149	0.5991	0.6100	1.7603
-0.1121	0.5976	0.6080	1.7563
-0.1099	0.5980	0.6080	1.7525
-0.1070	0.5965	0.6060	1.7484
-0.1044	0.5949	0.6040	1.7445
-0.1022	0.5953	0.6040	1.7408
-0.0994	0.5937	0.6020	1.7367
-0.0969	0.5941	0.6020	1.7325
-0.0942	0.5926	0.6000	1.7285
-0.0910	0.5910	0.5980	1.7235
-0.0886	0.5914	0.5980	1.7195
-0.0859	0.5898	0.5960	1.7154
-0.0834	0.5901	0.5960	1.7113
-0.0808	0.5885	0.5940	1.7072
-0.0781	0.5868	0.5920	1.7031
-0.0757	0.5871	0.5920	1.6990
-0.0731	0.5855	0.5900	1.6950
-0.0707	0.5858	0.5900	1.6908
-0.0682	0.5860	0.5900	1.6867
-0.0657	0.5843	0.5880	1.6827
-0.0630	0.5826	0.5860	1.6786
-0.0606	0.5829	0.5860	1.6744
-0.0574	0.5812	0.5840	1.6693
-0.0551	0.5814	0.5840	1.6652
-0.0525	0.5796	0.5820	1.6611
-0.0501	0.5798	0.5820	1.6570
-0.0476	0.5780	0.5800	1.6530
-0.0452	0.5782	0.5800	1.6488
-0.0427	0.5764	0.5780	1.6447
-0.0404	0.5766	0.5780	1.6407
-0.0379	0.5748	0.5760	1.6366
-0.0355	0.5749	0.5760	1.6324
-0.0331	0.5730	0.5740	1.6284
-0.0307	0.5732	0.5740	1.6243
-0.0283	0.5733	0.5740	1.6202
-0.0259	0.5714	0.5720	1.6161
-0.0236	0.5715	0.5720	1.6120
-0.0205	0.5696	0.5700	1.6068
-0.0182	0.5697	0.5700	1.6027
-0.0159	0.5698	0.5700	1.5987
-0.0135	0.5678	0.5680	1.5946
-0.0112	0.5679	0.5680	1.5905
-0.0088	0.5659	0.5660	1.5864
-0.0065	0.5660	0.5660	1.5823
-0.0042	0.5660	0.5660	1.5782
-0.0019	0.5640	0.5640	1.5742
0.0004	0.5640	0.5640	1.5700
0.0028	0.5640	0.5640	1.5659
0.0050	0.5620	0.5620	1.5619
0.0073	0.5620	0.5620	1.5578
0.0096	0.5599	0.5600	1.5536
0.0119	0.5599	0.5600	1.5496
0.0142	0.5598	0.5600	1.5455
0.0170	0.5577	0.5580	1.5403
0.0193	0.5577	0.5580	1.5362
0.0216	0.5576	0.5580	1.5322
0.0238	0.5555	0.5560	1.5280
0.0261	0.5554	0.5560	1.5239
0.0283	0.5553	0.5560	1.5199
0.0306	0.5552	0.5560	1.5158
0.0328	0.5530	0.5540	1.5116
0.0350	0.5529	0.5540	1.5076
0.0373	0.5527	0.5540	1.5035
0.0395	0.5526	0.5540	1.4994
0.0416	0.5504	0.5520	1.4953
0.0439	0.5503	0.5520	1.4912
0.0461	0.5501	0.5520	1.4871
0.0482	0.5479	0.5500	1.4831
0.0504	0.5477	0.5500	1.4789
0.0527	0.5475	0.5500	1.4748
0.0549	0.5473	0.5500	1.4708
0.0570	0.5450	0.5480	1.4667
0.0592	0.5448	0.5480	1.4626
0.0614	0.5446	0.5480	1.4585
0.0636	0.5443	0.5480	1.4544
0.0661	0.5420	0.5460	1.4495
0.0683	0.5417	0.5460	1.4454
0.0705	0.5414	0.5460	1.4413
0.0727	0.5411	0.5460	1.4372
0.0749	0.5408	0.5460	1.4331
0.0769	0.5385	0.5440	1.4290
0.0790	0.5382	0.5440	1.4250
0.0813	0.5379	0.5440	1.4208
0.0835	0.5376	0.5440	1.4167
0.0856	0.5372	0.5440	1.4127
0.0879	0.5369	0.5440	1.4086
0.0901	0.5365	0.5440	1.4045
0.0919	0.5342	0.5420	1.4004
0.0941	0.5338	0.5420	1.3963
0.0963	0.5334	0.5420	1.3922
0.0981	0.5310	0.5400	1.3882
0.1008	0.5325	0.5420	1.3837
0.1029	0.5321	0.5420	1.3797
0.1047	0.5297	0.5400	1.3756
0.1069	0.5293	0.5400	1.3715
0.1086	0.5269	0.5380	1.3674
0.1112	0.5284	0.5400	1.3633
0.1134	0.5280	0.5400	1.3592
0.1155	0.5275	0.5400	1.3552
0.1173	0.5251	0.5380	1.3511
0.1194	0.5246	0.5380	1.3469
0.1215	0.5241	0.5380	1.3429
0.1237	0.5236	0.5380	1.3388
0.1257	0.5231	0.5380	1.3349
0.1277	0.5226	0.5380	1.3311
0.1298	0.5221	0.5380	1.3271
0.1318	0.5216	0.5380	1.3233
0.1340	0.5211	0.5380	1.3191
0.1355	0.5186	0.5360	1.3153
0.1380	0.5200	0.5380	1.3115
0.1401	0.5194	0.5380	1.3074
0.1415	0.5170	0.5360	1.3036
0.1435	0.5164	0.5360	1.2998
0.1456	0.5158	0.5360	1.2956
0.1476	0.5153	0.5360	1.2919
0.1502	0.5166	0.5380	1.2878
0.1517	0.5141	0.5360	1.2839
0.1536	0.5135	0.5360	1.2801
0.1557	0.5129	0.5360	1.2761
0.1577	0.5123	0.5360	1.2722
0.1602	0.5136	0.5380	1.2684
0.1617	0.5110	0.5360	1.2643
0.1636	0.5104	0.5360	1.2605
0.1657	0.5097	0.5360	1.2564
0.1677	0.5091	0.5360	1.2526
0.1696	0.5084	0.5360	1.2488
0.1723	0.5097	0.5380	1.2447
0.1736	0.5071	0.5360	1.2409
0.1756	0.5064	0.5360	1.2371
0.1783	0.5076	0.5380	1.2329
0.1796	0.5050	0.5360	1.2291
0.1816	0.5043	0.5360	1.2251
0.1836	0.5036	0.5360	1.2212
0.1855	0.5029	0.5360	1.2174
0.1883	0.5040	0.5380	1.2133
0.1902	0.5033	0.5380	1.2095
0.1921	0.5025	0.5380	1.2057
0.1942	0.5017	0.5380	1.2016
0.1953	0.4991	0.5360	1.1978
0.1974	0.4983	0.5360	1.1937
0.2000	0.4994	0.5380	1.1899
0.2019	0.4987	0.5380	1.1861
0.2040	0.4978	0.5380	1.1819
0.2059	0.4970	0.5380	1.1781
0.2077	0.4963	0.5380	1.1744
0.2098	0.4954	0.5380	1.1702
0.2117	0.4946	0.5380	1.1664
0.2145	0.4956	0.5400	1.1624
0.2164	0.4948	0.5400	1.1585
0.2183	0.4939	0.5400	1.1547
0.2203	0.4930	0.5400	1.1506
0.2222	0.4922	0.5400	1.1467
0.2240	0.4913	0.5400	1.1430
0.2260	0.4904	0.5400	1.1389
0.2279	0.4895	0.5400	1.1350
0.2299	0.4886	0.5400	1.1309
0.2326	0.4895	0.5420	1.1272
0.2345	0.4886	0.5420	1.1234
0.2365	0.4877	0.5420	1.1192
0.2384	0.4868	0.5420	1.1154
0.2402	0.4858	0.5420	1.1116
0.2422	0.4849	0.5420	1.1075
0.2441	0.4839	0.5420	1.1037
0.2470	0.4847	0.5440	1.0996
0.2488	0.4838	0.5440	1.0957
0.2506	0.4828	0.5440	1.0920
0.2526	0.4818	0.5440	1.0879
0.2545	0.4808	0.5440	1.0840
0.2563	0.4798	0.5440	1.0802
0.2592	0.4806	0.5460	1.0762
0.2610	0.4796	0.5460	1.0723
0.2630	0.4785	0.5460	1.0682
0.2648	0.4775	0.5460	1.0644
0.2666	0.4765	0.5460	1.0607
0.2691	0.4774	0.5480	1.0576
0.2709	0.4764	0.5480	1.0537
0.2728	0.4753	0.5480	1.0497
0.2746	0.4742	0.5480	1.0459
0.2766	0.4731	0.5480	1.0418
0.2794	0.4737	0.5500	1.0379
0.2812	0.4727	0.5500	1.0342
0.2831	0.4715	0.5500	1.0301
0.2849	0.4704	0.5500	1.0262
0.2878	0.4711	0.5520	1.0224
0.2897	0.4699	0.5520	1.0184
0.2915	0.4688	0.5520	1.0145
0.2934	0.4676	0.5520	1.0104
0.2963	0.4681	0.5540	1.0066
0.2980	0.4670	0.5540	1.0028
0.2999	0.4658	0.5540	0.9987
0.3017	0.4646	0.5540	0.9949
0.3046	0.4651	0.5560	0.9910
0.3065	0.4639	0.5560	0.9870
0.3082	0.4627	0.5560	0.9832
0.3101	0.4615	0.5560	0.9791
0.3130	0.4619	0.5580	0.9752
0.3148	0.4607	0.5580	0.9714
0.3166	0.4595	0.5580	0.9674
0.3192	0.4601	0.5600	0.9643
0.3221	0.4606	0.5620	0.9606
0.3238	0.4593	0.5620	0.9567
0.3256	0.4581	0.5620	0.9529
0.3273	0.4568	0.5620	0.9491
0.3304	0.4571	0.5640	0.9449
0.3321	0.4559	0.5640	0.9412
0.3338	0.4546	0.5640	0.9374
0.3368	0.4549	0.5660	0.9335
0.3386	0.4535	0.5660	0.9294
0.3403	0.4522	0.5660	0.9257
0.3433	0.4525	0.5680	0.9218
0.3450	0.4512	0.5680	0.9180
0.3467	0.4499	0.5680	0.9142
0.3498	0.4500	0.5700	0.9100
0.3515	0.4487	0.5700	0.9063
0.3541	0.4492	0.5720	0.9032
0.3558	0.4478	0.5720	0.8994
0.3575	0.4465	0.5720	0.8957
0.3605	0.4467	0.5740	0.8918
0.3623	0.4452	0.5740	0.8877
0.3653	0.4454	0.5760	0.8839
0.3669	0.4440	0.5760	0.8801
0.3686	0.4426	0.5760	0.8763
0.3716	0.4427	0.5780	0.8725
0.3747	0.4427	0.5800	0.8683
0.3764	0.4412	0.5800	0.8645
0.3781	0.4398	0.5800	0.8608
0.3811	0.4399	0.5820	0.8569
0.3842	0.4398	0.5840	0.8528
0.3859	0.4383	0.5840	0.8490
0.3884	0.4388	0.5860	0.8463
0.3902	0.4372	0.5860	0.8422
0.3919	0.4357	0.5860	0.8383
0.3949	0.4357	0.5880	0.8345
0.3979	0.4357	0.5900	0.8307
0.3996	0.4340	0.5900	0.8266
0.4013	0.4325	0.5900	0.8228
0.4043	0.4324	0.5920	0.8190
0.4073	0.4324	0.5940	0.8152
0.4103	0.4322	0.5960	0.8114
0.4121	0.4305	0.5960	0.8073
0.4138	0.4290	0.5960	0.8034
0.4168	0.4288	0.5980	0.7996
0.4195	0.4290	0.6000	0.7966
0.4211	0.4274	0.6000	0.7928
0.4242	0.4272	0.6020	0.7889
0.4259	0.4255	0.6020	0.7849
0.4289	0.4252	0.6040	0.7811
0.4320	0.4250	0.6060	0.7772
0.4336	0.4233	0.6060	0.7734
0.4366	0.4231	0.6080	0.7697
0.4398	0.4227	0.6100	0.7656
0.4414	0.4210	0.6100	0.7617
0.4445	0.4207	0.6120	0.7579
0.4476	0.4203	0.6140	0.7540
0.4492	0.4185	0.6140	0.7500
0.4519	0.4186	0.6160	0.7472
0.4550	0.4183	0.6180	0.7434
0.4581	0.4178	0.6200	0.7394
0.4597	0.4160	0.6200	0.7355
0.4628	0.4156	0.6220	0.7317
0.4659	0.4151	0.6240	0.7279
0.4675	0.4133	0.6240	0.7238
0.4724	0.3953	0.6160	0.6968
0.4713	0.3905	0.6120	0.6919
0.4697	0.3861	0.6080	0.6881
0.4680	0.3818	0.6040	0.6843
0.4665	0.3774	0.6000	0.6802
0.4651	0.3727	0.5960	0.6755
0.4635	0.3683	0.5920	0.6715
0.4617	0.3641	0.5880	0.6677
0.4604	0.3593	0.5840	0.6627
0.4586	0.3551	0.5800	0.6589
0.4568	0.3509	0.5760	0.6551
0.4565	0.3480	0.5740	0.6513
0.4550	0.3433	0.5700	0.6464
0.4531	0.3392	0.5660	0.6425
0.4513	0.3349	0.5620	0.6384
0.4509	0.3320	0.5600	0.6347
0.4494	0.3274	0.5560	0.6297
0.4474	0.3234	0.5520	0.6259
0.4470	0.3205	0.5500	0.6221
0.4453	0.3160	0.5460	0.6171
0.4432	0.3120	0.5420	0.6134
0.4427	0.3092	0.5400	0.6096
0.4407	0.3051	0.5360	0.6054
0.4406	0.3018	0.5340	0.6006
0.4384	0.2978	0.5300	0.5967
0.4379	0.2950	0.5280	0.5929
0.4357	0.2911	0.5240	0.5890
0.4355	0.2878	0.5220	0.5839
0.4333	0.2838	0.5180	0.5798
0.4328	0.2809	0.5160	0.5757
0.4323	0.2781	0.5140	0.5716
0.4311	0.2743	0.5110	0.5667
0.4305	0.2715	0.5090	0.5627
0.4291	0.2682	0.5060	0.5586
0.4276	0.2648	0.5030	0.5544
0.4273	0.2616	0.5010	0.5493
0.4258	0.2583	0.4980	0.5452
0.4251	0.2556	0.4960	0.5414
0.4235	0.2523	0.4930	0.5373
0.4231	0.2491	0.4910	0.5321
0.4224	0.2464	0.4890	0.5280
0.4217	0.2436	0.4870	0.5240
0.4201	0.2404	0.4840	0.5198
0.4195	0.2374	0.4820	0.5149
0.4187	0.2347	0.4800	0.5108
0.4171	0.2315	0.4770	0.5067
0.4162	0.2288	0.4750	0.5027
0.4154	0.2262	0.4730	0.4985
0.4148	0.2231	0.4710	0.4934
0.4140	0.2204	0.4690	0.4892
0.4131	0.2178	0.4670	0.4852
0.4130	0.2158	0.4660	0.4814
0.4115	0.2122	0.4630	0.4762
0.4106	0.2096	0.4610	0.4721
0.4105	0.2075	0.4600	0.4681
0.4087	0.2045	0.4570	0.4639
0.4079	0.2016	0.4550	0.4590
0.4078	0.1995	0.4540	0.4549
0.4068	0.1969	0.4520	0.4508
0.4058	0.1944	0.4500	0.4468
0.4048	0.1919	0.4480	0.4426
0.4040	0.1889	0.4460	0.4375
0.4039	0.1869	0.4450	0.4333
0.4028	0.1844	0.4430	0.4293
0.4026	0.1823	0.4420	0.4252
0.4015	0.1800	0.4400	0.4214
0.4006	0.1771	0.4380	0.4162
0.4004	0.1750	0.4370	0.4121
0.3993	0.1726	0.4350	0.4080
0.3982	0.1702	0.4330	0.4039
0.3979	0.1681	0.4320	0.3998
0.3978	0.1658	0.4310	0.3949
0.3966	0.1634	0.4290	0.3909
0.3955	0.1611	0.4270	0.3868
0.3952	0.1591	0.4260	0.3826
0.3940	0.1567	0.4240	0.3786
0.3938	0.1543	0.4230	0.3734
0.3935	0.1523	0.4220	0.3693
0.3923	0.1500	0.4200	0.3652
0.3919	0.1481	0.4190	0.3613
0.3907	0.1459	0.4170	0.3573
0.3905	0.1435	0.4160	0.3521
0.3901	0.1415	0.4150	0.3480
0.3898	0.1396	0.4140	0.3439
0.3884	0.1373	0.4120	0.3399
0.3881	0.1354	0.4110	0.3358
0.3877	0.1335	0.4100	0.3316
0.3864	0.1309	0.4080	0.3267
0.3860	0.1290	0.4070	0.3226
0.3856	0.1272	0.4060	0.3186
0.3842	0.1250	0.4040	0.3145
0.3839	0.1227	0.4030	0.3093
0.3834	0.1208	0.4020	0.3052
0.3830	0.1189	0.4010	0.3011
0.3825	0.1172	0.4000	0.2973
0.3810	0.1150	0.3980	0.2932
0.3815	0.1135	0.3980	0.2892
0.3810	0.1116	0.3970	0.2850
0.3796	0.1091	0.3950	0.2799
0.3791	0.1073	0.3940	0.2757
0.3786	0.1055	0.3930	0.2717
0.3780	0.1036	0.3920	0.2676
0.3775	0.1018	0.3910	0.2635
0.3770	0.0997	0.3900	0.2586
0.3765	0.0979	0.3890	0.2544
0.3759	0.0962	0.3880	0.2504
0.3753	0.0944	0.3870	0.2463
0.3747	0.0926	0.3860	0.2422
0.3741	0.0908	0.3850	0.2382
0.3726	0.0885	0.3830	0.2332
0.3720	0.0868	0.3820	0.2291
0.3724	0.0852	0.3820	0.2250
0.3717	0.0835	0.3810	0.2209
0.3711	0.0818	0.3800	0.2169
0.3714	0.0802	0.3800	0.2127
0.3708	0.0785	0.3790	0.2086
0.3692	0.0762	0.3770	0.2034
0.3685	0.0745	0.3760	0.1994
0.3679	0.0728	0.3750	0.1953
0.3672	0.0711	0.3740	0.1912
0.3665	0.0695	0.3730	0.1874
0.3668	0.0680	0.3730	0.1833
0.3661	0.0659	0.3720	0.1781
0.3654	0.0642	0.3710	0.1740
0.3647	0.0627	0.3700	0.1702
0.3639	0.0610	0.3690	0.1661
0.3641	0.0596	0.3690	0.1623
0.3634	0.0580	0.3680	0.1582
0.3627	0.0560	0.3670	0.1533
0.3619	0.0545	0.3660	0.1495
0.3621	0.0530	0.3660	0.1454
0.3604	0.0514	0.3640	0.1416
0.3596	0.0497	0.3630	0.1375
0.3588	0.0482	0.3620	0.1336
0.3590	0.0468	0.3620	0.1296
0.3582	0.0449	0.3610	0.1246
0.3584	0.0435	0.3610	0.1209
0.3575	0.0419	0.3600	0.1168
0.3567	0.0404	0.3590	0.1127
0.3569	0.0390	0.3590	0.1088
0.3560	0.0374	0.3580	0.1048
0.3552	0.0360	0.3570	0.1010
0.3544	0.0341	0.3560	0.0961
0.3535	0.0326	0.3550	0.0919
0.3536	0.0312	0.3550	0.0881
0.3527	0.0297	0.3540	0.0841
0.3529	0.0284	0.3540	0.0802
0.3520	0.0268	0.3530	0.0761
0.3521	0.0255	0.3530	0.0723
0.3512	0.0240	0.3520	0.0683
0.3513	0.0227	0.3520	0.0644
0.3504	0.0209	0.3510	0.0595
0.3495	0.0194	0.3500	0.0554
0.3485	0.0179	0.3490	0.0513
0.3476	0.0165	0.3480	0.0475
0.3477	0.0151	0.3480	0.0434
0.3477	0.0138	0.3480	0.0396
0.3468	0.0123	0.3470	0.0355
0.3468	0.0110	0.3470	0.0316
0.3459	0.0093	0.3460	0.0267
0.3449	0.0078	0.3450	0.0227
0.3439	0.0065	0.3440	0.0189
0.3440	0.0051	0.3440	0.0148
0.3440	0.0038	0.3440	0.0109
0.3430	0.0024	0.3430	0.0069
0.3430	0.0011	0.3430	0.0031
0.3420	-0.0004	0.3420	-0.0011
0.3420	-0.0017	0.3420	-0.0049
0.3420	-0.0030	0.3420	-0.0089
0.3410	-0.0047	0.3410	-0.0139
0.3409	-0.0061	0.3410	-0.0179
0.3399	-0.0074	0.3400	-0.0218
0.3389	-0.0088	0.3390	-0.0259
0.3379	-0.0100	0.3380	-0.0297
0.3378	-0.0114	0.3380	-0.0337
0.3388	-0.0127	0.3390	-0.0376
0.3377	-0.0141	0.3380	-0.0417
0.3367	-0.0153	0.3370	-0.0455
0.3366	-0.0167	0.3370	-0.0496
0.3365	-0.0180	0.3370	-0.0534
0.3364	-0.0194	0.3370	-0.0575
0.3353	-0.0210	0.3360	-0.0624
0.3343	-0.0222	0.3350	-0.0662
0.3342	-0.0235	0.3350	-0.0703
0.3341	-0.0248	0.3350	-0.0741
0.3330	-0.0261	0.3340	-0.0782
0.3329	-0.0274	0.3340	-0.0821
0.3328	-0.0287	0.3340	-0.0861
0.3327	-0.0300	0.3340	-0.0899
0.3325	-0.0314	0.3340	-0.0941
0.3314	-0.0326	0.3330	-0.0982
0.3302	-0.0342	0.3320	-0.1031
0.3301	-0.0354	0.3320	-0.1069
0.3300	-0.0368	0.3320	-0.1109
0.3288	-0.0379	0.3310	-0.1148
0.3277	-0.0391	0.3300	-0.1189
0.3285	-0.0405	0.3310	-0.1227
0.3293	-0.0420	0.3320	-0.1267
0.3282	-0.0431	0.3310	-0.1306
0.3280	-0.0445	0.3310	-0.1347
0.3268	-0.0455	0.3300	-0.1384
0.3267	-0.0469	0.3300	-0.1426
0.3255	-0.0480	0.3290	-0.1464
0.3253	-0.0493	0.3290	-0.1505
0.3251	-0.0506	0.3290	-0.1543
0.3249	-0.0519	0.3290	-0.1584
0.3237	-0.0530	0.3280	-0.1622
0.3245	-0.0545	0.3290	-0.1663
0.3233	-0.0556	0.3280	-0.1704
0.3230	-0.0568	0.3280	-0.1742
0.3228	-0.0582	0.3280	-0.1783
0.3215	-0.0596	0.3270	-0.1832
0.3213	-0.0608	0.3270	-0.1870
0.3210	-0.0621	0.3270	-0.1911
0.3208	-0.0633	0.3270	-0.1949
0.3205	-0.0647	0.3270	-0.1990
0.3193	-0.0657	0.3260	-0.2029
0.3190	-0.0670	0.3260	-0.2069
0.3188	-0.0682	0.3260	-0.2107
0.3185	-0.0695	0.3260	-0.2149
0.3182	-0.0707	0.3260	-0.2187
0.3180	-0.0719	0.3260	-0.2225
0.3177	-0.0731	0.3260	-0.2263
0.3174	-0.0744	0.3260	-0.2304
0.3171	-0.0757	0.3260	-0.2342
0.3158	-0.0766	0.3250	-0.2381
0.3155	-0.0779	0.3250	-0.2421
0.3152	-0.0791	0.3250	-0.2459
0.3149	-0.0803	0.3250	-0.2498
0.3146	-0.0816	0.3250	-0.2539
0.3143	-0.0828	0.3250	-0.2577
0.3140	-0.0840	0.3250	-0.2614
0.3136	-0.0852	0.3250	-0.2653
0.3133	-0.0865	0.3250	-0.2694
0.3129	-0.0877	0.3250	-0.2732
0.3126	-0.0889	0.3250	-0.2770
0.3113	-0.0899	0.3240	-0.2811
0.3109	-0.0911	0.3240	-0.2849
0.3106	-0.0923	0.3240	-0.2888
0.3102	-0.0935	0.3240	-0.2926
0.3098	-0.0947	0.3240	-0.2966
0.3095	-0.0959	0.3240	-0.3005
0.3091	-0.0971	0.3240	-0.3043
0.3087	-0.0984	0.3240	-0.3084
0.3083	-0.0995	0.3240	-0.3122
0.3080	-0.1007	0.3240	-0.3160
0.3076	-0.1019	0.3240	-0.3198
0.3071	-0.1031	0.3240	-0.3240
0.3067	-0.1043	0.3240	-0.3278
0.3064	-0.1055	0.3240	-0.3315
0.3059	-0.1067	0.3240	-0.3357
0.3055	-0.1079	0.3240	-0.3395
0.3051	-0.1091	0.3240	-0.3433
0.3047	-0.1103	0.3240	-0.3474
0.3042	-0.1115	0.3240	-0.3512
0.3038	-0.1126	0.3240	-0.3550
0.3034	-0.1138	0.3240	-0.3589
0.3029	-0.1150	0.3240	-0.3629
0.3014	-0.1162	0.3230	-0.3679
0.3020	-0.1173	0.3240	-0.3706
0.3025	-0.1189	0.3250	-0.3747
0.3020	-0.1201	0.3250	-0.3785
0.3006	-0.1209	0.3240	-0.3822
0.3002	-0.1220	0.3240	-0.3861
0.3006	-0.1236	0.3250	-0.3902
0.2992	-0.1244	0.3240	-0.3940
0.2987	-0.1255	0.3240	-0.3979
0.2982	-0.1267	0.3240	-0.4019
0.2986	-0.1283	0.3250	-0.4057
0.2981	-0.1294	0.3250	-0.4096
0.2976	-0.1306	0.3250	-0.4134
0.2971	-0.1318	0.3250	-0.4174
0.2966	-0.1329	0.3250	-0.4213
0.2961	-0.1340	0.3250	-0.4251
0.2964	-0.1357	0.3260	-0.4292
0.2959	-0.1368	0.3260	-0.4330
0.2945	-0.1375	0.3250	-0.4368
0.2940	-0.1386	0.3250	-0.4406
0.2943	-0.1403	0.3260	-0.4448
0.2946	-0.1418	0.3270	-0.4486
0.2941	-0.1429	0.3270	-0.4523
0.2926	-0.1437	0.3260	-0.4565
0.2921	-0.1448	0.3260	-0.4603
0.2924	-0.1464	0.3270	-0.4641
0.2918	-0.1476	0.3270	-0.4682
0.2912	-0.1487	0.3270	-0.4720
0.2917	-0.1500	0.3280	-0.4751
0.2901	-0.1509	0.3270	-0.4797
0.2895	-0.1521	0.3270	-0.4838
0.2899	-0.1533	0.3280	-0.4865
0.2893	-0.1545	0.3280	-0.4906
0.2887	-0.1556	0.3280	-0.4943
0.2881	-0.1567	0.3280	-0.4982
0.2875	-0.1579	0.3280	-0.5023
0.2878	-0.1595	0.3290	-0.5061
0.2871	-0.1606	0.3290	-0.5100
0.2865	-0.1617	0.3290	-0.5137
0.2867	-0.1633	0.3300	-0.5178
0.2861	-0.1644	0.3300	-0.5216
0.2846	-0.1650	0.3290	-0.5255
0.2848	-0.1667	0.3300	-0.5295
0.2850	-0.1683	0.3310	-0.5333
0.2844	-0.1694	0.3310	-0.5372
0.2837	-0.1705	0.3310	-0.5410
0.2830	-0.1716	0.3310	-0.5451
0.2824	-0.1727	0.3310	-0.5489
0.2826	-0.1743	0.3320	-0.5527
0.2818	-0.1755	0.3320	-0.5568
0.2822	-0.1767	0.3330	-0.5595
0.2815	-0.1779	0.3330	-0.5636
0.2808	-0.1790	0.3330	-0.5675
0.2810	-0.1806	0.3340	-0.5713
0.2803	-0.1817	0.3340	-0.5751
0.2795	-0.1828	0.3340	-0.5792
0.2797	-0.1844	0.3350	-0.5830
0.2789	-0.1856	0.3350	-0.5871
0.2781	-0.1867	0.3350	-0.5912
0.2782	-0.1884	0.3360	-0.5953
0.2774	-0.1896	0.3360	-0.5994
0.2767	-0.1907	0.3360	-0.6034
0.2769	-0.1921	0.3370	-0.6065
0.2761	-0.1932	0.3370	-0.6105
0.2753	-0.1943	0.3370	-0.6146
0.2753	-0.1961	0.3380	-0.6188
0.2745	-0.1972	0.3380	-0.6228
0.2737	-0.1983	0.3380	-0.6269
0.2737	-0.2000	0.3390	-0.6310
0.2737	-0.2017	0.3400	-0.6351
0.2729	-0.2028	0.3400	-0.6392
0.2720	-0.2039	0.3400	-0.6433
0.2720	-0.2056	0.3410	-0.6473
0.2722	-0.2071	0.3420	-0.6504
0.2713	-0.2082	0.3420	-0.6544
0.2705	-0.2093	0.3420	-0.6586
0.2704	-0.2110	0.3430	-0.6627
0.2696	-0.2121	0.3430	-0.6667
0.2695	-0.2138	0.3440	-0.6708
0.2686	-0.2150	0.3440	-0.6750
0.2685	-0.2166	0.3450	-0.6787
0.2677	-0.2177	0.3450	-0.6828
0.2675	-0.2194	0.3460	-0.6869
0.2666	-0.2205	0.3460	-0.6910
0.2657	-0.2216	0.3460	-0.6951
0.2665	-0.2237	0.3480	-0.6983
0.2664	-0.2254	0.3490	-0.7022
0.2655	-0.2265	0.3490	-0.7063
0.2646	-0.2276	0.3490	-0.7103
0.2637	-0.2287	0.3490	-0.7145
0.2635	-0.2304	0.3500	-0.7186
0.2633	-0.2321	0.3510	-0.7226
0.2623	-0.2332	0.3510	-0.7267
0.2624	-0.2347	0.3520	-0.7297
0.2614	-0.2357	0.3520	-0.7338
0.2612	-0.2375	0.3530	-0.7379
0.2602	-0.2385	0.3530	-0.7420
0.2600	-0.2403	0.3540	-0.7461
0.2597	-0.2420	0.3550	-0.7502
0.2595	-0.2438	0.3560	-0.7542
0.2584	-0.2448	0.3560	-0.7584
0.2574	-0.2459	0.3560	-0.7625
0.2574	-0.2474	0.3570	-0.7655
0.2561	-0.2501	0.3580	-0.7736
0.2537	-0.2540	0.3590	-0.7859
0.2323	-0.2537	0.3440	-0.8295
0.2290	-0.2527	0.3410	-0.8347
0.2266	-0.2522	0.3390	-0.8388
0.2242	-0.2516	0.3370	-0.8429
0.2216	-0.2512	0.3350	-0.8478
0.2193	-0.2506	0.3330	-0.8519
0.2167	-0.2502	0.3310	-0.8571
0.2138	-0.2488	0.3280	-0.8609
0.2112	-0.2483	0.3260	-0.8660
0.2089	-0.2477	0.3240	-0.8702
0.2064	-0.2472	0.3220	-0.8750
0.2041	-0.2465	0.3200	-0.8792
0.2015	-0.2460	0.3180	-0.8843
0.1993	-0.2452	0.3160	-0.8885
0.1968	-0.2447	0.3140	-0.8934
0.1946	-0.2439	0.3120	-0.8975
0.1921	-0.2433	0.3100	-0.9027
0.1898	-0.2425	0.3080	-0.9067
0.1874	-0.2419	0.3060	-0.9116
0.1858	-0.2419	0.3050	-0.9157
0.1834	-0.2412	0.3030	-0.9209
0.1812	-0.2404	0.3010	-0.9250
0.1788	-0.2397	0.2990	-0.9299
0.1766	-0.2388	0.2970	-0.9340
0.1748	-0.2389	0.2960	-0.9392
0.1726	-0.2380	0.2940	-0.9432
0.1703	-0.2372	0.2920	-0.9482
0.1687	-0.2371	0.2910	-0.9522
0.1664	-0.2363	0.2890	-0.9574
0.1648	-0.2362	0.2880	-0.9615
0.1627	-0.2352	0.2860	-0.9656
0.1604	-0.2344	0.2840	-0.9705
0.1589	-0.2342	0.2830	-0.9747
0.1571	-0.2342	0.2820	-0.9798
0.1551	-0.2331	0.2800	-0.9836
0.1534	-0.2331	0.2790	-0.9887
0.1519	-0.2329	0.2780	-0.9929
0.1496	-0.2319	0.2760	-0.9978
0.1481	-0.2317	0.2750	-1.0019
0.1459	-0.2307	0.2730	-1.0068
0.1445	-0.2305	0.2720	-1.0109
0.1430	-0.2302	0.2710	-1.0147
0.1408	-0.2292	0.2690	-1.0199
0.1394	-0.2289	0.2680	-1.0237
0.1377	-0.2287	0.2670	-1.0289
0.1363	-0.2284	0.2660	-1.0327
0.1341	-0.2274	0.2640	-1.0378
0.1328	-0.2270	0.2630	-1.0417
0.1313	-0.2267	0.2620	-1.0458
0.1297	-0.2265	0.2610	-1.0507
0.1278	-0.2253	0.2590	-1.0548
0.1269	-0.2258	0.2590	-1.0588
0.1253	-0.2255	0.2580	-1.0638
0.1239	-0.2252	0.2570	-1.0678
0.1218	-0.2240	0.2550	-1.0728
0.1204	-0.2236	0.2540	-1.0769
0.1189	-0.2233	0.2530	-1.0817
0.1175	-0.2229	0.2520	-1.0859
0.1162	-0.2225	0.2510	-1.0897
0.1145	-0.2222	0.2500	-1.0949
0.1125	-0.2210	0.2480	-1.0998
0.1116	-0.2215	0.2480	-1.1039
0.1103	-0.2210	0.2470	-1.1077
0.1090	-0.2205	0.2460	-1.1118
0.1075	-0.2202	0.2450	-1.1167
0.1061	-0.2197	0.2440	-1.1208
0.1046	-0.2193	0.2430	-1.1257
0.1033	-0.2188	0.2420	-1.1298
0.1018	-0.2184	0.2410	-1.1347
0.1009	-0.2189	0.2410	-1.1388
0.0996	-0.2184	0.2400	-1.1429
0.0984	-0.2178	0.2390	-1.1467
0.0968	-0.2174	0.2380	-1.1518
0.0956	-0.2169	0.2370	-1.1557
0.0941	-0.2164	0.2360	-1.1608
0.0928	-0.2159	0.2350	-1.1647
0.0913	-0.2154	0.2340	-1.1699
0.0901	-0.2149	0.2330	-1.1737
0.0888	-0.2143	0.2320	-1.1778
0.0874	-0.2138	0.2310	-1.1827
0.0862	-0.2133	0.2300	-1.1868
0.0853	-0.2136	0.2300	-1.1908
0.0839	-0.2131	0.2290	-1.1957
0.0821	-0.2116	0.2270	-1.2007
0.0812	-0.2120	0.2270	-1.2048
0.0804	-0.2123	0.2270	-1.2089
0.0795	-0.2126	0.2270	-1.2130
0.0778	-0.2111	0.2250	-1.2179
0.0769	-0.2114	0.2250	-1.2219
0.0758	-0.2108	0.2240	-1.2257
0.0740	-0.2093	0.2220	-1.2309
0.0732	-0.2096	0.2220	-1.2348
0.0723	-0.2099	0.2220	-1.2389
0.0710	-0.2093	0.2210	-1.2438
0.0701	-0.2096	0.2210	-1.2479
0.0690	-0.2089	0.2200	-1.2519
0.0673	-0.2073	0.2180	-1.2569
0.0660	-0.2067	0.2170	-1.2618
0.0652	-0.2070	0.2170	-1.2658
0.0643	-0.2073	0.2170	-1.2699
0.0635	-0.2075	0.2170	-1.2738
0.0624	-0.2068	0.2160	-1.2779
0.0615	-0.2071	0.2160	-1.2819
0.0602	-0.2064	0.2150	-1.2868
0.0591	-0.2057	0.2140	-1.2909
0.0578	-0.2050	0.2130	-1.2958
0.0570	-0.2052	0.2130	-1.3000
0.0559	-0.2045	0.2120	-1.3038
0.0551	-0.2047	0.2120	-1.3078
0.0543	-0.2049	0.2120	-1.3119
0.0535	-0.2051	0.2120	-1.3158
0.0522	-0.2044	0.2110	-1.3209
0.0509	-0.2037	0.2100	-1.3258
0.0501	-0.2039	0.2100	-1.3300
0.0491	-0.2032	0.2090	-1.3338
0.0483	-0.2034	0.2090	-1.3378
0.0470	-0.2026	0.2080	-1.3428
0.0462	-0.2028	0.2080	-1.3468
0.0451	-0.2020	0.2070	-1.3510
0.0443	-0.2022	0.2070	-1.3551
0.0431	-0.2014	0.2060	-1.3600
0.0423	-0.2016	0.2060	-1.3640
0.0413	-0.2008	0.2050	-1.3678
0.0405	-0.2010	0.2050	-1.3720
0.0397	-0.2011	0.2050	-1.3761
0.0385	-0.2003	0.2040	-1.3810
0.0373	-0.1995	0.2030	-1.3859
0.0365	-0.1997	0.2030	-1.3900
0.0357	-0.1998	0.2030	-1.3940
0.0348	-0.1990	0.2020	-1.3978
0.0339	-0.1991	0.2020	-1.4020
0.0328	-0.1983	0.2010	-1.4069
0.0320	-0.1984	0.2010	-1.4110
0.0312	-0.1986	0.2010	-1.4147
0.0303	-0.1977	0.2000	-1.4188
0.0295	-0.1978	0.2000	-1.4227
0.0288	-0.1979	0.2000	-1.4265
0.0277	-0.1971	0.1990	-1.4314
0.0268	-0.1972	0.1990	-1.4355
0.0257	-0.1963	0.1980	-1.4404
0.0250	-0.1964	0.1980	-1.4442
0.0242	-0.1965	0.1980	-1.4481
0.0233	-0.1956	0.1970	-1.4521
0.0226	-0.1957	0.1970	-1.4559
0.0218	-0.1958	0.1970	-1.4598
0.0210	-0.1959	0.1970	-1.4638
0.0200	-0.1950	0.1960	-1.4688
0.0192	-0.1951	0.1960	-1.4726
0.0185	-0.1951	0.1960	-1.4764
0.0174	-0.1942	0.1950	-1.4813
0.0166	-0.1943	0.1950	-1.4854
0.0159	-0.1944	0.1950	-1.4892
0.0150	-0.1934	0.1940	-1.4933
0.0143	-0.1935	0.1940	-1.4972
0.0135	-0.1935	0.1940	-1.5009
0.0125	-0.1926	0.1930	-1.5059
0.0117	-0.1926	0.1930	-1.5099
0.0110	-0.1927	0.1930	-1.5138
0.0103	-0.1927	0.1930	-1.5176
0.0093	-0.1918	0.1920	-1.5225
0.0085	-0.1918	0.1920	-1.5266
0.0077	-0.1918	0.1920	-1.5304
0.0070	-0.1909	0.1910	-1.5342
0.0062	-0.1909	0.1910	-1.5383
0.0055	-0.1909	0.1910	-1.5421
0.0047	-0.1909	0.1910	-1.5460
0.0040	-0.1910	0.1910	-1.5500
0.0032	-0.1910	0.1910	-1.5538
0.0025	-0.1910	0.1910	-1.5579
0.0016	-0.1900	0.1900	-1.5626
0.0008	-0.1900	0.1900	-1.5667
0.0001	-0.1900	0.1900	-1.5705
-0.0009	-0.1890	0.1890	-1.5754
-0.0016	-0.1890	0.1890	-1.5795
-0.0024	-0.1890	0.1890	-1.5833
-0.0031	-0.1880	0.1880	-1.5871
-0.0038	-0.1880	0.1880	-1.5912
-0.0046	-0.1879	0.1880	-1.5951
-0.0053	-0.1879	0.1880	-1.5988
-0.0060	-0.1879	0.1880	-1.6029
-0.0068	-0.1879	0.1880	-1.6067
-0.0075	-0.1878	0.1880	-1.6109
-0.0082	-0.1878	0.1880	-1.6146
-0.0091	-0.1868	0.1870	-1.6196
-0.0098	-0.1867	0.1870	-1.6233
-0.0106	-0.1867	0.1870	-1.6275
-0.0113	-0.1867	0.1870	-1.6313
-0.0120	-0.1866	0.1870	-1.6351
-0.0129	-0.1856	0.1860	-1.6400
-0.0136	-0.1855	0.1860	-1.6441
-0.0143	-0.1854	0.1860	-1.6479
-0.0150	-0.1854	0.1860	-1.6517
-0.0158	-0.1853	0.1860	-1.6558
-0.0165	-0.1853	0.1860	-1.6597
-0.0172	-0.1852	0.1860	-1.6635
-0.0179	-0.1841	0.1850	-1.6675
-0.0186	-0.1841	0.1850	-1.6714
-0.0193	-0.1840	0.1850	-1.6755
-0.0200	-0.1839	0.1850	-1.6793
-0.0208	-0.1828	0.1840	-1.6842
-0.0215	-0.1827	0.1840	-1.6881
-0.0223	-0.1826	0.1840	-1.6921
-0.0230	-0.1826	0.1840	-1.6959
-0.0236	-0.1835	0.1850	-1.6989
-0.0244	-0.1824	0.1840	-1.7039
-0.0251	-0.1823	0.1840	-1.7076
-0.0258	-0.1822	0.1840	-1.7114
-0.0265	-0.1821	0.1840	-1.7156
-0.0272	-0.1820	0.1840	-1.7194
-0.0280	-0.1808	0.1830	-1.7243
-0.0287	-0.1807	0.1830	-1.7284
-0.0294	-0.1806	0.1830	-1.7322
-0.0301	-0.1805	0.1830	-1.7360
-0.0308	-0.1804	0.1830	-1.7401
-0.0315	-0.1803	0.1830	-1.7439
-0.0322	-0.1801	0.1830	-1.7478
-0.0329	-0.1800	0.1830	-1.7518
-0.0336	-0.1799	0.1830	-1.7556
-0.0343	-0.1798	0.1830	-1.7595
-0.0351	-0.1796	0.1830	-1.7636
-0.0357	-0.1795	0.1830	-1.7673
-0.0365	-0.1793	0.1830	-1.7715
-0.0372	-0.1792	0.1830	-1.7753
-0.0378	-0.1790	0.1830	-1.7791
-0.0386	-0.1789	0.1830	-1.7832
-0.0393	-0.1787	0.1830	-1.7870
-0.0399	-0.1786	0.1830	-1.7908
-0.0407	-0.1784	0.1830	-1.7949
-0.0413	-0.1783	0.1830	-1.7987
-0.0421	-0.1781	0.1830	-1.8028
-0.0428	-0.1779	0.1830	-1.8066
-0.0434	-0.1778	0.1830	-1.8105
-0.0442	-0.1776	0.1830	-1.8145
-0.0448	-0.1764	0.1820	-1.8195
-0.0455	-0.1762	0.1820	-1.8232
-0.0462	-0.1760	0.1820	-1.8274
-0.0469	-0.1759	0.1820	-1.8312
-0.0476	-0.1757	0.1820	-1.8353
-0.0482	-0.1755	0.1820	-1.8391
-0.0489	-0.1753	0.1820	-1.8429
-0.0496	-0.1751	0.1820	-1.8470
-0.0503	-0.1749	0.1820	-1.8508
-0.0510	-0.1747	0.1820	-1.8549
-0.0517	-0.1745	0.1820	-1.8587
-0.0525	-0.1753	0.1830	-1.8618
-0.0531	-0.1741	0.1820	-1.8667
-0.0537	-0.1739	0.1820	-1.8705
-0.0545	-0.1747	0.1830	-1.8735
-0.0551	-0.1735	0.1820	-1.8784
-0.0558	-0.1732	0.1820	-1.8825
-0.0565	-0.1730	0.1820	-1.8863
-0.0571	-0.1728	0.1820	-1.8901
-0.0580	-0.1736	0.1830	-1.8931
-0.0587	-0.1733	0.1830	-1.8972
-0.0593	-0.1731	0.1830	-1.9010
-0.0600	-0.1729	0.1830	-1.9048
-0.0607	-0.1726	0.1830	-1.9089
-0.0614	-0.1724	0.1830	-1.9127
-0.0621	-0.1722	0.1830	-1.9168
-0.0627	-0.1719	0.1830	-1.9206
-0.0634	-0.1717	0.1830	-1.9245
-0.0641	-0.1714	0.1830	-1.9285
-0.0647	-0.1712	0.1830	-1.9323
-0.0654	-0.1709	0.1830	-1.9365
-0.0661	-0.1706	0.1830	-1.9403
-0.0668	-0.1704	0.1830	-1.9443
-0.0674	-0.1701	0.1830	-1.9482
-0.0681	-0.1699	0.1830	-1.9520
-0.0688	-0.1696	0.1830	-1.9561
-0.0697	-0.1703	0.1840	-1.9591
-0.0703	-0.1700	0.1840	-1.9629
-0.0710	-0.1698	0.1840	-1.9668
-0.0717	-0.1695	0.1840	-1.9708
-0.0723	-0.1692	0.1840	-1.9746
-0.0730	-0.1689	0.1840	-1.9787
-0.0736	-0.1686	0.1840	-1.9826
-0.0743	-0.1683	0.1840	-1.9863
-0.0750	-0.1680	0.1840	-1.9904
-0.0756	-0.1677	0.1840	-1.9943
-0.0763	-0.1674	0.1840	-1.9984
-0.0769	-0.1671	0.1840	-2.0021
-0.0776	-0.1668	0.1840	-2.0063
-0.0785	-0.1675	0.1850	-2.0090
-0.0792	-0.1672	0.1850	-2.0131
-0.0802	-0.1678	0.1860	-2.0169
-0.0809	-0.1675	0.1860	-2.0210
-0.0816	-0.1672	0.1860	-2.0249
-0.0822	-0.1668	0.1860	-2.0286
-0.0829	-0.1665	0.1860	-2.0327
-0.0838	-0.1672	0.1870	-2.0357
-0.0845	-0.1668	0.1870	-2.0395
-0.0851	-0.1665	0.1870	-2.0434
-0.0858	-0.1662	0.1870	-2.0475
-0.0864	-0.1658	0.1870	-2.0512
-0.0871	-0.1655	0.1870	-2.0553
-0.0877	-0.1651	0.1870	-2.0592
-0.0884	-0.1648	0.1870	-2.0633
-0.0890	-0.1644	0.1870	-2.0670
-0.0900	-0.1650	0.1880	-2.0701
-0.0907	-0.1647	0.1880	-2.0739
-0.0913	-0.1643	0.1880	-2.0780
-0.0919	-0.1640	0.1880	-2.0818
-0.0926	-0.1636	0.1880	-2.0856
-0.0932	-0.1633	0.1880	-2.0897
-0.0944	-0.1638	0.1890	-2.0935
-0.0950	-0.1634	0.1890	-2.0976
-0.0957	-0.1630	0.1890	-2.1015
-0.0963	-0.1626	0.1890	-2.1055
-0.0969	-0.1623	0.1890	-2.1093
-0.0976	-0.1619	0.1890	-2.1132
-0.0986	-0.1624	0.1900	-2.1161
-0.0992	-0.1620	0.1900	-2.1202
-0.0998	-0.1617	0.1900	-2.1241
-0.1009	-0.1622	0.1910	-2.1271
-0.1015	-0.1618	0.1910	-2.1309
-0.1021	-0.1614	0.1910	-2.1350
-0.1027	-0.1610	0.1910	-2.1388
-0.1034	-0.1606	0.1910	-2.1429
-0.1040	-0.1602	0.1910	-2.1467
-0.1052	-0.1606	0.1920	-2.1505
-0.1058	-0.1602	0.1920	-2.1546
-0.1064	-0.1598	0.1920	-2.1584
-0.1075	-0.1603	0.1930	-2.1615
-0.1081	-0.1599	0.1930	-2.1652
-0.1088	-0.1594	0.1930	-2.1696
-0.1098	-0.1599	0.1940	-2.1726
-0.1105	-0.1595	0.1940	-2.1767
-0.1112	-0.1590	0.1940	-2.1810
-0.1118	-0.1585	0.1940	-2.1852
-0.1125	-0.1581	0.1940	-2.1893
-0.1131	-0.1576	0.1940	-2.1933
-0.1144	-0.1579	0.1950	-2.1977
-0.1150	-0.1574	0.1950	-2.2018
-0.1157	-0.1570	0.1950	-2.2059
-0.1168	-0.1574	0.1960	-2.2091
-0.1174	-0.1569	0.1960	-2.2132
-0.1181	-0.1564	0.1960	-2.2174
-0.1192	-0.1568	0.1970	-2.2206
-0.1198	-0.1564	0.1970	-2.2247
-0.1205	-0.1559	0.1970	-2.2288
-0.1217	-0.1562	0.1980	-2.2329
-0.1224	-0.1557	0.1980	-2.2369
-0.1230	-0.1551	0.1980	-2.2413
-0.1237	-0.1546	0.1980	-2.2455
-0.1248	-0.1550	0.1990	-2.2484
-0.1254	-0.1545	0.1990	-2.2527
-0.1261	-0.1540	0.1990	-2.2569
-0.1267	-0.1535	0.1990	-2.2610
-0.1273	-0.1529	0.1990	-2.2650
-0.1285	-0.1533	0.2000	-2.2684
-0.1291	-0.1528	0.2000	-2.2724
-0.1297	-0.1522	0.2000	-2.2765
-0.1310	-0.1525	0.2010	-2.2806
-0.1317	-0.1519	0.2010	-2.2850
-0.1323	-0.1513	0.2010	-2.2891
-0.1334	-0.1517	0.2020	-2.2921
-0.1341	-0.1511	0.2020	-2.2965
-0.1353	-0.1513	0.2030	-2.3005
-0.1360	-0.1508	0.2030	-2.3046
-0.1366	-0.1502	0.2030	-2.3087
-0.1372	-0.1496	0.2030	-2.3131
-0.1383	-0.1499	0.2040	-2.3160
-0.1390	-0.1494	0.2040	-2.3201
-0.1396	-0.1487	0.2040	-2.3246
-0.1402	-0.1482	0.2040	-2.3286
-0.1408	-0.1476	0.2040	-2.3327
-0.1414	-0.1470	0.2040	-2.3368
-0.1426	-0.1473	0.2050	-2.3401
-0.1432	-0.1467	0.2050	-2.3441
-0.1445	-0.1468	0.2060	-2.3482
-0.1457	-0.1471	0.2070	-2.3515
-0.1463	-0.1465	0.2070	-2.3556
-0.1469	-0.1459	0.2070	-2.3596
-0.1482	-0.1460	0.2080	-2.3638
-0.1488	-0.1453	0.2080	-2.3682
-0.1494	-0.1447	0.2080	-2.3722
-0.1506	-0.1449	0.2090	-2.3753
-0.1519	-0.1450	0.2100	-2.3796
-0.1525	-0.1444	0.2100	-2.3837
-0.1537	-0.1446	0.2110	-2.3867
-0.1543	-0.1439	0.2110	-2.3911
-0.1549	-0.1433	0.2110	-2.3951
-0.1555	-0.1426	0.2110	-2.3992
-0.1567	-0.1428	0.2120	-2.4025
-0.1580	-0.1428	0.2130	-2.4066
-0.1586	-0.1422	0.2130	-2.4107
-0.1598	-0.1423	0.2140	-2.4140
-0.1604	-0.1417	0.2140	-2.4180
-0.1617	-0.1417	0.2150	-2.4222
-0.1623	-0.1410	0.2150	-2.4263
-0.1635	-0.1411	0.2160	-2.4295
-0.1648	-0.1411	0.2170	-2.4336
-0.1654	-0.1404	0.2170	-2.4377
-0.1660	-0.1397	0.2170	-2.4421
-0.1672	-0.1399	0.2180	-2.4451
-0.1686	-0.1398	0.2190	-2.4491
-0.1692	-0.1391	0.2190	-2.4535
-0.1704	-0.1392	0.2200	-2.4565
-0.1709	-0.1385	0.2200	-2.4606
-0.1723	-0.1384	0.2210	-2.4649
-0.1735	-0.1385	0.2220	-2.4680
-0.1741	-0.1378	0.2220	-2.4720
-0.1747	-0.1370	0.2220	-2.4764
-0.1760	-0.1369	0.2230	-2.4805
-0.1772	-0.1370	0.2240	-2.4835
-0.1778	-0.1362	0.2240	-2.4878
-0.1792	-0.1361	0.2250	-2.4920
-0.1797	-0.1354	0.2250	-2.4961
-0.1810	-0.1354	0.2260	-2.4993
-0.1823	-0.1352	0.2270	-2.5035
-0.1829	-0.1345	0.2270	-2.5075
-0.1841	-0.1345	0.2280	-2.5107
-0.1855	-0.1343	0.2290	-2.5149
-0.1867	-0.1343	0.2300	-2.5181
-0.1873	-0.1335	0.2300	-2.5222
-0.1878	-0.1328	0.2300	-2.5263
-0.1892	-0.1326	0.2310	-2.5304
-0.1904	-0.1325	0.2320	-2.5337
-0.1918	-0.1323	0.2330	-2.5378
-0.1932	-0.1321	0.2340	-2.5419
-0.1944	-0.1321	0.2350	-2.5449
-0.1949	-0.1313	0.2350	-2.5490
-0.1955	-0.1305	0.2350	-2.5530
-0.1968	-0.1303	0.2360	-2.5569
-0.1980	-0.1302	0.2370	-2.5598
-0.1994	-0.1300	0.2380	-2.5640
-0.2006	-0.1299	0.2390	-2.5669
-0.2020	-0.1296	0.2400	-2.5710
-0.2033	-0.1294	0.2410	-2.5749
-0.2038	-0.1286	0.2410	-2.5789
-0.2051	-0.1285	0.2420	-2.5820
-0.2056	-0.1276	0.2420	-2.5860
-0.2069	-0.1274	0.2430	-2.5898
-0.2075	-0.1265	0.2430	-2.5940
-0.2087	-0.1264	0.2440	-2.5969
-0.2108	-0.1268	0.2460	-2.5999
-0.2113	-0.1260	0.2460	-2.6040
-0.2126	-0.1257	0.2470	-2.6079
-0.2140	-0.1253	0.2480	-2.6120
-0.2145	-0.1245	0.2480	-2.6157
-0.2158	-0.1243	0.2490	-2.6191
-0.2171	-0.1240	0.2500	-2.6228
-0.2184	-0.1238	0.2510	-2.6259
-0.2197	-0.1234	0.2520	-2.6299
-0.2211	-0.1230	0.2530	-2.6340
-0.2223	-0.1228	0.2540	-2.6370
-0.2237	-0.1224	0.2550	-2.6408
-0.2242	-0.1215	0.2550	-2.6450
-0.2256	-0.1211	0.2560	-2.6490
-0.2268	-0.1208	0.2570	-2.6521
-0.2282	-0.1204	0.2580	-2.6559
-0.2294	-0.1202	0.2590	-2.6589
-0.2308	-0.1197	0.2600	-2.6630
-0.2322	-0.1193	0.2610	-2.6670
-0.2334	-0.1190	0.2620	-2.6700
-0.2347	-0.1186	0.2630	-2.6738
-0.2361	-0.1181	0.2640	-2.6779
-0.2374	-0.1178	0.2650	-2.6809
-0.2388	-0.1173	0.2660	-2.6850
-0.2401	-0.1168	0.2670	-2.6889
-0.2413	-0.1165	0.2680	-2.6918
-0.2427	-0.1159	0.2690	-2.6960
-0.2441	-0.1154	0.2700	-2.7000
-0.2454	-0.1151	0.2710	-2.7031
-0.2467	-0.1146	0.2720	-2.7068
-0.2481	-0.1140	0.2730	-2.7109
-0.2493	-0.1136	0.2740	-2.7139
-0.2507	-0.1130	0.2750	-2.7180
-0.2520	-0.1125	0.2760	-2.7219
-0.2533	-0.1121	0.2770	-2.7248
-0.2547	-0.1115	0.2780	-2.7290
-0.2560	-0.1108	0.2790	-2.7331
-0.2573	-0.1105	0.2800	-2.7360
-0.2596	-0.1103	0.2820	-2.7399
-0.2608	-0.1099	0.2830	-2.7429
-0.2622	-0.1092	0.2840	-2.7470
-0.2635	-0.1085	0.2850	-2.7510
-0.2648	-0.1081	0.2860	-2.7541
-0.2670	-0.1078	0.2880	-2.7578
-0.2684	-0.1071	0.2890	-2.7619
-0.2697	-0.1067	0.2900	-2.7649
-0.2710	-0.1059	0.2910	-2.7690
-0.2732	-0.1058	0.2930	-2.7720
-0.2746	-0.1052	0.2940	-2.7758
-0.2759	-0.1044	0.2950	-2.7800
-0.2781	-0.1043	0.2970	-2.7829
-0.2795	-0.1035	0.2980	-2.7871
-0.2808	-0.1027	0.2990	-2.7909
-0.2830	-0.1026	0.3010	-2.7939
-0.2843	-0.1017	0.3020	-2.7980
-0.2857	-0.1009	0.3030	-2.8020
-0.2879	-0.1007	0.3050	-2.8050
-0.2892	-0.1000	0.3060	-2.8088
-0.2914	-0.0997	0.3080	-2.8119
-0.2928	-0.0989	0.3090	-2.8159
-0.2941	-0.0980	0.3100	-2.8200
-0.2963	-0.0977	0.3120	-2.8230
-0.2976	-0.0969	0.3130	-2.8268
-0.2999	-0.0963	0.3150	-2.8310
-0.3012	-0.0957	0.3160	-2.8339
-0.3035	-0.0950	0.3180	-2.8381
-0.3048	-0.0942	0.3190	-2.8418
-0.3070	-0.0939	0.3210	-2.8449
-0.3093	-0.0932	0.3230	-2.8489
-0.3105	-0.0925	0.3240	-2.8520
-0.3128	-0.0918	0.3260	-2.8560
-0.3150	-0.0914	0.3280	-2.8591
-0.3163	-0.0905	0.3290	-2.8631
-0.3186	-0.0898	0.3310	-2.8669
-0.3208	-0.0894	0.3330	-2.8699
-0.3231	-0.0886	0.3350	-2.8740
-0.3244	-0.0876	0.3360	-2.8778
-0.3266	-0.0871	0.3380	-2.8811
-0.3289	-0.0863	0.3400	-2.8849
-0.3311	-0.0858	0.3420	-2.8879
-0.3333	-0.0850	0.3440	-2.8920
-0.3356	-0.0842	0.3460	-2.8959
-0.3378	-0.0837	0.3480	-2.8986
-0.3401	-0.0828	0.3500	-2.9027
-0.3432	-0.0826	0.3530	-2.9054
-0.3455	-0.0818	0.3550	-2.9092
-0.3467	-0.0807	0.3560	-2.9130
-0.3489	-0.0801	0.3580	-2.9160
-0.3522	-0.0794	0.3610	-2.9198
-0.3543	-0.0789	0.3630	-2.9225
-0.3576	-0.0782	0.3660	-2.9264
-0.3597	-0.0775	0.3680	-2.9294
-0.3620	-0.0766	0.3700	-2.9332
-0.3651	-0.0762	0.3730	-2.9359
-0.3674	-0.0752	0.3750	-2.9398
-0.3706	-0.0744	0.3780	-2.9435
-0.3728	-0.0736	0.3800	-2.9466
-0.3760	-0.0728	0.3830	-2.9504
-0.3782	-0.0721	0.3850	-2.9531
-0.3814	-0.0712	0.3880	-2.9569
-0.3836	-0.0701	0.3900	-2.9608
-0.3868	-0.0695	0.3930	-2.9637
-0.3900	-0.0686	0.3960	-2.9676
-0.3922	-0.0677	0.3980	-2.9706
-0.3954	-0.0667	0.4010	-2.9744
-0.3985	-0.0662	0.4040	-2.9771
-0.4018	-0.0651	0.4070	-2.9809
-0.4049	-0.0644	0.4100	-2.9839
-0.4091	-0.0635	0.4140	-2.9877
-0.4113	-0.0622	0.4160	-2.9916
-0.4145	-0.0615	0.4190	-2.9943
-0.4177	-0.0604	0.4220	-2.9981
-0.4218	-0.0596	0.4260	-3.0011
-0.4260	-0.0586	0.4300	-3.0049
-0.4291	-0.0578	0.4330	-3.0077
-0.4323	-0.0566	0.4360	-3.0115
-0.4364	-0.0558	0.4400	-3.0145
-0.4396	-0.0545	0.4430	-3.0183
-0.4438	-0.0533	0.4470	-3.0221
-0.4479	-0.0525	0.4510	-3.0248
-0.4521	-0.0513	0.4550	-3.0287
-0.4562	-0.0504	0.4590	-3.0316
-0.4594	-0.0489	0.4620	-3.0355
-0.4635	-0.0481	0.4660	-3.0381
-0.4687	-0.0467	0.4710	-3.0423
-0.4728	-0.0458	0.4750	-3.0450
-0.4592	-0.0410	0.4610	-3.0526
-0.4633	-0.0399	0.4650	-3.0557
-0.4674	-0.0384	0.4690	-3.0597
-0.4735	-0.0374	0.4750	-3.0627
-0.4777	-0.0358	0.4790	-3.0668
-0.4818	-0.0347	0.4830	-3.0698
-0.4869	-0.0330	0.4880	-3.0739
-0.4910	-0.0318	0.4920	-3.0769
-0.4961	-0.0301	0.4970	-3.0810
-0.5012	-0.0289	0.5020	-3.0840
-0.5053	-0.0271	0.5060	-3.0881
-0.5114	-0.0253	0.5120	-3.0922
-0.5174	-0.0240	0.5180	-3.0952
-0.5215	-0.0221	0.5220	-3.0993
-0.5276	-0.0207	0.5280	-3.1023
-0.5337	-0.0189	0.5340	-3.1061
-0.5377	-0.0173	0.5380	-3.1094
-0.5458	-0.0153	0.5460	-3.1135
-0.5498	-0.0138	0.5500	-3.1165
-0.5559	-0.0117	0.5560	-3.1205
-0.5619	-0.0101	0.5620	-3.1236
-0.5679	-0.0080	0.5680	-3.1276
-0.5760	-0.0063	0.5760	-3.1307
-0.5820	-0.0040	0.5820	-3.1347
-0.5880	-0.0023	0.5880	-3.1378
-0.3857	-0.0507	0.3890	-3.0109
-0.3888	-0.0499	0.3920	-3.0139
-0.3910	-0.0486	0.3940	-3.0180
-0.3951	-0.0479	0.3980	-3.0210
-0.3973	-0.0465	0.4000	-3.0251
-0.4004	-0.0453	0.4030	-3.0289
-0.4036	-0.0444	0.4060	-3.0319
-0.4067	-0.0431	0.4090	-3.0360
-0.4108	-0.0423	0.4130	-3.0390
-0.4149	-0.0415	0.4170	-3.0420
-0.4171	-0.0401	0.4190	-3.0458
-0.4202	-0.0386	0.4220	-3.0499
-0.4243	-0.0377	0.4260	-3.0529
-0.3917	-0.0316	0.3930	-3.0611
-0.3948	-0.0303	0.3960	-3.0649
-0.3989	-0.0294	0.4000	-3.0680
-0.4020	-0.0281	0.4030	-3.0717
-0.4051	-0.0271	0.4060	-3.0748
-0.4082	-0.0258	0.4090	-3.0785
-0.4113	-0.0248	0.4120	-3.0813
-0.4153	-0.0234	0.4160	-3.0854
-0.4194	-0.0225	0.4200	-3.0881
-0.4235	-0.0214	0.4240	-3.0911
-0.4255	-0.0199	0.4260	-3.0949
-0.4296	-0.0183	0.4300	-3.0990
-0.4337	-0.0173	0.4340	-3.1017
-0.4367	-0.0156	0.4370	-3.1058
-0.4408	-0.0146	0.4410	-3.1085
-0.4458	-0.0129	0.4460	-3.1126
-0.4498	-0.0118	0.4500	-3.1153
-0.4539	-0.0101	0.4540	-3.1194
-0.4579	-0.0089	0.4580	-3.1222
-0.4619	-0.0071	0.4620	-3.1263
-0.4660	-0.0059	0.4660	-3.1290
-0.4710	-0.0040	0.4710	-3.1331
-0.4750	-0.0027	0.4750	-3.1358
-0.4800	-0.0008	0.4800	-3.1399
