x	y	r	phi
-0.2740	0.0007	0.2740	3.1389
-0.2740	0.0018	0.2740	3.1351
-0.2740	0.0028	0.2740	3.1312
-0.2740	0.0039	0.2740	3.1275
-0.2740	0.0049	0.2740	3.1237
-0.2739	0.0060	0.2740	3.1195
-0.2729	0.0074	0.2730	3.1147
-0.2729	0.0084	0.2730	3.1108
-0.2728	0.0095	0.2730	3.1067
-0.2728	0.0105	0.2730	3.1030
-0.2728	0.0116	0.2730	3.0991
-0.2727	0.0127	0.2730	3.0950
-0.2737	0.0136	0.2740	3.0920
-0.2736	0.0146	0.2740	3.0882
-0.2735	0.0158	0.2740	3.0841
-0.2725	0.0169	0.2730	3.0795
-0.2724	0.0181	0.2730	3.0753
-0.2723	0.0191	0.2730	3.0715
-0.2723	0.0202	0.2730	3.0675
-0.2722	0.0213	0.2730	3.0636
-0.2721	0.0224	0.2730	3.0595
-0.2720	0.0234	0.2730	3.0557
-0.2729	0.0243	0.2740	3.0527
-0.2728	0.0254	0.2740	3.0489
-0.2727	0.0265	0.2740	3.0449
-0.2726	0.0275	0.2740	3.0410
-0.2725	0.0286	0.2740	3.0372
-0.2734	0.0298	0.2750	3.0331
-0.2723	0.0307	0.2740	3.0293
-0.2711	0.0319	0.2730	3.0243
-0.2710	0.0330	0.2730	3.0203
-0.2719	0.0339	0.2740	3.0175
-0.2718	0.0350	0.2740	3.0135
-0.2716	0.0360	0.2740	3.0097
-0.2725	0.0373	0.2750	3.0055
-0.2723	0.0383	0.2750	3.0017
-0.2722	0.0394	0.2750	2.9979
-0.2710	0.0403	0.2740	2.9939
-0.2709	0.0414	0.2740	2.9900
-0.2707	0.0425	0.2740	2.9859
-0.2715	0.0437	0.2750	2.9821
-0.2713	0.0447	0.2750	2.9783
-0.2712	0.0458	0.2750	2.9742
-0.2710	0.0469	0.2750	2.9704
-0.2708	0.0479	0.2750	2.9663
-0.2706	0.0490	0.2750	2.9625
-0.2704	0.0501	0.2750	2.9584
-0.2712	0.0513	0.2760	2.9545
-0.2710	0.0524	0.2760	2.9507
-0.2708	0.0535	0.2760	2.9467
-0.2696	0.0543	0.2750	2.9428
-0.2703	0.0556	0.2760	2.9387
-0.2701	0.0566	0.2760	2.9349
-0.2699	0.0577	0.2760	2.9311
-0.2697	0.0588	0.2760	2.9270
-0.2694	0.0598	0.2760	2.9232
-0.2702	0.0608	0.2770	2.9202
-0.2700	0.0619	0.2770	2.9164
-0.2697	0.0630	0.2770	2.9123
-0.2695	0.0640	0.2770	2.9084
-0.2692	0.0651	0.2770	2.9044
-0.2700	0.0664	0.2780	2.9006
-0.2697	0.0674	0.2780	2.8967
-0.2694	0.0685	0.2780	2.8927
-0.2692	0.0695	0.2780	2.8889
-0.2689	0.0706	0.2780	2.8847
-0.2686	0.0717	0.2780	2.8809
-0.2693	0.0729	0.2790	2.8771
-0.2690	0.0740	0.2790	2.8731
-0.2687	0.0751	0.2790	2.8692
-0.2684	0.0762	0.2790	2.8651
-0.2692	0.0772	0.2800	2.8624
-0.2688	0.0783	0.2800	2.8583
-0.2685	0.0793	0.2800	2.8545
-0.2692	0.0807	0.2810	2.8504
-0.2689	0.0817	0.2810	2.8466
-0.2685	0.0827	0.2810	2.8428
-0.2682	0.0838	0.2810	2.8386
-0.2679	0.0849	0.2810	2.8348
-0.2685	0.0862	0.2820	2.8308
-0.2682	0.0873	0.2820	2.8269
-0.2688	0.0884	0.2830	2.8240
-0.2675	0.0894	0.2820	2.8191
-0.2671	0.0904	0.2820	2.8152
-0.2678	0.0915	0.2830	2.8122
-0.2674	0.0926	0.2830	2.8081
-0.2680	0.0940	0.2840	2.8043
-0.2676	0.0950	0.2840	2.8005
-0.2672	0.0961	0.2840	2.7964
-0.2669	0.0971	0.2840	2.7926
-0.2674	0.0986	0.2850	2.7885
-0.2670	0.0996	0.2850	2.7847
-0.2667	0.1006	0.2850	2.7808
-0.2662	0.1017	0.2850	2.7768
-0.2659	0.1027	0.2850	2.7730
-0.2665	0.1039	0.2860	2.7700
-0.2661	0.1049	0.2860	2.7662
-0.2666	0.1063	0.2870	2.7620
-0.2662	0.1074	0.2870	2.7582
-0.2657	0.1084	0.2870	2.7542
-0.2662	0.1098	0.2880	2.7503
-0.2658	0.1109	0.2880	2.7462
-0.2663	0.1123	0.2890	2.7424
-0.2658	0.1134	0.2890	2.7383
-0.2654	0.1144	0.2890	2.7345
-0.2649	0.1155	0.2890	2.7304
-0.2655	0.1167	0.2900	2.7274
-0.2650	0.1177	0.2900	2.7236
-0.2645	0.1188	0.2900	2.7195
-0.2650	0.1203	0.2910	2.7154
-0.2645	0.1213	0.2910	2.7116
-0.2649	0.1228	0.2920	2.7075
-0.2644	0.1238	0.2920	2.7036
-0.2650	0.1250	0.2930	2.7007
-0.2645	0.1261	0.2930	2.6965
-0.2640	0.1271	0.2930	2.6928
-0.2644	0.1286	0.2940	2.6887
-0.2648	0.1301	0.2950	2.6848
-0.2642	0.1312	0.2950	2.6807
-0.2646	0.1326	0.2960	2.6770
-0.2641	0.1337	0.2960	2.6729
-0.2636	0.1347	0.2960	2.6690
-0.2640	0.1360	0.2970	2.6661
-0.2635	0.1371	0.2970	2.6619
-0.2638	0.1385	0.2980	2.6581
-0.2633	0.1396	0.2980	2.6541
-0.2636	0.1411	0.2990	2.6502
-0.2630	0.1422	0.2990	2.6461
-0.2635	0.1434	0.3000	2.6431
-0.2629	0.1444	0.3000	2.6393
-0.2632	0.1460	0.3010	2.6352
-0.2627	0.1470	0.3010	2.6314
-0.2629	0.1486	0.3020	2.6273
-0.2624	0.1496	0.3020	2.6235
-0.2626	0.1511	0.3030	2.6194
-0.2620	0.1522	0.3030	2.6153
-0.2624	0.1534	0.3040	2.6126
-0.2627	0.1550	0.3050	2.6085
-0.2620	0.1561	0.3050	2.6044
-0.2623	0.1576	0.3060	2.6006
-0.2616	0.1587	0.3060	2.5965
-0.2619	0.1602	0.3070	2.5927
-0.2612	0.1612	0.3070	2.5886
-0.2616	0.1626	0.3080	2.5856
-0.2618	0.1641	0.3090	2.5818
-0.2612	0.1652	0.3090	2.5777
-0.2614	0.1667	0.3100	2.5738
-0.2615	0.1683	0.3110	2.5698
-0.2609	0.1693	0.3110	2.5660
-0.2612	0.1706	0.3120	2.5630
-0.2605	0.1717	0.3120	2.5589
-0.2607	0.1732	0.3130	2.5550
-0.2608	0.1749	0.3140	2.5509
-0.2610	0.1764	0.3150	2.5472
-0.2602	0.1775	0.3150	2.5431
-0.2605	0.1788	0.3160	2.5401
-0.2598	0.1798	0.3160	2.5362
-0.2599	0.1815	0.3170	2.5321
-0.2600	0.1830	0.3180	2.5283
-0.2601	0.1847	0.3190	2.5243
-0.2594	0.1857	0.3190	2.5204
-0.2597	0.1870	0.3200	2.5175
-0.2597	0.1887	0.3210	2.5133
-0.2590	0.1897	0.3210	2.5095
-0.2590	0.1913	0.3220	2.5054
-0.2590	0.1930	0.3230	2.5013
-0.2593	0.1943	0.3240	2.4986
-0.2593	0.1959	0.3250	2.4945
-0.2585	0.1970	0.3250	2.4904
-0.2585	0.1986	0.3260	2.4866
-0.2585	0.2003	0.3270	2.4825
-0.2587	0.2016	0.3280	2.4795
-0.2587	0.2033	0.3290	2.4757
-0.2579	0.2043	0.3290	2.4716
-0.2579	0.2059	0.3300	2.4678
-0.2578	0.2076	0.3310	2.4637
-0.2578	0.2092	0.3320	2.4598
-0.2569	0.2102	0.3320	2.4558
-0.2571	0.2117	0.3330	2.4527
-0.2570	0.2133	0.3340	2.4490
-0.2569	0.2150	0.3350	2.4449
-0.2569	0.2166	0.3360	2.4410
-0.2570	0.2180	0.3370	2.4381
-0.2568	0.2197	0.3380	2.4339
-0.2568	0.2214	0.3390	2.4301
-0.2566	0.2230	0.3400	2.4261
-0.2565	0.2247	0.3410	2.4223
-0.2556	0.2257	0.3410	2.4181
-0.2564	0.2278	0.3430	2.4152
-0.2555	0.2288	0.3430	2.4113
-0.2553	0.2305	0.3440	2.4072
-0.2552	0.2322	0.3450	2.4035
-0.2550	0.2339	0.3460	2.3993
-0.2550	0.2353	0.3470	2.3964
-0.2549	0.2370	0.3480	2.3925
-0.2546	0.2387	0.3490	2.3884
-0.2544	0.2404	0.3500	2.3846
-0.2551	0.2425	0.3520	2.3816
-0.2549	0.2442	0.3530	2.3778
-0.2547	0.2458	0.3540	2.3739
-0.2538	0.2468	0.3540	2.3702
-0.2536	0.2485	0.3550	2.3664
-0.2542	0.2506	0.3570	2.3633
-0.2540	0.2523	0.3580	2.3595
-0.2537	0.2540	0.3590	2.3554
-0.2534	0.2557	0.3600	2.3516
-0.2531	0.2574	0.3610	2.3478
-0.2530	0.2589	0.3620	2.3448
-0.2527	0.2606	0.3630	2.3410
-0.2524	0.2623	0.3640	2.3371
-0.2528	0.2646	0.3660	2.3334
-0.2524	0.2664	0.3670	2.3293
-0.2524	0.2678	0.3680	2.3265
-0.2520	0.2696	0.3690	2.3224
-0.2516	0.2713	0.3700	2.3186
-0.2519	0.2737	0.3720	2.3148
-0.2518	0.2752	0.3730	2.3118
-0.2514	0.2769	0.3740	2.3080
-0.2510	0.2786	0.3750	2.3041
-0.2513	0.2811	0.3770	2.3003
-0.2508	0.2828	0.3780	2.2963
-0.2507	0.2843	0.3790	2.2935
-0.2508	0.2868	0.3810	2.2895
-0.2504	0.2885	0.3820	2.2856
-0.2506	0.2910	0.3840	2.2818
-0.2504	0.2925	0.3850	2.2788
-0.2499	0.2942	0.3860	2.2750
-0.2494	0.2959	0.3870	2.2712
-0.2496	0.2984	0.3890	2.2673
-0.2490	0.3002	0.3900	2.2633
-0.2494	0.3024	0.3920	2.2605
-0.2488	0.3042	0.3930	2.2564
-0.2489	0.3067	0.3950	2.2527
-0.2484	0.3084	0.3960	2.2488
-0.2481	0.3100	0.3970	2.2457
-0.2482	0.3124	0.3990	2.2420
-0.2482	0.3150	0.4010	2.2382
-0.2476	0.3167	0.4020	2.2343
-0.2479	0.3190	0.4040	2.2314
-0.2473	0.3208	0.4050	2.2275
-0.2472	0.3234	0.4070	2.2234
-0.2465	0.3251	0.4080	2.2196
-0.2468	0.3274	0.4100	2.2169
-0.2467	0.3300	0.4120	2.2128
-0.2466	0.3325	0.4140	2.2089
-0.2460	0.3343	0.4150	2.2052
-0.2461	0.3366	0.4170	2.2021
-0.2460	0.3392	0.4190	2.1984
-0.2453	0.3409	0.4200	2.1946
-0.2452	0.3435	0.4220	2.1907
-0.2453	0.3458	0.4240	2.1877
-0.2451	0.3484	0.4260	2.1839
-0.2448	0.3511	0.4280	2.1798
-0.2441	0.3528	0.4290	2.1760
-0.2438	0.3554	0.4310	2.1721
-0.2445	0.3586	0.4340	2.1691
-0.2442	0.3612	0.4360	2.1653
-0.2434	0.3629	0.4370	2.1616
-0.2431	0.3655	0.4390	2.1577
-0.2431	0.3679	0.4410	2.1547
-0.2428	0.3705	0.4430	2.1509
-0.2424	0.3732	0.4450	2.1468
-0.2420	0.3758	0.4470	2.1430
-0.2426	0.3790	0.4500	2.1403
-0.2421	0.3817	0.4520	2.1362
-0.2417	0.3843	0.4540	2.1323
-0.2417	0.3867	0.4560	2.1294
-0.2418	0.3902	0.4590	2.1255
-0.2413	0.3928	0.4610	2.1217
-0.2408	0.3954	0.4630	2.1179
-0.2412	0.3987	0.4660	2.1149
-0.2407	0.4013	0.4680	2.1110
-0.2407	0.4048	0.4710	2.1073
-0.2405	0.4073	0.4730	2.1042
-0.2405	0.4108	0.4760	2.1004
-0.2398	0.4135	0.4780	2.0964
-0.2397	0.4170	0.4810	2.0925
-0.2396	0.4194	0.4830	2.0898
-0.2393	0.4230	0.4860	2.0857
-0.2387	0.4256	0.4880	2.0819
-0.2385	0.4292	0.4910	2.0781
-0.2387	0.4325	0.4940	2.0751
-0.2385	0.4360	0.4970	2.0713
-0.2382	0.4396	0.5000	2.0674
-0.2379	0.4421	0.5020	2.0645
-0.2376	0.4456	0.5050	2.0606
-0.2373	0.4492	0.5080	2.0568
-0.2369	0.4528	0.5110	2.0528
-0.2370	0.4561	0.5140	2.0500
-0.2370	0.4606	0.5180	2.0459
-0.2361	0.4633	0.5200	2.0421
-0.2352	0.4660	0.5220	2.0383
-0.2356	0.4703	0.5260	2.0353
-0.2356	0.4747	0.5300	2.0315
-0.2347	0.4774	0.5320	2.0276
-0.2350	0.4817	0.5360	2.0247
-0.2349	0.4862	0.5400	2.0208
-0.2346	0.4908	0.5440	2.0167
-0.2336	0.4935	0.5460	2.0129
-0.2338	0.4978	0.5500	2.0099
-0.2336	0.5023	0.5540	2.0061
-0.2333	0.5069	0.5580	2.0022
-0.2335	0.5112	0.5620	1.9993
-0.2332	0.5157	0.5660	1.9954
-0.2327	0.5203	0.5700	1.9914
-0.2329	0.5246	0.5740	1.9886
-0.2324	0.5292	0.5780	1.9846
-0.2320	0.5338	0.5820	1.9808
-0.2319	0.5382	0.5860	1.9777
-0.2315	0.5427	0.5900	1.9739
-0.2309	0.5473	0.5940	1.9701
-0.2304	0.5518	0.5980	1.9663
-0.2303	0.5562	0.6020	1.9633
-0.2296	0.5608	0.6060	1.9595
-0.2288	0.5655	0.6100	1.9553
-0.2237	0.5718	0.6140	1.9436
-0.2185	0.5909	0.6300	1.9251
-0.2150	0.5879	0.6260	1.9213
-0.2120	0.5869	0.6240	1.9175
-0.2091	0.5858	0.6220	1.9136
-0.2067	0.5867	0.6220	1.9095
-0.2038	0.5856	0.6200	1.9057
-0.2016	0.5863	0.6200	1.9019
-0.1985	0.5852	0.6180	1.8978
-0.1963	0.5860	0.6180	1.8940
-0.1940	0.5868	0.6180	1.8902
-0.1912	0.5856	0.6160	1.8864
-0.1888	0.5864	0.6160	1.8823
-0.1853	0.5854	0.6140	1.8774
-0.1831	0.5861	0.6140	1.8736
-0.1802	0.5849	0.6120	1.8697
-0.1780	0.5855	0.6120	1.8659
-0.1756	0.5863	0.6120	1.8619
-0.1734	0.5869	0.6120	1.8580
-0.1706	0.5857	0.6100	1.8542
-0.1682	0.5864	0.6100	1.8501
-0.1654	0.5851	0.6080	1.8462
-0.1632	0.5857	0.6080	1.8425
-0.1609	0.5863	0.6080	1.8387
-0.1580	0.5850	0.6060	1.8345
-0.1557	0.5856	0.6060	1.8307
-0.1535	0.5862	0.6060	1.8269
-0.1506	0.5849	0.6040	1.8228
-0.1484	0.5855	0.6040	1.8190
-0.1457	0.5841	0.6020	1.8152
-0.1432	0.5847	0.6020	1.8111
-0.1411	0.5852	0.6020	1.8073
-0.1388	0.5858	0.6020	1.8035
-0.1361	0.5844	0.6000	1.7996
-0.1328	0.5831	0.5980	1.7948
-0.1304	0.5836	0.5980	1.7906
-0.1282	0.5841	0.5980	1.7868
-0.1259	0.5846	0.5980	1.7830
-0.1237	0.5851	0.5980	1.7792
-0.1209	0.5836	0.5960	1.7751
-0.1187	0.5841	0.5960	1.7713
-0.1161	0.5826	0.5940	1.7674
-0.1137	0.5830	0.5940	1.7634
-0.1115	0.5834	0.5940	1.7596
-0.1092	0.5839	0.5940	1.7557
-0.1066	0.5823	0.5920	1.7519
-0.1043	0.5827	0.5920	1.7479
-0.1020	0.5831	0.5920	1.7440
-0.0995	0.5816	0.5900	1.7402
-0.0971	0.5820	0.5900	1.7361
-0.0948	0.5823	0.5900	1.7322
-0.0927	0.5827	0.5900	1.7285
-0.0903	0.5831	0.5900	1.7244
-0.0877	0.5814	0.5880	1.7206
-0.0855	0.5818	0.5880	1.7167
-0.0833	0.5821	0.5880	1.7129
-0.0809	0.5824	0.5880	1.7089
-0.0784	0.5807	0.5860	1.7050
-0.0762	0.5810	0.5860	1.7012
-0.0738	0.5813	0.5860	1.6971
-0.0709	0.5797	0.5840	1.6925
-0.0685	0.5800	0.5840	1.6883
-0.0672	0.5821	0.5860	1.6857
-0.0641	0.5805	0.5840	1.6808
-0.0617	0.5807	0.5840	1.6766
-0.0595	0.5810	0.5840	1.6728
-0.0570	0.5792	0.5820	1.6690
-0.0547	0.5794	0.5820	1.6649
-0.0525	0.5796	0.5820	1.6611
-0.0503	0.5798	0.5820	1.6573
-0.0480	0.5800	0.5820	1.6534
-0.0456	0.5782	0.5800	1.6494
-0.0433	0.5784	0.5800	1.6456
-0.0411	0.5785	0.5800	1.6417
-0.0387	0.5787	0.5800	1.6376
-0.0366	0.5788	0.5800	1.6339
-0.0343	0.5790	0.5800	1.6300
-0.0320	0.5791	0.5800	1.6259
-0.0297	0.5792	0.5800	1.6221
-0.0275	0.5793	0.5800	1.6183
-0.0251	0.5775	0.5780	1.6142
-0.0229	0.5775	0.5780	1.6104
-0.0207	0.5776	0.5780	1.6066
-0.0183	0.5777	0.5780	1.6024
-0.0161	0.5778	0.5780	1.5987
-0.0139	0.5778	0.5780	1.5949
-0.0117	0.5779	0.5780	1.5910
-0.0093	0.5759	0.5760	1.5869
-0.0071	0.5760	0.5760	1.5831
-0.0049	0.5760	0.5760	1.5793
-0.0025	0.5760	0.5760	1.5752
-0.0003	0.5780	0.5780	1.5714
0.0019	0.5760	0.5760	1.5675
0.0042	0.5760	0.5760	1.5635
0.0064	0.5760	0.5760	1.5597
0.0086	0.5759	0.5760	1.5558
0.0110	0.5759	0.5760	1.5517
0.0131	0.5759	0.5760	1.5480
0.0154	0.5758	0.5760	1.5441
0.0177	0.5757	0.5760	1.5400
0.0199	0.5757	0.5760	1.5362
0.0221	0.5756	0.5760	1.5324
0.0243	0.5755	0.5760	1.5286
0.0267	0.5754	0.5760	1.5245
0.0289	0.5753	0.5760	1.5207
0.0311	0.5752	0.5760	1.5168
0.0334	0.5750	0.5760	1.5128
0.0356	0.5749	0.5760	1.5090
0.0378	0.5748	0.5760	1.5051
0.0402	0.5746	0.5760	1.5010
0.0422	0.5724	0.5740	1.4972
0.0445	0.5743	0.5760	1.4934
0.0471	0.5761	0.5780	1.4893
0.0491	0.5739	0.5760	1.4855
0.0513	0.5737	0.5760	1.4816
0.0536	0.5735	0.5760	1.4776
0.0558	0.5733	0.5760	1.4738
0.0580	0.5731	0.5760	1.4699
0.0602	0.5728	0.5760	1.4661
0.0625	0.5726	0.5760	1.4621
0.0647	0.5724	0.5760	1.4582
0.0669	0.5721	0.5760	1.4544
0.0692	0.5718	0.5760	1.4503
0.0717	0.5735	0.5780	1.4464
0.0738	0.5733	0.5780	1.4427
0.0762	0.5730	0.5780	1.4386
0.0784	0.5727	0.5780	1.4348
0.0806	0.5724	0.5780	1.4309
0.0829	0.5720	0.5780	1.4269
0.0851	0.5717	0.5780	1.4231
0.0873	0.5714	0.5780	1.4192
0.0896	0.5710	0.5780	1.4151
0.0918	0.5707	0.5780	1.4113
0.0943	0.5723	0.5800	1.4075
0.0961	0.5699	0.5780	1.4037
0.0985	0.5695	0.5780	1.3996
0.1010	0.5711	0.5800	1.3957
0.1035	0.5727	0.5820	1.3920
0.1055	0.5703	0.5800	1.3879
0.1077	0.5699	0.5800	1.3840
0.1103	0.5715	0.5820	1.3802
0.1126	0.5710	0.5820	1.3762
0.1147	0.5706	0.5820	1.3723
0.1169	0.5701	0.5820	1.3685
0.1193	0.5696	0.5820	1.3644
0.1219	0.5711	0.5840	1.3605
0.1240	0.5727	0.5860	1.3576
0.1262	0.5722	0.5860	1.3537
0.1286	0.5697	0.5840	1.3488
0.1307	0.5692	0.5840	1.3450
0.1329	0.5707	0.5860	1.3420
0.1355	0.5722	0.5880	1.3382
0.1374	0.5697	0.5860	1.3342
0.1396	0.5691	0.5860	1.3303
0.1422	0.5705	0.5880	1.3265
0.1444	0.5700	0.5880	1.3227
0.1468	0.5694	0.5880	1.3186
0.1494	0.5708	0.5900	1.3148
0.1521	0.5721	0.5920	1.3110
0.1539	0.5696	0.5900	1.3069
0.1556	0.5670	0.5880	1.3030
0.1583	0.5684	0.5900	1.2992
0.1606	0.5677	0.5900	1.2952
0.1629	0.5671	0.5900	1.2910
0.1656	0.5684	0.5920	1.2872
0.1668	0.5638	0.5880	1.2832
0.1685	0.5612	0.5860	1.2791
0.1719	0.5644	0.5900	1.2752
0.1748	0.5656	0.5920	1.2711
0.1769	0.5650	0.5920	1.2674
0.1798	0.5661	0.5940	1.2632
0.1822	0.5654	0.5940	1.2591
0.1843	0.5647	0.5940	1.2553
0.1872	0.5658	0.5960	1.2512
0.1896	0.5651	0.5960	1.2471
0.1924	0.5662	0.5980	1.2433
0.1946	0.5654	0.5980	1.2393
0.1970	0.5667	0.6000	1.2362
0.1993	0.5659	0.6000	1.2322
0.2015	0.5652	0.6000	1.2283
0.2038	0.5643	0.6000	1.2242
0.2067	0.5654	0.6020	1.2204
0.2089	0.5646	0.6020	1.2164
0.2120	0.5656	0.6040	1.2122
0.2141	0.5648	0.6040	1.2084
0.2164	0.5639	0.6040	1.2044
0.2195	0.5649	0.6060	1.2002
0.2223	0.5659	0.6080	1.1964
0.2247	0.5650	0.6080	1.1923
0.2270	0.5641	0.6080	1.1883
0.2291	0.5632	0.6080	1.1844
0.2322	0.5641	0.6100	1.1803
0.2336	0.5613	0.6080	1.1765
0.2366	0.5622	0.6100	1.1724
0.2397	0.5631	0.6120	1.1683
0.2419	0.5622	0.6120	1.1645
0.2449	0.5630	0.6140	1.1605
0.2473	0.5620	0.6140	1.1563
0.2494	0.5611	0.6140	1.1525
0.2519	0.5621	0.6160	1.1495
0.2542	0.5611	0.6160	1.1454
0.2565	0.5600	0.6160	1.1413
0.2595	0.5609	0.6180	1.1375
0.2626	0.5616	0.6200	1.1334
0.2648	0.5606	0.6200	1.1296
0.2670	0.5596	0.6200	1.1256
0.2702	0.5603	0.6220	1.1214
0.2732	0.5610	0.6240	1.1176
0.2755	0.5599	0.6240	1.1135
0.2778	0.5588	0.6240	1.1095
0.2808	0.5595	0.6260	1.1056
0.2831	0.5583	0.6260	1.1015
0.2863	0.5590	0.6280	1.0975
0.2893	0.5596	0.6300	1.0936
0.2916	0.5584	0.6300	1.0895
0.2938	0.5573	0.6300	1.0857
0.2965	0.5581	0.6320	1.0824
0.2996	0.5587	0.6340	1.0786
0.3019	0.5575	0.6340	1.0746
0.3050	0.5581	0.6360	1.0707
0.3073	0.5569	0.6360	1.0666
0.3105	0.5573	0.6380	1.0625
0.3126	0.5562	0.6380	1.0587
0.3159	0.5566	0.6400	1.0546
0.3192	0.5570	0.6420	1.0505
0.3213	0.5558	0.6420	1.0467
0.3245	0.5562	0.6440	1.0426
0.3279	0.5566	0.6460	1.0385
0.3300	0.5554	0.6460	1.0347
0.3327	0.5561	0.6480	1.0317
0.3349	0.5547	0.6480	1.0276
0.3381	0.5552	0.6500	1.0238
0.3414	0.5555	0.6520	1.0197
0.3437	0.5541	0.6520	1.0156
0.3469	0.5544	0.6540	1.0118
0.3512	0.5564	0.6580	1.0077
0.3524	0.5533	0.6560	1.0036
0.3535	0.5502	0.6540	0.9998
0.3579	0.5522	0.6580	0.9957
0.3612	0.5524	0.6600	0.9916
0.3645	0.5526	0.6620	0.9878
0.3678	0.5528	0.6640	0.9837
0.3699	0.5514	0.6640	0.9799
0.3727	0.5519	0.6660	0.9769
0.3761	0.5521	0.6680	0.9728
0.3795	0.5522	0.6700	0.9687
0.3816	0.5507	0.6700	0.9649
0.3861	0.5524	0.6740	0.9608
0.3884	0.5509	0.6740	0.9567
0.3905	0.5494	0.6740	0.9529
0.3939	0.5494	0.6760	0.9488
0.3973	0.5494	0.6780	0.9447
0.4006	0.5495	0.6800	0.9409
0.4040	0.5495	0.6820	0.9368
0.4068	0.5499	0.6840	0.9338
0.4091	0.5482	0.6840	0.9297
0.4124	0.5482	0.6860	0.9259
0.4158	0.5481	0.6880	0.9218
0.4191	0.5481	0.6900	0.9180
0.4224	0.5481	0.6920	0.9142
0.4270	0.5496	0.6960	0.9103
0.4291	0.5480	0.6960	0.9065
0.4324	0.5480	0.6980	0.9027
0.4357	0.5479	0.7000	0.8989
0.4378	0.5462	0.7000	0.8951
0.4412	0.5461	0.7020	0.8912
0.4439	0.5464	0.7040	0.8886
0.4473	0.5463	0.7060	0.8847
0.4508	0.5460	0.7080	0.8806
0.4541	0.5458	0.7100	0.8768
0.4588	0.5471	0.7140	0.8730
0.4621	0.5469	0.7160	0.8692
0.4655	0.5466	0.7180	0.8654
0.4689	0.5464	0.7200	0.8615
0.4723	0.5461	0.7220	0.8577
0.4751	0.5463	0.7240	0.8550
0.4772	0.5445	0.7240	0.8512
0.4819	0.5456	0.7280	0.8473
0.4853	0.5453	0.7300	0.8435
0.4887	0.5450	0.7320	0.8398
0.4921	0.5446	0.7340	0.8359
0.4956	0.5442	0.7360	0.8321
0.4990	0.5437	0.7380	0.8283
0.5038	0.5447	0.7420	0.8244
0.5073	0.5443	0.7440	0.8206
0.5102	0.5442	0.7460	0.8176
0.5151	0.5452	0.7500	0.8138
0.5185	0.5446	0.7520	0.8099
0.5233	0.5456	0.7560	0.8062
0.5268	0.5450	0.7580	0.8024
0.5303	0.5444	0.7600	0.7985
0.5338	0.5438	0.7620	0.7947
0.5373	0.5432	0.7640	0.7909
0.5407	0.5426	0.7660	0.7871
0.5450	0.5439	0.7700	0.7843
0.5500	0.5446	0.7740	0.7805
0.5521	0.5425	0.7740	0.7767
0.5569	0.5432	0.7780	0.7729
0.5619	0.5439	0.7820	0.7691
0.5654	0.5431	0.7840	0.7653
0.5689	0.5423	0.7860	0.7614
0.5725	0.5415	0.7880	0.7576
0.5774	0.5421	0.7920	0.7539
0.5820	0.5430	0.7960	0.7508
0.5855	0.5422	0.7980	0.7470
0.5890	0.5413	0.8000	0.7432
0.5926	0.5404	0.8020	0.7394
0.5976	0.5408	0.8060	0.7355
0.6027	0.5412	0.8100	0.7317
0.6062	0.5402	0.8120	0.7279
0.6098	0.5392	0.8140	0.7240
0.6148	0.5396	0.8180	0.7203
0.6180	0.5390	0.8200	0.7172
0.6230	0.5393	0.8240	0.7135
0.6281	0.5395	0.8280	0.7097
0.6332	0.5397	0.8320	0.7058
0.6368	0.5385	0.8340	0.7020
0.6404	0.5374	0.8360	0.6982
0.6455	0.5375	0.8400	0.6943
0.6522	0.5389	0.8460	0.6906
0.6567	0.5396	0.8500	0.6878
0.6588	0.5371	0.8500	0.6840
0.6655	0.5384	0.8560	0.6802
0.6707	0.5383	0.8600	0.6764
0.6743	0.5370	0.8620	0.6726
0.6795	0.5369	0.8660	0.6687
0.6863	0.5380	0.8720	0.6649
0.6899	0.5366	0.8740	0.6610
0.6919	0.5340	0.8740	0.6573
0.6983	0.5355	0.8800	0.6542
0.7051	0.5365	0.8860	0.6504
0.7119	0.5375	0.8920	0.6467
0.7172	0.5371	0.8960	0.6428
0.7208	0.5356	0.8980	0.6390
0.7245	0.5340	0.9000	0.6352
0.7297	0.5336	0.9040	0.6313
0.7376	0.5363	0.9120	0.6286
0.7413	0.5346	0.9140	0.6248
0.7434	0.5318	0.9140	0.6210
0.7519	0.5336	0.9220	0.6171
0.7572	0.5331	0.9260	0.6134
0.7625	0.5324	0.9300	0.6096
0.7695	0.5329	0.9360	0.6057
0.7765	0.5334	0.9420	0.6019
0.7801	0.5315	0.9440	0.5981
0.7821	0.5286	0.9440	0.5943
0.7871	0.5284	0.9480	0.5913
0.7957	0.5298	0.9560	0.5874
0.8011	0.5291	0.9600	0.5837
0.8081	0.5293	0.9660	0.5798
0.8135	0.5283	0.9700	0.5760
0.8205	0.5285	0.9760	0.5722
0.8259	0.5275	0.9800	0.5683
0.8324	0.5285	0.9860	0.5657
0.8397	0.5282	0.9920	0.5615
0.8451	0.5271	0.9960	0.5577
0.4137	-0.1694	0.4470	-0.3886
0.4093	-0.1695	0.4430	-0.3927
0.4020	-0.1687	0.4360	-0.3973
0.3957	-0.1683	0.4300	-0.4022
0.3895	-0.1675	0.4240	-0.4060
0.3841	-0.1674	0.4190	-0.4109
0.3778	-0.1668	0.4130	-0.4158
0.3715	-0.1662	0.4070	-0.4207
0.3661	-0.1660	0.4020	-0.4257
0.3599	-0.1652	0.3960	-0.4303
0.3547	-0.1646	0.3910	-0.4344
0.3494	-0.1641	0.3860	-0.4390
0.3441	-0.1636	0.3810	-0.4439
0.3388	-0.1631	0.3760	-0.4488
0.3335	-0.1626	0.3710	-0.4538
0.3291	-0.1625	0.3670	-0.4587
0.3249	-0.1620	0.3630	-0.4625
0.3205	-0.1617	0.3590	-0.4674
0.3153	-0.1609	0.3540	-0.4720
0.3118	-0.1611	0.3510	-0.4769
0.3077	-0.1605	0.3470	-0.4807
0.3033	-0.1601	0.3430	-0.4856
0.2990	-0.1597	0.3390	-0.4906
0.2956	-0.1598	0.3360	-0.4955
0.2913	-0.1593	0.3320	-0.5004
0.2872	-0.1585	0.3280	-0.5042
0.2838	-0.1584	0.3250	-0.5091
0.2804	-0.1582	0.3220	-0.5137
0.2770	-0.1581	0.3190	-0.5187
0.2739	-0.1577	0.3160	-0.5224
0.2705	-0.1575	0.3130	-0.5274
0.2671	-0.1573	0.3100	-0.5323
0.2638	-0.1571	0.3070	-0.5372
0.2606	-0.1566	0.3040	-0.5410
0.2573	-0.1563	0.3010	-0.5459
0.2548	-0.1565	0.2990	-0.5508
0.2515	-0.1561	0.2960	-0.5555
0.2492	-0.1560	0.2940	-0.5595
0.2459	-0.1557	0.2910	-0.5645
0.2434	-0.1557	0.2890	-0.5691
0.2403	-0.1551	0.2860	-0.5732
0.2379	-0.1551	0.2840	-0.5778
0.2346	-0.1546	0.2810	-0.5827
0.2322	-0.1547	0.2790	-0.5876
0.2299	-0.1544	0.2770	-0.5914
0.2275	-0.1544	0.2750	-0.5963
0.2251	-0.1544	0.2730	-0.6013
0.2229	-0.1541	0.2710	-0.6051
0.2205	-0.1541	0.2690	-0.6100
0.2173	-0.1535	0.2660	-0.6149
0.2159	-0.1537	0.2650	-0.6188
0.2135	-0.1536	0.2630	-0.6237
0.2112	-0.1534	0.2610	-0.6283
0.2089	-0.1531	0.2590	-0.6324
0.2066	-0.1529	0.2570	-0.6370
0.2042	-0.1527	0.2550	-0.6419
0.2028	-0.1529	0.2540	-0.6460
0.2005	-0.1527	0.2520	-0.6509
0.1981	-0.1524	0.2500	-0.6558
0.1958	-0.1521	0.2480	-0.6605
0.1944	-0.1523	0.2470	-0.6645
0.1921	-0.1520	0.2450	-0.6695
0.1908	-0.1521	0.2440	-0.6732
0.1884	-0.1518	0.2420	-0.6782
0.1869	-0.1521	0.2410	-0.6831
0.1848	-0.1516	0.2390	-0.6869
0.1833	-0.1518	0.2380	-0.6918
0.1819	-0.1519	0.2370	-0.6957
0.1797	-0.1515	0.2350	-0.7005
0.1782	-0.1517	0.2340	-0.7054
0.1760	-0.1511	0.2320	-0.7093
0.1746	-0.1513	0.2310	-0.7142
0.1732	-0.1514	0.2300	-0.7183
0.1709	-0.1509	0.2280	-0.7232
0.1694	-0.1511	0.2270	-0.7281
0.1681	-0.1510	0.2260	-0.7319
0.1666	-0.1512	0.2250	-0.7368
0.1644	-0.1506	0.2230	-0.7417
0.1631	-0.1506	0.2220	-0.7455
0.1616	-0.1507	0.2210	-0.7504
0.1603	-0.1506	0.2200	-0.7542
0.1589	-0.1507	0.2190	-0.7591
0.1567	-0.1501	0.2170	-0.7641
0.1554	-0.1500	0.2160	-0.7679
0.1539	-0.1501	0.2150	-0.7728
0.1533	-0.1507	0.2150	-0.7769
0.1520	-0.1506	0.2140	-0.7807
0.1499	-0.1499	0.2120	-0.7856
0.1484	-0.1500	0.2110	-0.7906
0.1470	-0.1500	0.2100	-0.7955
0.1457	-0.1498	0.2090	-0.7993
0.1443	-0.1498	0.2080	-0.8042
0.1430	-0.1496	0.2070	-0.8080
0.1416	-0.1496	0.2060	-0.8129
0.1410	-0.1502	0.2060	-0.8167
0.1397	-0.1500	0.2050	-0.8208
0.1383	-0.1499	0.2040	-0.8257
0.1362	-0.1492	0.2020	-0.8307
0.1349	-0.1490	0.2010	-0.8353
0.1343	-0.1496	0.2010	-0.8394
0.1330	-0.1494	0.2000	-0.8432
0.1316	-0.1493	0.1990	-0.8481
0.1302	-0.1491	0.1980	-0.8530
0.1290	-0.1489	0.1970	-0.8568
0.1276	-0.1488	0.1960	-0.8617
0.1271	-0.1492	0.1960	-0.8655
0.1257	-0.1491	0.1950	-0.8704
0.1244	-0.1488	0.1940	-0.8746
0.1231	-0.1487	0.1930	-0.8795
0.1217	-0.1485	0.1920	-0.8843
0.1211	-0.1490	0.1920	-0.8882
0.1199	-0.1487	0.1910	-0.8920
0.1186	-0.1485	0.1900	-0.8969
0.1172	-0.1483	0.1890	-0.9018
0.1166	-0.1487	0.1890	-0.9056
0.1154	-0.1484	0.1880	-0.9097
0.1141	-0.1482	0.1870	-0.9146
0.1135	-0.1486	0.1870	-0.9185
0.1122	-0.1484	0.1860	-0.9234
0.1110	-0.1480	0.1850	-0.9272
0.1097	-0.1477	0.1840	-0.9321
0.1091	-0.1481	0.1840	-0.9359
0.1078	-0.1479	0.1830	-0.9408
0.1065	-0.1476	0.1820	-0.9457
0.1059	-0.1480	0.1820	-0.9498
0.1047	-0.1476	0.1810	-0.9537
0.1042	-0.1480	0.1810	-0.9574
0.1029	-0.1477	0.1800	-0.9624
0.1016	-0.1474	0.1790	-0.9673
0.1010	-0.1478	0.1790	-0.9711
0.0997	-0.1474	0.1780	-0.9760
0.0986	-0.1470	0.1770	-0.9800
0.0973	-0.1466	0.1760	-0.9847
0.0968	-0.1470	0.1760	-0.9887
0.0955	-0.1467	0.1750	-0.9937
0.0949	-0.1470	0.1750	-0.9975
0.0937	-0.1466	0.1740	-1.0025
0.0931	-0.1470	0.1740	-1.0063
0.0918	-0.1466	0.1730	-1.0112
0.0912	-0.1470	0.1730	-1.0152
0.0902	-0.1465	0.1720	-1.0190
0.0896	-0.1468	0.1720	-1.0229
0.0884	-0.1464	0.1710	-1.0278
0.0878	-0.1467	0.1710	-1.0316
0.0866	-0.1463	0.1700	-1.0365
0.0860	-0.1467	0.1700	-1.0406
0.0847	-0.1462	0.1690	-1.0455
0.0836	-0.1457	0.1680	-1.0501
0.0830	-0.1461	0.1680	-1.0542
0.0824	-0.1464	0.1680	-1.0581
0.0812	-0.1459	0.1670	-1.0630
0.0806	-0.1463	0.1670	-1.0671
0.0794	-0.1458	0.1660	-1.0720
0.0788	-0.1461	0.1660	-1.0761
0.0776	-0.1456	0.1650	-1.0810
0.0770	-0.1459	0.1650	-1.0851
0.0760	-0.1453	0.1640	-1.0891
0.0754	-0.1456	0.1640	-1.0930
0.0748	-0.1459	0.1640	-1.0971
0.0736	-0.1454	0.1630	-1.1020
0.0725	-0.1449	0.1620	-1.1069
0.0719	-0.1452	0.1620	-1.1110
0.0713	-0.1455	0.1620	-1.1150
0.0701	-0.1449	0.1610	-1.1200
0.0696	-0.1452	0.1610	-1.1240
0.0684	-0.1446	0.1600	-1.1290
0.0678	-0.1449	0.1600	-1.1330
0.0673	-0.1452	0.1600	-1.1369
0.0661	-0.1446	0.1590	-1.1420
0.0655	-0.1449	0.1590	-1.1459
0.0649	-0.1451	0.1590	-1.1500
0.0638	-0.1445	0.1580	-1.1549
0.0633	-0.1448	0.1580	-1.1589
0.0627	-0.1450	0.1580	-1.1628
0.0621	-0.1453	0.1580	-1.1669
0.0610	-0.1447	0.1570	-1.1718
0.0604	-0.1449	0.1570	-1.1759
0.0593	-0.1443	0.1560	-1.1808
0.0587	-0.1445	0.1560	-1.1849
0.0576	-0.1439	0.1550	-1.1898
0.0571	-0.1441	0.1550	-1.1938
0.0565	-0.1444	0.1550	-1.1979
0.0559	-0.1446	0.1550	-1.2018
0.0548	-0.1439	0.1540	-1.2067
0.0543	-0.1441	0.1540	-1.2108
0.0537	-0.1444	0.1540	-1.2149
0.0531	-0.1445	0.1540	-1.2187
0.0520	-0.1439	0.1530	-1.2238
0.0515	-0.1441	0.1530	-1.2277
0.0504	-0.1434	0.1520	-1.2328
0.0498	-0.1436	0.1520	-1.2367
0.0493	-0.1438	0.1520	-1.2408
0.0482	-0.1431	0.1510	-1.2457
0.0476	-0.1433	0.1510	-1.2498
0.0471	-0.1435	0.1510	-1.2538
0.0465	-0.1437	0.1510	-1.2577
0.0459	-0.1438	0.1510	-1.2618
0.0453	-0.1440	0.1510	-1.2658
0.0448	-0.1442	0.1510	-1.2697
-0.0649	-0.1363	0.1510	-2.0153
-0.0654	-0.1361	0.1510	-2.0191
-0.0660	-0.1358	0.1510	-2.0231
-0.0665	-0.1356	0.1510	-2.0270
-0.0670	-0.1353	0.1510	-2.0308
-0.0676	-0.1350	0.1510	-2.0349
-0.0681	-0.1348	0.1510	-2.0388
-0.0690	-0.1355	0.1520	-2.0417
-0.0695	-0.1352	0.1520	-2.0456
-0.0700	-0.1349	0.1520	-2.0496
-0.0709	-0.1356	0.1530	-2.0527
-0.0714	-0.1353	0.1530	-2.0564
-0.0720	-0.1350	0.1530	-2.0605
-0.0728	-0.1357	0.1540	-2.0633
-0.0734	-0.1354	0.1540	-2.0673
-0.0739	-0.1351	0.1540	-2.0712
-0.0744	-0.1348	0.1540	-2.0753
-0.0750	-0.1345	0.1540	-2.0791
-0.0758	-0.1352	0.1550	-2.0821
-0.0764	-0.1349	0.1550	-2.0859
-0.0769	-0.1346	0.1550	-2.0900
-0.0774	-0.1343	0.1550	-2.0938
-0.0780	-0.1340	0.1550	-2.0979
-0.0788	-0.1346	0.1560	-2.1006
-0.0794	-0.1343	0.1560	-2.1047
-0.0799	-0.1340	0.1560	-2.1086
-0.0808	-0.1346	0.1570	-2.1115
-0.0813	-0.1343	0.1570	-2.1154
-0.0819	-0.1340	0.1570	-2.1195
-0.0828	-0.1346	0.1580	-2.1225
-0.0833	-0.1342	0.1580	-2.1263
-0.0839	-0.1339	0.1580	-2.1303
-0.0848	-0.1345	0.1590	-2.1331
-0.0853	-0.1342	0.1590	-2.1371
-0.0858	-0.1338	0.1590	-2.1410
-0.0864	-0.1335	0.1590	-2.1451
-0.0873	-0.1341	0.1600	-2.1478
-0.0878	-0.1337	0.1600	-2.1519
-0.0883	-0.1334	0.1600	-2.1557
-0.0893	-0.1340	0.1610	-2.1587
-0.0898	-0.1336	0.1610	-2.1628
-0.0904	-0.1333	0.1610	-2.1667
-0.0913	-0.1338	0.1620	-2.1696
-0.0918	-0.1335	0.1620	-2.1735
-0.0924	-0.1331	0.1620	-2.1775
-0.0933	-0.1337	0.1630	-2.1803
-0.0939	-0.1333	0.1630	-2.1844
-0.0948	-0.1338	0.1640	-2.1874
-0.0953	-0.1334	0.1640	-2.1912
-0.0958	-0.1331	0.1640	-2.1949
-0.0964	-0.1327	0.1640	-2.1991
-0.0975	-0.1331	0.1650	-2.2029
-0.0980	-0.1327	0.1650	-2.2067
-0.0985	-0.1324	0.1650	-2.2106
-0.0995	-0.1329	0.1660	-2.2135
-0.1000	-0.1325	0.1660	-2.2174
-0.1010	-0.1330	0.1670	-2.2201
-0.1015	-0.1326	0.1670	-2.2239
-0.1020	-0.1322	0.1670	-2.2280
-0.1030	-0.1327	0.1680	-2.2307
-0.1035	-0.1323	0.1680	-2.2345
-0.1045	-0.1328	0.1690	-2.2375
-0.1050	-0.1324	0.1690	-2.2413
-0.1060	-0.1329	0.1700	-2.2440
-0.1065	-0.1325	0.1700	-2.2479
-0.1070	-0.1321	0.1700	-2.2517
-0.1076	-0.1316	0.1700	-2.2558
-0.1085	-0.1321	0.1710	-2.2585
-0.1091	-0.1317	0.1710	-2.2623
-0.1101	-0.1322	0.1720	-2.2653
-0.1112	-0.1325	0.1730	-2.2691
-0.1117	-0.1321	0.1730	-2.2730
-0.1127	-0.1325	0.1740	-2.2757
-0.1132	-0.1321	0.1740	-2.2795
-0.1138	-0.1316	0.1740	-2.2836
-0.1148	-0.1321	0.1750	-2.2863
-0.1153	-0.1316	0.1750	-2.2901
-0.1164	-0.1320	0.1760	-2.2931
-0.1169	-0.1316	0.1760	-2.2969
-0.1179	-0.1320	0.1770	-2.2997
-0.1184	-0.1316	0.1770	-2.3036
-0.1196	-0.1319	0.1780	-2.3073
-0.1201	-0.1314	0.1780	-2.3111
-0.1211	-0.1318	0.1790	-2.3141
-0.1216	-0.1313	0.1790	-2.3179
-0.1221	-0.1309	0.1790	-2.3218
-0.1232	-0.1312	0.1800	-2.3247
-0.1243	-0.1316	0.1810	-2.3275
-0.1248	-0.1311	0.1810	-2.3314
-0.1260	-0.1314	0.1820	-2.3351
-0.1265	-0.1309	0.1820	-2.3392
-0.1276	-0.1312	0.1830	-2.3420
-0.1280	-0.1307	0.1830	-2.3457
-0.1291	-0.1311	0.1840	-2.3488
-0.1296	-0.1306	0.1840	-2.3526
-0.1307	-0.1309	0.1850	-2.3553
-0.1319	-0.1311	0.1860	-2.3592
-0.1324	-0.1306	0.1860	-2.3630
-0.1335	-0.1309	0.1870	-2.3660
-0.1340	-0.1304	0.1870	-2.3698
-0.1351	-0.1308	0.1880	-2.3725
-0.1356	-0.1302	0.1880	-2.3766
-0.1368	-0.1304	0.1890	-2.3805
-0.1379	-0.1307	0.1900	-2.3831
-0.1390	-0.1310	0.1910	-2.3861
-0.1395	-0.1304	0.1910	-2.3899
-0.1408	-0.1306	0.1920	-2.3938
-0.1413	-0.1300	0.1920	-2.3976
-0.1424	-0.1303	0.1930	-2.4003
-0.1435	-0.1306	0.1940	-2.4034
-0.1440	-0.1300	0.1940	-2.4071
-0.1452	-0.1301	0.1950	-2.4109
-0.1464	-0.1304	0.1960	-2.4140
-0.1469	-0.1298	0.1960	-2.4177
-0.1480	-0.1301	0.1970	-2.4205
-0.1492	-0.1301	0.1980	-2.4244
-0.1497	-0.1296	0.1980	-2.4281
-0.1509	-0.1298	0.1990	-2.4312
-0.1520	-0.1300	0.2000	-2.4339
-0.1525	-0.1294	0.2000	-2.4380
-0.1538	-0.1295	0.2010	-2.4418
-0.1549	-0.1297	0.2020	-2.4445
-0.1554	-0.1291	0.2020	-2.4483
-0.1566	-0.1291	0.2030	-2.4522
-0.1578	-0.1293	0.2040	-2.4551
-0.1589	-0.1295	0.2050	-2.4578
-0.1594	-0.1289	0.2050	-2.4617
-0.1607	-0.1289	0.2060	-2.4658
-0.1618	-0.1291	0.2070	-2.4685
-0.1631	-0.1291	0.2080	-2.4723
-0.1636	-0.1284	0.2080	-2.4761
-0.1648	-0.1286	0.2090	-2.4791
-0.1661	-0.1285	0.2100	-2.4829
-0.1672	-0.1287	0.2110	-2.4857
-0.1684	-0.1288	0.2120	-2.4887
-0.1689	-0.1281	0.2120	-2.4925
-0.1702	-0.1281	0.2130	-2.4964
-0.1714	-0.1282	0.2140	-2.4993
-0.1727	-0.1281	0.2150	-2.5032
-0.1731	-0.1275	0.2150	-2.5069
-0.1743	-0.1276	0.2160	-2.5097
-0.1756	-0.1275	0.2170	-2.5135
-0.1768	-0.1276	0.2180	-2.5165
-0.1781	-0.1275	0.2190	-2.5203
-0.1792	-0.1276	0.2200	-2.5230
-0.1806	-0.1274	0.2210	-2.5271
-0.1817	-0.1275	0.2220	-2.5298
-0.1823	-0.1267	0.2220	-2.5339
-0.1836	-0.1266	0.2230	-2.5378
-0.1848	-0.1266	0.2240	-2.5408
-0.1861	-0.1264	0.2250	-2.5449
-0.1873	-0.1264	0.2260	-2.5478
-0.1887	-0.1262	0.2270	-2.5520
-0.1899	-0.1262	0.2280	-2.5549
-0.1912	-0.1260	0.2290	-2.5588
-0.1924	-0.1260	0.2300	-2.5617
-0.1938	-0.1258	0.2310	-2.5659
-0.1950	-0.1257	0.2320	-2.5688
-0.1963	-0.1255	0.2330	-2.5730
-0.1977	-0.1252	0.2340	-2.5768
-0.1989	-0.1252	0.2350	-2.5798
-0.2002	-0.1249	0.2360	-2.5839
-0.2015	-0.1248	0.2370	-2.5869
-0.2028	-0.1245	0.2380	-2.5910
-0.2040	-0.1244	0.2390	-2.5940
-0.2054	-0.1242	0.2400	-2.5978
-0.2067	-0.1239	0.2410	-2.6018
-0.2080	-0.1237	0.2420	-2.6049
-0.2101	-0.1241	0.2440	-2.6079
-0.2114	-0.1238	0.2450	-2.6120
-0.2127	-0.1236	0.2460	-2.6150
-0.2140	-0.1233	0.2470	-2.6188
-0.2154	-0.1230	0.2480	-2.6228
-0.2175	-0.1233	0.2500	-2.6259
-0.2187	-0.1231	0.2510	-2.6289
-0.2201	-0.1227	0.2520	-2.6330
-0.2214	-0.1224	0.2530	-2.6367
-0.2236	-0.1227	0.2550	-2.6398
-0.2249	-0.1222	0.2560	-2.6438
-0.2262	-0.1220	0.2570	-2.6469
-0.2275	-0.1216	0.2580	-2.6507
-0.2297	-0.1219	0.2600	-2.6537
-0.2310	-0.1214	0.2610	-2.6577
-0.2332	-0.1216	0.2630	-2.6608
-0.2346	-0.1212	0.2640	-2.6648
-0.2358	-0.1209	0.2650	-2.6679
-0.2381	-0.1209	0.2670	-2.6717
-0.2393	-0.1206	0.2680	-2.6747
-0.2416	-0.1206	0.2700	-2.6787
-0.2429	-0.1203	0.2710	-2.6818
-0.2451	-0.1202	0.2730	-2.6858
-0.2464	-0.1199	0.2740	-2.6889
-0.2487	-0.1198	0.2760	-2.6927
-0.2499	-0.1195	0.2770	-2.6957
-0.2522	-0.1193	0.2790	-2.6998
-0.2544	-0.1194	0.2810	-2.7028
-0.2558	-0.1188	0.2820	-2.7068
-0.2579	-0.1188	0.2840	-2.7099
-0.2593	-0.1183	0.2850	-2.7137
-0.2615	-0.1183	0.2870	-2.7167
-0.2638	-0.1181	0.2890	-2.7208
-0.2651	-0.1177	0.2900	-2.7238
-0.2674	-0.1174	0.2920	-2.7278
-0.2695	-0.1174	0.2940	-2.7309
-0.2718	-0.1171	0.2960	-2.7347
-0.2740	-0.1171	0.2980	-2.7377
-0.2762	-0.1171	0.3000	-2.7406
-0.2785	-0.1167	0.3020	-2.7448
-0.2799	-0.1160	0.3030	-2.7489
-0.2821	-0.1159	0.3050	-2.7519
-0.2844	-0.1156	0.3070	-2.7557
-0.2871	-0.1143	0.3090	-2.7628
-0.3109	-0.1044	0.3280	-2.8175
-0.3100	-0.1010	0.3260	-2.8266
-0.3094	-0.0994	0.3250	-2.8307
-0.3088	-0.0979	0.3240	-2.8345
-0.3084	-0.0960	0.3230	-2.8397
-0.3088	-0.0949	0.3230	-2.8435
-0.3082	-0.0933	0.3220	-2.8475
-0.3086	-0.0921	0.3220	-2.8517
-0.3080	-0.0906	0.3210	-2.8555
-0.3083	-0.0893	0.3210	-2.8595
-0.3087	-0.0882	0.3210	-2.8634
-0.3081	-0.0866	0.3200	-2.8675
-0.3075	-0.0848	0.3190	-2.8724
-0.3079	-0.0836	0.3190	-2.8765
-0.3082	-0.0824	0.3190	-2.8803
-0.3075	-0.0809	0.3180	-2.8844
-0.3078	-0.0797	0.3180	-2.8882
-0.3082	-0.0785	0.3180	-2.8923
-0.3075	-0.0770	0.3170	-2.8962
-0.3078	-0.0758	0.3170	-2.9002
-0.3071	-0.0744	0.3160	-2.9040
-0.3065	-0.0726	0.3150	-2.9089
-0.3068	-0.0715	0.3150	-2.9127
-0.3071	-0.0702	0.3150	-2.9169
-0.3064	-0.0688	0.3140	-2.9207
-0.3066	-0.0676	0.3140	-2.9247
-0.3069	-0.0664	0.3140	-2.9286
-0.3062	-0.0650	0.3130	-2.9324
-0.3064	-0.0638	0.3130	-2.9364
-0.3067	-0.0626	0.3130	-2.9403
-0.3060	-0.0611	0.3120	-2.9444
-0.3062	-0.0600	0.3120	-2.9482
-0.3055	-0.0583	0.3110	-2.9531
-0.3057	-0.0570	0.3110	-2.9572
-0.3059	-0.0559	0.3110	-2.9610
-0.3062	-0.0547	0.3110	-2.9648
-0.3054	-0.0533	0.3100	-2.9689
-0.3056	-0.0521	0.3100	-2.9728
-0.3048	-0.0507	0.3090	-2.9768
-0.3050	-0.0495	0.3090	-2.9806
-0.3052	-0.0483	0.3090	-2.9847
-0.3054	-0.0471	0.3090	-2.9886
-0.3056	-0.0459	0.3090	-2.9924
-0.3048	-0.0446	0.3080	-2.9964
-0.3040	-0.0429	0.3070	-3.0013
-0.3041	-0.0418	0.3070	-3.0052
-0.3043	-0.0405	0.3070	-3.0093
-0.3045	-0.0393	0.3070	-3.0131
-0.3046	-0.0382	0.3070	-3.0170
-0.3048	-0.0369	0.3070	-3.0210
-0.3039	-0.0357	0.3060	-3.0248
-0.3041	-0.0344	0.3060	-3.0289
-0.3042	-0.0332	0.3060	-3.0328
-0.3043	-0.0320	0.3060	-3.0368
-0.3034	-0.0307	0.3050	-3.0406
-0.3036	-0.0296	0.3050	-3.0445
-0.3037	-0.0283	0.3050	-3.0486
-0.3038	-0.0272	0.3050	-3.0523
-0.3039	-0.0259	0.3050	-3.0565
-0.3040	-0.0248	0.3050	-3.0603
-0.3031	-0.0235	0.3040	-3.0641
-0.3032	-0.0223	0.3040	-3.0682
-0.3033	-0.0211	0.3040	-3.0720
-0.3024	-0.0196	0.3030	-3.0769
-0.2756	-0.0150	0.2760	-3.0870
-0.2746	-0.0140	0.2750	-3.0908
-0.2747	-0.0129	0.2750	-3.0946
-0.2747	-0.0119	0.2750	-3.0984
-0.2748	-0.0108	0.2750	-3.1023
-0.2748	-0.0098	0.2750	-3.1061
-0.2749	-0.0087	0.2750	-3.1100
-0.2739	-0.0076	0.2740	-3.1137
-0.2739	-0.0066	0.2740	-3.1175
-0.2739	-0.0055	0.2740	-3.1214
-0.2740	-0.0045	0.2740	-3.1252
-0.2740	-0.0034	0.2740	-3.1290
-0.2740	-0.0024	0.2740	-3.1328
-0.2740	-0.0014	0.2740	-3.1366
-0.2740	-0.0003	0.2740	-3.1404
-0.2589	-0.0080	0.2590	-3.1107
-0.2579	-0.0067	0.2580	-3.1156
-0.2579	-0.0057	0.2580	-3.1194
-0.2580	-0.0047	0.2580	-3.1233
-0.2580	-0.0037	0.2580	-3.1271
-0.2580	-0.0027	0.2580	-3.1310
-0.2580	-0.0018	0.2580	-3.1347
-0.2580	-0.0008	0.2580	-3.1385
-0.4660	-0.0059	0.4660	-3.1290
-0.4710	-0.0040	0.4710	-3.1331
-0.4750	-0.0027	0.4750	-3.1358
-0.4800	-0.0008	0.4800	-3.1399
