x	y	r	phi
-0.6260	0.0017	0.6260	3.1389
-0.6320	0.0036	0.6320	3.1359
-0.6400	0.0063	0.6400	3.1318
-0.6479	0.0083	0.6480	3.1288
-0.6559	0.0111	0.6560	3.1247
-0.6639	0.0139	0.6640	3.1206
-0.6718	0.0161	0.6720	3.1176
-0.6797	0.0190	0.6800	3.1136
-0.6897	0.0214	0.6900	3.1105
-0.6976	0.0245	0.6980	3.1065
-0.7075	0.0270	0.7080	3.1034
-0.7154	0.0302	0.7160	3.0994
-0.7253	0.0328	0.7260	3.0963
-0.7351	0.0363	0.7360	3.0923
-0.7450	0.0390	0.7460	3.0892
-0.7548	0.0426	0.7560	3.0852
-0.7666	0.0464	0.7680	3.0811
-0.7764	0.0493	0.7780	3.0781
-0.7882	0.0534	0.7900	3.0740
-0.8000	0.0565	0.8020	3.0710
-0.8117	0.0607	0.8140	3.0669
-0.8235	0.0641	0.8260	3.0639
-0.8352	0.0685	0.8380	3.0598
-0.8489	0.0721	0.8520	3.0568
-0.8626	0.0769	0.8660	3.0527
-0.8742	0.0815	0.8780	3.0487
-0.8899	0.0857	0.8940	3.0456
-0.9035	0.0906	0.9080	3.0416
-0.9191	0.0951	0.9240	3.0385
-0.9346	0.1005	0.9400	3.0345
-0.9502	0.1051	0.9560	3.0314
-0.9657	0.1107	0.9720	3.0274
-0.9832	0.1158	0.9900	3.0243
-0.2429	0.6330	0.6780	1.9371
-0.2395	0.6321	0.6760	1.9330
-0.2362	0.6312	0.6740	1.9289
-0.2323	0.6284	0.6700	1.9249
-0.2290	0.6275	0.6680	1.9207
-0.2258	0.6266	0.6660	1.9166
-0.2220	0.6258	0.6640	1.9117
-0.2188	0.6248	0.6620	1.9076
-0.2156	0.6238	0.6600	1.9036
-0.2126	0.6227	0.6580	1.8997
-0.2094	0.6217	0.6560	1.8956
-0.2062	0.6206	0.6540	1.8916
-0.2024	0.6177	0.6500	1.8875
-0.1999	0.6185	0.6500	1.8833
-0.1968	0.6174	0.6480	1.8793
-0.1931	0.6165	0.6460	1.8743
-0.1900	0.6153	0.6440	1.8703
-0.1869	0.6142	0.6420	1.8662
-0.1844	0.6150	0.6420	1.8621
-0.1807	0.6119	0.6380	1.8580
-0.1778	0.6106	0.6360	1.8542
-0.1748	0.6094	0.6340	1.8501
-0.1723	0.6101	0.6340	1.8460
-0.1693	0.6089	0.6320	1.8419
-0.1658	0.6078	0.6300	1.8370
-0.1627	0.6065	0.6280	1.8329
-0.1597	0.6053	0.6260	1.8288
-0.1568	0.6040	0.6240	1.8248
-0.1538	0.6027	0.6220	1.8206
-0.1508	0.6014	0.6200	1.8165
-0.1486	0.6019	0.6200	1.8128
-0.1456	0.6006	0.6180	1.8087
-0.1427	0.5992	0.6160	1.8045
-0.1403	0.5998	0.6160	1.8005
-0.1368	0.5986	0.6140	1.7955
-0.1340	0.5972	0.6120	1.7915
-0.1311	0.5957	0.6100	1.7874
-0.1286	0.5963	0.6100	1.7833
-0.1258	0.5948	0.6080	1.7792
-0.1230	0.5934	0.6060	1.7751
-0.1203	0.5919	0.6040	1.7713
-0.1174	0.5904	0.6020	1.7671
-0.1147	0.5889	0.6000	1.7631
-0.1126	0.5914	0.6020	1.7590
-0.1098	0.5899	0.6000	1.7549
-0.1066	0.5884	0.5980	1.7500
-0.1042	0.5888	0.5980	1.7460
-0.1014	0.5873	0.5960	1.7418
-0.0987	0.5857	0.5940	1.7377
-0.0960	0.5842	0.5920	1.7337
-0.0938	0.5845	0.5920	1.7299
-0.0910	0.5829	0.5900	1.7257
-0.0886	0.5833	0.5900	1.7216
-0.0860	0.5817	0.5880	1.7176
-0.0833	0.5800	0.5860	1.7135
-0.0809	0.5804	0.5860	1.7093
-0.0778	0.5788	0.5840	1.7044
-0.0755	0.5791	0.5840	1.7004
-0.0728	0.5774	0.5820	1.6963
-0.0702	0.5757	0.5800	1.6922
-0.0683	0.5780	0.5820	1.6883
-0.0655	0.5743	0.5780	1.6843
-0.0629	0.5726	0.5760	1.6802
-0.0605	0.5728	0.5760	1.6761
-0.0582	0.5731	0.5760	1.6720
-0.0557	0.5713	0.5740	1.6679
-0.0533	0.5695	0.5720	1.6641
-0.0510	0.5697	0.5720	1.6601
-0.0479	0.5680	0.5700	1.6549
-0.0455	0.5682	0.5700	1.6508
-0.0432	0.5664	0.5680	1.6469
-0.0407	0.5645	0.5660	1.6428
-0.0384	0.5647	0.5660	1.6388
-0.0361	0.5648	0.5660	1.6346
-0.0337	0.5630	0.5640	1.6305
-0.0314	0.5631	0.5640	1.6265
-0.0290	0.5613	0.5620	1.6224
-0.0268	0.5614	0.5620	1.6185
-0.0246	0.5615	0.5620	1.6145
-0.0222	0.5596	0.5600	1.6104
-0.0194	0.5577	0.5580	1.6055
-0.0171	0.5577	0.5580	1.6014
-0.0148	0.5578	0.5580	1.5973
-0.0125	0.5579	0.5580	1.5932
-0.0103	0.5559	0.5560	1.5894
-0.0080	0.5539	0.5540	1.5853
-0.0058	0.5540	0.5540	1.5812
-0.0035	0.5540	0.5540	1.5771
-0.0012	0.5520	0.5520	1.5730
0.0009	0.5520	0.5520	1.5692
0.0031	0.5500	0.5500	1.5651
0.0054	0.5500	0.5500	1.5610
0.0076	0.5499	0.5500	1.5569
0.0099	0.5499	0.5500	1.5529
0.0119	0.5479	0.5480	1.5490
0.0142	0.5478	0.5480	1.5449
0.0168	0.5457	0.5460	1.5400
0.0191	0.5457	0.5460	1.5359
0.0212	0.5436	0.5440	1.5319
0.0234	0.5435	0.5440	1.5277
0.0257	0.5434	0.5440	1.5236
0.0277	0.5433	0.5440	1.5199
0.0299	0.5432	0.5440	1.5158
0.0320	0.5411	0.5420	1.5116
0.0341	0.5389	0.5400	1.5076
0.0363	0.5388	0.5400	1.5035
0.0384	0.5386	0.5400	1.4997
0.0406	0.5385	0.5400	1.4955
0.0428	0.5383	0.5400	1.4915
0.0448	0.5361	0.5380	1.4874
0.0470	0.5359	0.5380	1.4833
0.0489	0.5338	0.5360	1.4795
0.0511	0.5336	0.5360	1.4754
0.0533	0.5333	0.5360	1.4713
0.0554	0.5331	0.5360	1.4673
0.0576	0.5329	0.5360	1.4631
0.0600	0.5306	0.5340	1.4582
0.0622	0.5304	0.5340	1.4541
0.0642	0.5301	0.5340	1.4503
0.0663	0.5299	0.5340	1.4463
0.0683	0.5276	0.5320	1.4421
0.0704	0.5273	0.5320	1.4380
0.0726	0.5270	0.5320	1.4340
0.0746	0.5267	0.5320	1.4301
0.0765	0.5245	0.5300	1.4260
0.0786	0.5241	0.5300	1.4219
0.0807	0.5238	0.5300	1.4179
0.0829	0.5235	0.5300	1.4138
0.0849	0.5232	0.5300	1.4099
0.0867	0.5208	0.5280	1.4059
0.0888	0.5205	0.5280	1.4018
0.0910	0.5201	0.5280	1.3976
0.0931	0.5197	0.5280	1.3936
0.0951	0.5194	0.5280	1.3898
0.0968	0.5170	0.5260	1.3857
0.0990	0.5166	0.5260	1.3815
0.1010	0.5162	0.5260	1.3775
0.1032	0.5158	0.5260	1.3734
0.1051	0.5154	0.5260	1.3696
0.1072	0.5150	0.5260	1.3655
0.1093	0.5145	0.5260	1.3614
0.1115	0.5141	0.5260	1.3573
0.1130	0.5117	0.5240	1.3535
0.1151	0.5112	0.5240	1.3494
0.1172	0.5107	0.5240	1.3453
0.1193	0.5102	0.5240	1.3412
0.1213	0.5098	0.5240	1.3372
0.1233	0.5072	0.5220	1.3323
0.1254	0.5067	0.5220	1.3281
0.1274	0.5083	0.5240	1.3252
0.1295	0.5077	0.5240	1.3210
0.1316	0.5072	0.5240	1.3169
0.1336	0.5046	0.5220	1.3120
0.1357	0.5041	0.5220	1.3079
0.1377	0.5035	0.5220	1.3039
0.1396	0.5030	0.5220	1.3000
0.1417	0.5024	0.5220	1.2959
0.1437	0.5018	0.5220	1.2919
0.1458	0.5012	0.5220	1.2878
0.1478	0.5006	0.5220	1.2837
0.1498	0.5001	0.5220	1.2798
0.1518	0.4995	0.5220	1.2758
0.1538	0.4988	0.5220	1.2717
0.1559	0.4982	0.5220	1.2675
0.1579	0.4976	0.5220	1.2635
0.1598	0.4969	0.5220	1.2597
0.1612	0.4944	0.5200	1.2556
0.1632	0.4937	0.5200	1.2515
0.1659	0.4949	0.5220	1.2474
0.1678	0.4943	0.5220	1.2436
0.1698	0.4936	0.5220	1.2395
0.1718	0.4929	0.5220	1.2354
0.1738	0.4922	0.5220	1.2313
0.1759	0.4915	0.5220	1.2272
0.1777	0.4908	0.5220	1.2234
0.1790	0.4882	0.5200	1.2193
0.1810	0.4875	0.5200	1.2152
0.1837	0.4886	0.5220	1.2112
0.1857	0.4878	0.5220	1.2071
0.1876	0.4871	0.5220	1.2032
0.1895	0.4864	0.5220	1.1992
0.1915	0.4856	0.5220	1.1951
0.1935	0.4848	0.5220	1.1909
0.1955	0.4840	0.5220	1.1869
0.1974	0.4833	0.5220	1.1831
0.1993	0.4824	0.5220	1.1790
0.2013	0.4816	0.5220	1.1748
0.2033	0.4808	0.5220	1.1708
0.2052	0.4800	0.5220	1.1667
0.2071	0.4792	0.5220	1.1629
0.2090	0.4783	0.5220	1.1588
0.2110	0.4775	0.5220	1.1547
0.2130	0.4766	0.5220	1.1506
0.2152	0.4778	0.5240	1.1476
0.2167	0.4749	0.5220	1.1427
0.2186	0.4740	0.5220	1.1386
0.2209	0.4752	0.5240	1.1356
0.2229	0.4742	0.5240	1.1315
0.2248	0.4733	0.5240	1.1274
0.2267	0.4724	0.5240	1.1234
0.2285	0.4715	0.5240	1.1195
0.2305	0.4706	0.5240	1.1154
0.2332	0.4715	0.5260	1.1114
0.2352	0.4705	0.5260	1.1072
0.2371	0.4695	0.5260	1.1031
0.2389	0.4686	0.5260	1.0993
0.2408	0.4676	0.5260	1.0953
0.2427	0.4666	0.5260	1.0911
0.2456	0.4674	0.5280	1.0870
0.2465	0.4646	0.5260	1.0830
0.2493	0.4655	0.5280	1.0792
0.2512	0.4644	0.5280	1.0750
0.2540	0.4652	0.5300	1.0710
0.2549	0.4624	0.5280	1.0669
0.2567	0.4614	0.5280	1.0630
0.2596	0.4621	0.5300	1.0589
0.2615	0.4610	0.5300	1.0549
0.2634	0.4599	0.5300	1.0508
0.2652	0.4588	0.5300	1.0467
0.2670	0.4579	0.5300	1.0429
0.2688	0.4567	0.5300	1.0388
0.2718	0.4574	0.5320	1.0347
0.2736	0.4563	0.5320	1.0306
0.2755	0.4551	0.5320	1.0265
0.2783	0.4558	0.5340	1.0227
0.2801	0.4546	0.5340	1.0186
0.2820	0.4535	0.5340	1.0145
0.2838	0.4523	0.5340	1.0104
0.2857	0.4512	0.5340	1.0063
0.2881	0.4520	0.5360	1.0033
0.2899	0.4508	0.5360	0.9993
0.2916	0.4497	0.5360	0.9955
0.2935	0.4485	0.5360	0.9913
0.2953	0.4473	0.5360	0.9872
0.2971	0.4461	0.5360	0.9832
0.3001	0.4465	0.5380	0.9791
0.3029	0.4470	0.5400	0.9752
0.3047	0.4458	0.5400	0.9712
0.3066	0.4445	0.5400	0.9671
0.3084	0.4433	0.5400	0.9630
0.3112	0.4437	0.5420	0.9591
0.3130	0.4425	0.5420	0.9551
0.3148	0.4412	0.5420	0.9510
0.3167	0.4399	0.5420	0.9468
0.3184	0.4386	0.5420	0.9428
0.3213	0.4390	0.5440	0.9390
0.3243	0.4393	0.5460	0.9349
0.3261	0.4380	0.5460	0.9308
0.3279	0.4366	0.5460	0.9267
0.3297	0.4353	0.5460	0.9226
0.3322	0.4359	0.5480	0.9196
0.3339	0.4345	0.5480	0.9155
0.3356	0.4332	0.5480	0.9117
0.3386	0.4334	0.5500	0.9076
0.3404	0.4320	0.5500	0.9035
0.3421	0.4306	0.5500	0.8994
0.3451	0.4308	0.5520	0.8954
0.3468	0.4295	0.5520	0.8915
0.3498	0.4296	0.5540	0.8874
0.3515	0.4282	0.5540	0.8834
0.3533	0.4267	0.5540	0.8793
0.3562	0.4269	0.5560	0.8754
0.3580	0.4254	0.5560	0.8713
0.3610	0.4255	0.5580	0.8673
0.3627	0.4240	0.5580	0.8632
0.3653	0.4245	0.5600	0.8602
0.3670	0.4229	0.5600	0.8561
0.3701	0.4230	0.5620	0.8520
0.3718	0.4214	0.5620	0.8479
0.3734	0.4200	0.5620	0.8441
0.3750	0.4186	0.5620	0.8402
0.3780	0.4185	0.5640	0.8362
0.3796	0.4171	0.5640	0.8324
0.3826	0.4171	0.5660	0.8285
0.3843	0.4155	0.5660	0.8244
0.3873	0.4155	0.5680	0.8206
0.3903	0.4154	0.5700	0.8166
0.3919	0.4139	0.5700	0.8127
0.3935	0.4124	0.5700	0.8089
0.3961	0.4127	0.5720	0.8059
0.3978	0.4110	0.5720	0.8018
0.4007	0.4109	0.5740	0.7980
0.4037	0.4109	0.5760	0.7942
0.4054	0.4092	0.5760	0.7901
0.4084	0.4091	0.5780	0.7863
0.4099	0.4075	0.5780	0.7824
0.4130	0.4072	0.5800	0.7784
0.4145	0.4057	0.5800	0.7746
0.4176	0.4053	0.5820	0.7704
0.4206	0.4051	0.5840	0.7666
0.4222	0.4035	0.5840	0.7628
0.4265	0.4019	0.5860	0.7557
0.4331	0.3887	0.5820	0.7314
0.4287	0.3817	0.5740	0.7274
0.4261	0.3756	0.5680	0.7224
0.4245	0.3713	0.5640	0.7187
0.4218	0.3653	0.5580	0.7137
0.4203	0.3610	0.5540	0.7097
0.4186	0.3568	0.5500	0.7058
0.4173	0.3521	0.5460	0.7009
0.4156	0.3480	0.5420	0.6971
0.4139	0.3437	0.5380	0.6930
0.4125	0.3391	0.5340	0.6881
0.4107	0.3350	0.5300	0.6843
0.4089	0.3309	0.5260	0.6804
0.4074	0.3264	0.5220	0.6755
0.4055	0.3223	0.5180	0.6715
0.4036	0.3182	0.5140	0.6677
0.4021	0.3138	0.5100	0.6627
0.4009	0.3103	0.5070	0.6587
0.3998	0.3069	0.5040	0.6548
0.3981	0.3026	0.5000	0.6499
0.3968	0.2992	0.4970	0.6461
0.3957	0.2958	0.4940	0.6420
0.3939	0.2915	0.4900	0.6371
0.3926	0.2882	0.4870	0.6332
0.3913	0.2849	0.4840	0.6294
0.3902	0.2812	0.4810	0.6245
0.3889	0.2779	0.4780	0.6205
0.3875	0.2747	0.4750	0.6167
0.3864	0.2711	0.4720	0.6118
0.3850	0.2678	0.4690	0.6076
0.3836	0.2646	0.4660	0.6038
0.3824	0.2610	0.4630	0.5989
0.3818	0.2584	0.4610	0.5951
0.3803	0.2552	0.4580	0.5910
0.3791	0.2517	0.4550	0.5861
0.3784	0.2491	0.4530	0.5822
0.3768	0.2460	0.4500	0.5785
0.3755	0.2425	0.4470	0.5735
0.3748	0.2399	0.4450	0.5695
0.3732	0.2369	0.4420	0.5657
0.3724	0.2344	0.4400	0.5618
0.3718	0.2315	0.4380	0.5569
0.3702	0.2284	0.4350	0.5528
0.3694	0.2259	0.4330	0.5490
0.3688	0.2231	0.4310	0.5441
0.3671	0.2200	0.4280	0.5400
0.3662	0.2176	0.4260	0.5362
0.3653	0.2152	0.4240	0.5324
0.3646	0.2124	0.4220	0.5275
0.3638	0.2099	0.4200	0.5234
0.3620	0.2070	0.4170	0.5195
0.3612	0.2043	0.4150	0.5147
0.3612	0.2024	0.4140	0.5108
0.3602	0.1999	0.4120	0.5067
0.3592	0.1976	0.4100	0.5030
0.3585	0.1949	0.4080	0.4980
0.3575	0.1925	0.4060	0.4939
0.3564	0.1902	0.4040	0.4901
0.3556	0.1875	0.4020	0.4852
0.3545	0.1852	0.4000	0.4814
0.3535	0.1828	0.3980	0.4773
0.3533	0.1810	0.3970	0.4734
0.3524	0.1784	0.3950	0.4685
0.3513	0.1761	0.3930	0.4647
0.3502	0.1738	0.3910	0.4607
0.3493	0.1712	0.3890	0.4558
0.3490	0.1694	0.3880	0.4519
0.3479	0.1671	0.3860	0.4478
0.3470	0.1645	0.3840	0.4426
0.3468	0.1626	0.3830	0.4385
0.3456	0.1605	0.3810	0.4348
0.3453	0.1586	0.3800	0.4307
0.3450	0.1568	0.3790	0.4265
0.3440	0.1542	0.3770	0.4214
0.3428	0.1520	0.3750	0.4172
0.3425	0.1502	0.3740	0.4132
0.3414	0.1477	0.3720	0.4083
0.3411	0.1459	0.3710	0.4042
0.3408	0.1441	0.3700	0.4001
0.3395	0.1420	0.3680	0.3961
0.3384	0.1395	0.3660	0.3911
0.3380	0.1378	0.3650	0.3870
0.3376	0.1360	0.3640	0.3829
0.3373	0.1342	0.3630	0.3788
0.3369	0.1325	0.3620	0.3748
0.3357	0.1301	0.3600	0.3699
0.3353	0.1284	0.3590	0.3658
0.3339	0.1263	0.3570	0.3616
0.3336	0.1242	0.3560	0.3565
0.3332	0.1225	0.3550	0.3524
0.3327	0.1208	0.3540	0.3483
0.3313	0.1189	0.3520	0.3445
0.3310	0.1168	0.3510	0.3393
0.3305	0.1151	0.3500	0.3352
0.3300	0.1135	0.3490	0.3311
0.3296	0.1118	0.3480	0.3270
0.3282	0.1095	0.3460	0.3221
0.3277	0.1079	0.3450	0.3180
0.3272	0.1062	0.3440	0.3139
0.3267	0.1046	0.3430	0.3099
0.3261	0.1029	0.3420	0.3057
0.3257	0.1010	0.3410	0.3009
0.3251	0.0994	0.3400	0.2967
0.3246	0.0978	0.3390	0.2927
0.3240	0.0962	0.3380	0.2886
0.3235	0.0946	0.3370	0.2845
0.3230	0.0927	0.3360	0.2796
0.3224	0.0911	0.3350	0.2754
0.3218	0.0895	0.3340	0.2714
0.3212	0.0880	0.3330	0.2673
0.3207	0.0860	0.3320	0.2621
0.3200	0.0845	0.3310	0.2580
0.3194	0.0830	0.3300	0.2543
0.3188	0.0814	0.3290	0.2501
0.3181	0.0799	0.3280	0.2460
0.3176	0.0780	0.3270	0.2408
0.3169	0.0764	0.3260	0.2367
0.3162	0.0749	0.3250	0.2327
0.3156	0.0735	0.3240	0.2289
0.3159	0.0722	0.3240	0.2247
0.3152	0.0703	0.3230	0.2196
0.3146	0.0689	0.3220	0.2155
0.3139	0.0674	0.3210	0.2114
0.3141	0.0661	0.3210	0.2073
0.3134	0.0647	0.3200	0.2034
0.3128	0.0628	0.3190	0.1983
0.3120	0.0614	0.3180	0.1942
0.3113	0.0599	0.3170	0.1901
0.3105	0.0584	0.3160	0.1860
0.3108	0.0572	0.3160	0.1820
0.3101	0.0555	0.3150	0.1771
0.3083	0.0539	0.3130	0.1730
0.3076	0.0524	0.3120	0.1688
0.3078	0.0512	0.3120	0.1648
0.3080	0.0499	0.3120	0.1607
0.3072	0.0483	0.3110	0.1558
0.3064	0.0468	0.3100	0.1517
0.3056	0.0454	0.3090	0.1475
0.3058	0.0442	0.3090	0.1435
0.3060	0.0429	0.3090	0.1394
0.3052	0.0415	0.3080	0.1353
0.3034	0.0398	0.3060	0.1304
0.3036	0.0385	0.3060	0.1263
0.3027	0.0372	0.3050	0.1222
0.3029	0.0359	0.3050	0.1181
0.3020	0.0346	0.3040	0.1140
0.3012	0.0330	0.3030	0.1091
0.3013	0.0318	0.3030	0.1051
0.3005	0.0304	0.3020	0.1010
0.2996	0.0291	0.3010	0.0968
0.2997	0.0279	0.3010	0.0928
0.2988	0.0266	0.3000	0.0887
0.2989	0.0253	0.3000	0.0846
0.2981	0.0238	0.2990	0.0797
0.2971	0.0225	0.2980	0.0755
0.2972	0.0213	0.2980	0.0715
0.2963	0.0200	0.2970	0.0674
0.2964	0.0188	0.2970	0.0633
0.2955	0.0173	0.2960	0.0584
0.2956	0.0161	0.2960	0.0544
0.2946	0.0148	0.2950	0.0502
0.2947	0.0136	0.2950	0.0461
0.2937	0.0124	0.2940	0.0421
0.2928	0.0111	0.2930	0.0380
0.2928	0.0099	0.2930	0.0338
0.2919	0.0085	0.2920	0.0290
0.2919	0.0072	0.2920	0.0248
0.2919	0.0061	0.2920	0.0208
0.2910	0.0049	0.2910	0.0167
0.2900	0.0036	0.2900	0.0126
0.2900	0.0026	0.2900	0.0088
0.2900	0.0014	0.2900	0.0047
0.2890	-0.0001	0.2890	-0.0005
0.2890	-0.0013	0.2890	-0.0046
0.2880	-0.0024	0.2880	-0.0084
0.2880	-0.0036	0.2880	-0.0125
0.2880	-0.0048	0.2880	-0.0166
0.2869	-0.0059	0.2870	-0.0207
0.2859	-0.0071	0.2860	-0.0247
0.2859	-0.0083	0.2860	-0.0289
0.2858	-0.0094	0.2860	-0.0330
0.2858	-0.0105	0.2860	-0.0368
0.2847	-0.0120	0.2850	-0.0420
0.2837	-0.0131	0.2840	-0.0460
0.2836	-0.0142	0.2840	-0.0501
0.2836	-0.0153	0.2840	-0.0540
0.2835	-0.0165	0.2840	-0.0580
0.2825	-0.0176	0.2830	-0.0621
0.2824	-0.0187	0.2830	-0.0662
0.2813	-0.0200	0.2820	-0.0711
0.2812	-0.0212	0.2820	-0.0753
0.2811	-0.0223	0.2820	-0.0793
0.2810	-0.0235	0.2820	-0.0834
0.2799	-0.0246	0.2810	-0.0875
0.2798	-0.0257	0.2810	-0.0916
0.2787	-0.0268	0.2800	-0.0957
0.2786	-0.0278	0.2800	-0.0995
0.2785	-0.0289	0.2800	-0.1035
0.2784	-0.0301	0.2800	-0.1077
0.2772	-0.0314	0.2790	-0.1128
0.2771	-0.0325	0.2790	-0.1167
0.2770	-0.0336	0.2790	-0.1208
0.2758	-0.0346	0.2780	-0.1248
0.2757	-0.0357	0.2780	-0.1290
0.2755	-0.0369	0.2780	-0.1331
0.2754	-0.0380	0.2780	-0.1371
0.2752	-0.0391	0.2780	-0.1412
0.2741	-0.0400	0.2770	-0.1451
0.2739	-0.0411	0.2770	-0.1491
0.2738	-0.0423	0.2770	-0.1532
0.2725	-0.0435	0.2760	-0.1584
0.2734	-0.0445	0.2770	-0.1614
0.2732	-0.0456	0.2770	-0.1655
0.2720	-0.0468	0.2760	-0.1704
0.2718	-0.0479	0.2760	-0.1745
0.2716	-0.0490	0.2760	-0.1786
0.2704	-0.0499	0.2750	-0.1826
0.2702	-0.0511	0.2750	-0.1868
0.2700	-0.0521	0.2750	-0.1906
0.2698	-0.0532	0.2750	-0.1946
0.2686	-0.0541	0.2740	-0.1987
0.2684	-0.0552	0.2740	-0.2029
0.2682	-0.0563	0.2740	-0.2069
0.2679	-0.0574	0.2740	-0.2110
0.2677	-0.0585	0.2740	-0.2151
0.2675	-0.0595	0.2740	-0.2190
0.2662	-0.0607	0.2730	-0.2242
0.2649	-0.0615	0.2720	-0.2282
0.2647	-0.0626	0.2720	-0.2323
0.2654	-0.0639	0.2730	-0.2361
0.2662	-0.0650	0.2740	-0.2394
0.2659	-0.0661	0.2740	-0.2435
0.2646	-0.0671	0.2730	-0.2484
0.2634	-0.0679	0.2720	-0.2524
0.2631	-0.0690	0.2720	-0.2566
0.2628	-0.0701	0.2720	-0.2607
0.2625	-0.0711	0.2720	-0.2645
0.2623	-0.0722	0.2720	-0.2685
0.2620	-0.0732	0.2720	-0.2727
0.2616	-0.0743	0.2720	-0.2768
0.2604	-0.0751	0.2710	-0.2808
0.2601	-0.0762	0.2710	-0.2849
0.2607	-0.0775	0.2720	-0.2888
0.2604	-0.0785	0.2720	-0.2928
0.2601	-0.0796	0.2720	-0.2969
0.2598	-0.0807	0.2720	-0.3010
0.2594	-0.0817	0.2720	-0.3051
0.2591	-0.0828	0.2720	-0.3092
0.2578	-0.0835	0.2710	-0.3133
0.2575	-0.0845	0.2710	-0.3172
0.2571	-0.0856	0.2710	-0.3212
0.2568	-0.0866	0.2710	-0.3253
0.2564	-0.0877	0.2710	-0.3294
0.2561	-0.0887	0.2710	-0.3334
0.2557	-0.0898	0.2710	-0.3376
0.2553	-0.0908	0.2710	-0.3417
0.2550	-0.0918	0.2710	-0.3454
0.2546	-0.0928	0.2710	-0.3496
0.2542	-0.0939	0.2710	-0.3537
0.2538	-0.0949	0.2710	-0.3577
0.2535	-0.0959	0.2710	-0.3615
0.2531	-0.0968	0.2710	-0.3654
0.2527	-0.0979	0.2710	-0.3695
0.2523	-0.0988	0.2710	-0.3733
0.2520	-0.0998	0.2710	-0.3771
0.2515	-0.1008	0.2710	-0.3812
0.2512	-0.1018	0.2710	-0.3850
0.2508	-0.1027	0.2710	-0.3889
0.2504	-0.1038	0.2710	-0.3929
0.2500	-0.1047	0.2710	-0.3967
0.2495	-0.1057	0.2710	-0.4008
0.2491	-0.1067	0.2710	-0.4047
0.2487	-0.1076	0.2710	-0.4084
0.2483	-0.1087	0.2710	-0.4125
0.2478	-0.1096	0.2710	-0.4164
0.2483	-0.1110	0.2720	-0.4202
0.2470	-0.1116	0.2710	-0.4242
0.2465	-0.1125	0.2710	-0.4281
0.2461	-0.1134	0.2710	-0.4319
0.2456	-0.1145	0.2710	-0.4360
0.2452	-0.1154	0.2710	-0.4399
0.2447	-0.1164	0.2710	-0.4439
0.2443	-0.1173	0.2710	-0.4477
0.2447	-0.1187	0.2720	-0.4516
0.2442	-0.1197	0.2720	-0.4557
0.2438	-0.1206	0.2720	-0.4594
0.2433	-0.1215	0.2720	-0.4633
0.2428	-0.1226	0.2720	-0.4674
0.2424	-0.1235	0.2720	-0.4712
0.2419	-0.1245	0.2720	-0.4752
0.2414	-0.1254	0.2720	-0.4791
0.2418	-0.1268	0.2730	-0.4829
0.2413	-0.1278	0.2730	-0.4870
0.2408	-0.1287	0.2730	-0.4909
0.2403	-0.1296	0.2730	-0.4946
0.2397	-0.1306	0.2730	-0.4987
0.2392	-0.1315	0.2730	-0.5026
0.2397	-0.1327	0.2740	-0.5055
0.2382	-0.1334	0.2730	-0.5104
0.2377	-0.1343	0.2730	-0.5143
0.2382	-0.1355	0.2740	-0.5172
0.2385	-0.1369	0.2750	-0.5211
0.2379	-0.1379	0.2750	-0.5252
0.2374	-0.1388	0.2750	-0.5290
0.2369	-0.1397	0.2750	-0.5329
0.2363	-0.1407	0.2750	-0.5369
0.2358	-0.1416	0.2750	-0.5407
0.2352	-0.1425	0.2750	-0.5446
0.2355	-0.1440	0.2760	-0.5487
0.2349	-0.1448	0.2760	-0.5524
0.2343	-0.1458	0.2760	-0.5565
0.2338	-0.1467	0.2760	-0.5604
0.2332	-0.1476	0.2760	-0.5642
0.2326	-0.1485	0.2760	-0.5682
0.2331	-0.1497	0.2770	-0.5710
0.2324	-0.1507	0.2770	-0.5751
0.2319	-0.1515	0.2770	-0.5789
0.2321	-0.1530	0.2780	-0.5827
0.2315	-0.1539	0.2780	-0.5868
0.2309	-0.1548	0.2780	-0.5907
0.2303	-0.1558	0.2780	-0.5947
0.2297	-0.1566	0.2780	-0.5985
0.2299	-0.1581	0.2790	-0.6024
0.2292	-0.1590	0.2790	-0.6065
0.2286	-0.1599	0.2790	-0.6102
0.2280	-0.1608	0.2790	-0.6141
0.2284	-0.1620	0.2800	-0.6170
0.2285	-0.1635	0.2810	-0.6212
0.2279	-0.1644	0.2810	-0.6250
0.2272	-0.1653	0.2810	-0.6288
0.2274	-0.1668	0.2820	-0.6329
0.2267	-0.1677	0.2820	-0.6367
0.2261	-0.1685	0.2820	-0.6405
0.2254	-0.1695	0.2820	-0.6447
0.2257	-0.1707	0.2830	-0.6476
0.2250	-0.1716	0.2830	-0.6515
0.2244	-0.1725	0.2830	-0.6553
0.2237	-0.1734	0.2830	-0.6593
0.2238	-0.1748	0.2840	-0.6632
0.2231	-0.1757	0.2840	-0.6670
0.2224	-0.1766	0.2840	-0.6711
0.2225	-0.1781	0.2850	-0.6750
0.2218	-0.1789	0.2850	-0.6787
0.2211	-0.1798	0.2850	-0.6828
0.2213	-0.1811	0.2860	-0.6858
0.2206	-0.1820	0.2860	-0.6896
0.2199	-0.1828	0.2860	-0.6935
0.2200	-0.1844	0.2870	-0.6976
0.2193	-0.1852	0.2870	-0.7013
0.2193	-0.1867	0.2880	-0.7052
0.2193	-0.1882	0.2890	-0.7093
0.2186	-0.1891	0.2890	-0.7131
0.2179	-0.1899	0.2890	-0.7169
0.2171	-0.1908	0.2890	-0.7210
0.2172	-0.1921	0.2900	-0.7240
0.2165	-0.1930	0.2900	-0.7281
0.2165	-0.1945	0.2910	-0.7319
0.2157	-0.1954	0.2910	-0.7360
0.2156	-0.1969	0.2920	-0.7400
0.2148	-0.1978	0.2920	-0.7442
0.2140	-0.1987	0.2920	-0.7483
0.2141	-0.2000	0.2930	-0.7513
0.2133	-0.2009	0.2930	-0.7554
0.2132	-0.2024	0.2940	-0.7594
0.2131	-0.2040	0.2950	-0.7635
0.2123	-0.2049	0.2950	-0.7677
0.2114	-0.2057	0.2950	-0.7717
0.2113	-0.2073	0.2960	-0.7758
0.2104	-0.2082	0.2960	-0.7799
0.2105	-0.2095	0.2970	-0.7829
0.2104	-0.2111	0.2980	-0.7870
0.2095	-0.2119	0.2980	-0.7911
0.2093	-0.2135	0.2990	-0.7952
0.2085	-0.2143	0.2990	-0.7993
0.2076	-0.2152	0.2990	-0.8033
0.2076	-0.2165	0.3000	-0.8064
0.2068	-0.2174	0.3000	-0.8104
0.2065	-0.2190	0.3010	-0.8145
0.2063	-0.2205	0.3020	-0.8187
0.2061	-0.2221	0.3030	-0.8227
0.2053	-0.2229	0.3030	-0.8265
0.2043	-0.2237	0.3030	-0.8307
0.2043	-0.2251	0.3040	-0.8339
0.2034	-0.2260	0.3040	-0.8379
0.2032	-0.2275	0.3050	-0.8418
0.2022	-0.2283	0.3050	-0.8459
0.2020	-0.2299	0.3060	-0.8500
0.2017	-0.2315	0.3070	-0.8540
0.2007	-0.2323	0.3070	-0.8582
0.2007	-0.2336	0.3080	-0.8611
0.1997	-0.2345	0.3080	-0.8653
0.1994	-0.2361	0.3090	-0.8694
0.1991	-0.2376	0.3100	-0.8734
0.1981	-0.2384	0.3100	-0.8775
0.1978	-0.2400	0.3110	-0.8817
0.1977	-0.2414	0.3120	-0.8846
0.1973	-0.2430	0.3130	-0.8888
0.1963	-0.2438	0.3130	-0.8928
0.1959	-0.2454	0.3140	-0.8969
0.1949	-0.2462	0.3140	-0.9010
0.1946	-0.2477	0.3150	-0.9050
0.1935	-0.2485	0.3150	-0.9092
0.1934	-0.2499	0.3160	-0.9121
0.1930	-0.2515	0.3170	-0.9163
0.1915	-0.2538	0.3180	-0.9244
0.1891	-0.2569	0.3190	-0.9364
0.1789	-0.2629	0.3180	-0.9732
0.1732	-0.2619	0.3140	-0.9863
0.1698	-0.2594	0.3100	-0.9912
0.1682	-0.2592	0.3090	-0.9954
0.1657	-0.2584	0.3070	-1.0005
0.1642	-0.2582	0.3060	-1.0046
0.1620	-0.2572	0.3040	-1.0087
0.1602	-0.2572	0.3030	-1.0136
0.1581	-0.2561	0.3010	-1.0177
0.1558	-0.2552	0.2990	-1.0229
0.1543	-0.2550	0.2980	-1.0267
0.1519	-0.2540	0.2960	-1.0319
0.1503	-0.2538	0.2950	-1.0360
0.1483	-0.2527	0.2930	-1.0400
0.1466	-0.2525	0.2920	-1.0449
0.1450	-0.2523	0.2910	-1.0491
0.1427	-0.2513	0.2890	-1.0542
0.1412	-0.2510	0.2880	-1.0584
0.1393	-0.2498	0.2860	-1.0622
0.1375	-0.2496	0.2850	-1.0674
0.1360	-0.2493	0.2840	-1.0714
0.1338	-0.2482	0.2820	-1.0764
0.1323	-0.2479	0.2810	-1.0804
0.1309	-0.2475	0.2800	-1.0845
0.1286	-0.2464	0.2780	-1.0897
0.1272	-0.2461	0.2770	-1.0938
0.1255	-0.2458	0.2760	-1.0987
0.1241	-0.2454	0.2750	-1.1027
0.1226	-0.2450	0.2740	-1.1069
0.1210	-0.2447	0.2730	-1.1118
0.1195	-0.2443	0.2720	-1.1159
0.1181	-0.2439	0.2710	-1.1200
0.1159	-0.2427	0.2690	-1.1252
0.1139	-0.2415	0.2670	-1.1301
0.1129	-0.2420	0.2670	-1.1342
0.1115	-0.2415	0.2660	-1.1382
0.1101	-0.2410	0.2650	-1.1423
0.1081	-0.2398	0.2630	-1.1472
0.1067	-0.2393	0.2620	-1.1513
0.1051	-0.2389	0.2610	-1.1565
0.1037	-0.2384	0.2600	-1.1604
0.1024	-0.2379	0.2590	-1.1644
0.1014	-0.2383	0.2590	-1.1685
0.0998	-0.2379	0.2580	-1.1737
0.0984	-0.2374	0.2570	-1.1778
0.0965	-0.2360	0.2550	-1.1827
0.0952	-0.2355	0.2540	-1.1868
0.0942	-0.2359	0.2540	-1.1908
0.0927	-0.2354	0.2530	-1.1957
0.0913	-0.2349	0.2520	-1.1999
0.0900	-0.2343	0.2510	-1.2040
0.0882	-0.2329	0.2490	-1.2089
0.0872	-0.2332	0.2490	-1.2130
0.0856	-0.2327	0.2480	-1.2182
0.0844	-0.2321	0.2470	-1.2222
0.0834	-0.2325	0.2470	-1.2263
0.0822	-0.2319	0.2460	-1.2302
0.0803	-0.2304	0.2440	-1.2353
0.0794	-0.2307	0.2440	-1.2395
0.0784	-0.2310	0.2440	-1.2435
0.0775	-0.2314	0.2440	-1.2476
0.0760	-0.2308	0.2430	-1.2525
0.0743	-0.2293	0.2410	-1.2574
0.0727	-0.2277	0.2390	-1.2615
0.0718	-0.2280	0.2390	-1.2656
0.0709	-0.2282	0.2390	-1.2697
0.0694	-0.2277	0.2380	-1.2748
0.0685	-0.2279	0.2380	-1.2787
0.0676	-0.2282	0.2380	-1.2828
0.0659	-0.2266	0.2360	-1.2880
0.0647	-0.2259	0.2350	-1.2920
0.0633	-0.2253	0.2340	-1.2970
0.0621	-0.2246	0.2330	-1.3010
0.0612	-0.2248	0.2330	-1.3051
0.0602	-0.2251	0.2330	-1.3093
0.0591	-0.2243	0.2320	-1.3133
0.0582	-0.2246	0.2320	-1.3174
0.0568	-0.2239	0.2310	-1.3223
0.0559	-0.2241	0.2310	-1.3264
0.0543	-0.2225	0.2290	-1.3313
0.0532	-0.2217	0.2280	-1.3354
0.0523	-0.2219	0.2280	-1.3395
0.0509	-0.2212	0.2270	-1.3446
0.0501	-0.2214	0.2270	-1.3485
0.0491	-0.2216	0.2270	-1.3526
0.0482	-0.2218	0.2270	-1.3567
0.0473	-0.2220	0.2270	-1.3607
0.0458	-0.2203	0.2250	-1.3659
0.0447	-0.2195	0.2240	-1.3697
0.0434	-0.2187	0.2230	-1.3749
0.0423	-0.2179	0.2220	-1.3790
0.0414	-0.2181	0.2220	-1.3832
0.0405	-0.2183	0.2220	-1.3872
0.0397	-0.2184	0.2220	-1.3910
0.0388	-0.2186	0.2220	-1.3952
0.0375	-0.2178	0.2210	-1.4003
0.0364	-0.2170	0.2200	-1.4044
0.0356	-0.2171	0.2200	-1.4082
0.0343	-0.2163	0.2190	-1.4134
0.0334	-0.2164	0.2190	-1.4175
0.0325	-0.2166	0.2190	-1.4216
0.0317	-0.2167	0.2190	-1.4256
0.0306	-0.2158	0.2180	-1.4298
0.0295	-0.2150	0.2170	-1.4347
0.0286	-0.2151	0.2170	-1.4388
0.0276	-0.2142	0.2160	-1.4428
0.0267	-0.2143	0.2160	-1.4469
0.0255	-0.2135	0.2150	-1.4518
0.0246	-0.2136	0.2150	-1.4559
0.0236	-0.2127	0.2140	-1.4601
0.0228	-0.2128	0.2140	-1.4641
0.0219	-0.2129	0.2140	-1.4682
0.0211	-0.2130	0.2140	-1.4720
0.0202	-0.2130	0.2140	-1.4761
0.0190	-0.2121	0.2130	-1.4813
0.0182	-0.2122	0.2130	-1.4854
0.0172	-0.2113	0.2120	-1.4895
0.0164	-0.2114	0.2120	-1.4933
0.0156	-0.2114	0.2120	-1.4974
0.0147	-0.2115	0.2120	-1.5015
0.0135	-0.2106	0.2110	-1.5067
0.0127	-0.2106	0.2110	-1.5108
0.0118	-0.2107	0.2110	-1.5146
0.0110	-0.2107	0.2110	-1.5186
0.0099	-0.2098	0.2100	-1.5238
0.0090	-0.2088	0.2090	-1.5279
0.0081	-0.2088	0.2090	-1.5321
0.0073	-0.2089	0.2090	-1.5358
0.0062	-0.2079	0.2080	-1.5408
0.0054	-0.2079	0.2080	-1.5448
0.0048	-0.2089	0.2090	-1.5479
0.0037	-0.2080	0.2080	-1.5528
0.0029	-0.2070	0.2070	-1.5566
0.0022	-0.2070	0.2070	-1.5603
0.0013	-0.2070	0.2070	-1.5645
0.0005	-0.2070	0.2070	-1.5683
-0.0005	-0.2060	0.2060	-1.5732
-0.0013	-0.2060	0.2060	-1.5773
-0.0021	-0.2060	0.2060	-1.5812
-0.0030	-0.2060	0.2060	-1.5852
-0.0037	-0.2050	0.2050	-1.5890
-0.0045	-0.2050	0.2050	-1.5928
-0.0054	-0.2049	0.2050	-1.5970
-0.0061	-0.2049	0.2050	-1.6007
-0.0071	-0.2039	0.2040	-1.6057
-0.0079	-0.2038	0.2040	-1.6097
-0.0087	-0.2038	0.2040	-1.6136
-0.0097	-0.2028	0.2030	-1.6184
-0.0105	-0.2027	0.2030	-1.6226
-0.0113	-0.2027	0.2030	-1.6264
-0.0121	-0.2026	0.2030	-1.6302
-0.0129	-0.2026	0.2030	-1.6343
-0.0136	-0.2015	0.2020	-1.6381
-0.0144	-0.2015	0.2020	-1.6422
-0.0152	-0.2014	0.2020	-1.6461
-0.0159	-0.2014	0.2020	-1.6498
-0.0168	-0.2013	0.2020	-1.6539
-0.0175	-0.2012	0.2020	-1.6578
-0.0184	-0.2002	0.2010	-1.6626
-0.0193	-0.2001	0.2010	-1.6668
-0.0200	-0.2000	0.2010	-1.6706
-0.0208	-0.1999	0.2010	-1.6746
-0.0216	-0.1998	0.2010	-1.6785
-0.0224	-0.1998	0.2010	-1.6823
-0.0231	-0.1987	0.2000	-1.6864
-0.0238	-0.1986	0.2000	-1.6902
-0.0246	-0.1985	0.2000	-1.6943
-0.0254	-0.1984	0.2000	-1.6981
-0.0262	-0.1983	0.2000	-1.7020
-0.0270	-0.1972	0.1990	-1.7068
-0.0278	-0.1970	0.1990	-1.7110
-0.0285	-0.1969	0.1990	-1.7147
-0.0294	-0.1968	0.1990	-1.7188
-0.0301	-0.1967	0.1990	-1.7227
-0.0309	-0.1966	0.1990	-1.7268
-0.0317	-0.1965	0.1990	-1.7305
-0.0324	-0.1963	0.1990	-1.7344
-0.0332	-0.1962	0.1990	-1.7385
-0.0340	-0.1951	0.1980	-1.7434
-0.0347	-0.1949	0.1980	-1.7472
-0.0356	-0.1948	0.1980	-1.7513
-0.0363	-0.1946	0.1980	-1.7551
-0.0371	-0.1945	0.1980	-1.7592
-0.0378	-0.1944	0.1980	-1.7630
-0.0386	-0.1942	0.1980	-1.7669
-0.0394	-0.1940	0.1980	-1.7709
-0.0399	-0.1929	0.1970	-1.7747
-0.0407	-0.1928	0.1970	-1.7788
-0.0414	-0.1926	0.1970	-1.7827
-0.0424	-0.1934	0.1980	-1.7864
-0.0432	-0.1932	0.1980	-1.7905
-0.0439	-0.1931	0.1980	-1.7944
-0.0447	-0.1929	0.1980	-1.7985
-0.0454	-0.1927	0.1980	-1.8022
-0.0460	-0.1916	0.1970	-1.8064
-0.0467	-0.1914	0.1970	-1.8102
-0.0474	-0.1912	0.1970	-1.8140
-0.0482	-0.1910	0.1970	-1.8181
-0.0489	-0.1908	0.1970	-1.8219
-0.0497	-0.1906	0.1970	-1.8260
-0.0505	-0.1904	0.1970	-1.8298
-0.0512	-0.1902	0.1970	-1.8337
-0.0520	-0.1900	0.1970	-1.8377
-0.0527	-0.1898	0.1970	-1.8415
-0.0535	-0.1896	0.1970	-1.8457
-0.0542	-0.1894	0.1970	-1.8495
-0.0550	-0.1892	0.1970	-1.8535
-0.0557	-0.1890	0.1970	-1.8574
-0.0563	-0.1877	0.1960	-1.8623
-0.0570	-0.1875	0.1960	-1.8661
-0.0578	-0.1873	0.1960	-1.8702
-0.0585	-0.1871	0.1960	-1.8740
-0.0593	-0.1868	0.1960	-1.8781
-0.0601	-0.1876	0.1970	-1.8809
-0.0609	-0.1874	0.1970	-1.8849
-0.0616	-0.1871	0.1970	-1.8887
-0.0624	-0.1869	0.1970	-1.8928
-0.0631	-0.1866	0.1970	-1.8967
-0.0637	-0.1854	0.1960	-1.9016
-0.0644	-0.1851	0.1960	-1.9054
-0.0651	-0.1849	0.1960	-1.9094
-0.0658	-0.1846	0.1960	-1.9133
-0.0666	-0.1843	0.1960	-1.9174
-0.0675	-0.1851	0.1970	-1.9204
-0.0682	-0.1848	0.1970	-1.9245
-0.0689	-0.1845	0.1970	-1.9283
-0.0697	-0.1843	0.1970	-1.9323
-0.0704	-0.1840	0.1970	-1.9365
-0.0712	-0.1837	0.1970	-1.9406
-0.0719	-0.1834	0.1970	-1.9446
-0.0727	-0.1831	0.1970	-1.9487
-0.0734	-0.1828	0.1970	-1.9529
-0.0742	-0.1825	0.1970	-1.9569
-0.0749	-0.1822	0.1970	-1.9610
-0.0756	-0.1819	0.1970	-1.9648
-0.0764	-0.1816	0.1970	-1.9689
-0.0771	-0.1813	0.1970	-1.9730
-0.0779	-0.1810	0.1970	-1.9771
-0.0790	-0.1816	0.1980	-1.9811
-0.0797	-0.1812	0.1980	-1.9853
-0.0805	-0.1809	0.1980	-1.9894
-0.0812	-0.1806	0.1980	-1.9934
-0.0820	-0.1802	0.1980	-1.9975
-0.0827	-0.1799	0.1980	-2.0017
-0.0834	-0.1796	0.1980	-2.0055
-0.0841	-0.1792	0.1980	-2.0095
-0.0848	-0.1789	0.1980	-2.0136
-0.0856	-0.1785	0.1980	-2.0178
-0.0863	-0.1782	0.1980	-2.0218
-0.0873	-0.1788	0.1990	-2.0249
-0.0880	-0.1785	0.1990	-2.0289
-0.0887	-0.1781	0.1990	-2.0330
-0.0895	-0.1778	0.1990	-2.0371
-0.0902	-0.1774	0.1990	-2.0412
-0.0909	-0.1770	0.1990	-2.0453
-0.0916	-0.1766	0.1990	-2.0494
-0.0924	-0.1763	0.1990	-2.0534
-0.0933	-0.1769	0.2000	-2.0564
-0.0941	-0.1765	0.2000	-2.0605
-0.0948	-0.1761	0.2000	-2.0646
-0.0955	-0.1757	0.2000	-2.0687
-0.0962	-0.1754	0.2000	-2.0725
-0.0969	-0.1750	0.2000	-2.0766
-0.0976	-0.1746	0.2000	-2.0807
-0.0983	-0.1742	0.2000	-2.0848
-0.0995	-0.1746	0.2010	-2.0889
-0.1003	-0.1742	0.2010	-2.0930
-0.1010	-0.1738	0.2010	-2.0970
-0.1017	-0.1734	0.2010	-2.1012
-0.1024	-0.1730	0.2010	-2.1053
-0.1031	-0.1726	0.2010	-2.1093
-0.1041	-0.1731	0.2020	-2.1124
-0.1048	-0.1727	0.2020	-2.1164
-0.1055	-0.1722	0.2020	-2.1205
-0.1062	-0.1718	0.2020	-2.1247
-0.1069	-0.1714	0.2020	-2.1284
-0.1076	-0.1710	0.2020	-2.1325
-0.1083	-0.1705	0.2020	-2.1366
-0.1095	-0.1709	0.2030	-2.1407
-0.1102	-0.1705	0.2030	-2.1448
-0.1109	-0.1700	0.2030	-2.1489
-0.1116	-0.1696	0.2030	-2.1529
-0.1127	-0.1701	0.2040	-2.1560
-0.1134	-0.1696	0.2040	-2.1600
-0.1141	-0.1691	0.2040	-2.1642
-0.1148	-0.1687	0.2040	-2.1683
-0.1158	-0.1691	0.2050	-2.1713
-0.1165	-0.1687	0.2050	-2.1754
-0.1172	-0.1682	0.2050	-2.1794
-0.1179	-0.1677	0.2050	-2.1835
-0.1186	-0.1672	0.2050	-2.1876
-0.1198	-0.1676	0.2060	-2.1917
-0.1205	-0.1671	0.2060	-2.1955
-0.1212	-0.1666	0.2060	-2.1996
-0.1218	-0.1661	0.2060	-2.2037
-0.1229	-0.1665	0.2070	-2.2067
-0.1236	-0.1660	0.2070	-2.2108
-0.1243	-0.1655	0.2070	-2.2149
-0.1256	-0.1658	0.2080	-2.2190
-0.1262	-0.1653	0.2080	-2.2230
-0.1269	-0.1648	0.2080	-2.2271
-0.1276	-0.1643	0.2080	-2.2313
-0.1283	-0.1637	0.2080	-2.2353
-0.1294	-0.1641	0.2090	-2.2384
-0.1300	-0.1636	0.2090	-2.2424
-0.1313	-0.1639	0.2100	-2.2465
-0.1320	-0.1633	0.2100	-2.2506
-0.1327	-0.1628	0.2100	-2.2547
-0.1333	-0.1622	0.2100	-2.2588
-0.1340	-0.1617	0.2100	-2.2626
-0.1351	-0.1620	0.2110	-2.2659
-0.1358	-0.1615	0.2110	-2.2700
-0.1369	-0.1618	0.2120	-2.2730
-0.1376	-0.1613	0.2120	-2.2771
-0.1382	-0.1607	0.2120	-2.2811
-0.1389	-0.1602	0.2120	-2.2852
-0.1395	-0.1596	0.2120	-2.2891
-0.1408	-0.1598	0.2130	-2.2931
-0.1415	-0.1592	0.2130	-2.2972
-0.1421	-0.1586	0.2130	-2.3014
-0.1428	-0.1581	0.2130	-2.3054
-0.1439	-0.1584	0.2140	-2.3084
-0.1446	-0.1578	0.2140	-2.3125
-0.1459	-0.1579	0.2150	-2.3166
-0.1465	-0.1573	0.2150	-2.3207
-0.1472	-0.1567	0.2150	-2.3247
-0.1478	-0.1561	0.2150	-2.3289
-0.1490	-0.1564	0.2160	-2.3318
-0.1503	-0.1565	0.2170	-2.3360
-0.1509	-0.1559	0.2170	-2.3398
-0.1515	-0.1553	0.2170	-2.3439
-0.1522	-0.1547	0.2170	-2.3479
-0.1533	-0.1550	0.2180	-2.3509
-0.1540	-0.1543	0.2180	-2.3550
-0.1553	-0.1544	0.2190	-2.3592
-0.1565	-0.1546	0.2200	-2.3621
-0.1571	-0.1540	0.2200	-2.3663
-0.1577	-0.1534	0.2200	-2.3703
-0.1591	-0.1534	0.2210	-2.3744
-0.1597	-0.1527	0.2210	-2.3785
-0.1609	-0.1530	0.2220	-2.3815
-0.1615	-0.1523	0.2220	-2.3856
-0.1621	-0.1516	0.2220	-2.3897
-0.1627	-0.1510	0.2220	-2.3935
-0.1641	-0.1510	0.2230	-2.3976
-0.1653	-0.1512	0.2240	-2.4009
-0.1666	-0.1512	0.2250	-2.4047
-0.1672	-0.1505	0.2250	-2.4087
-0.1679	-0.1498	0.2250	-2.4129
-0.1690	-0.1500	0.2260	-2.4158
-0.1704	-0.1500	0.2270	-2.4200
-0.1710	-0.1493	0.2270	-2.4241
-0.1716	-0.1486	0.2270	-2.4281
-0.1728	-0.1487	0.2280	-2.4312
-0.1742	-0.1486	0.2290	-2.4352
-0.1748	-0.1479	0.2290	-2.4393
-0.1760	-0.1480	0.2300	-2.4423
-0.1766	-0.1473	0.2300	-2.4464
-0.1780	-0.1472	0.2310	-2.4505
-0.1792	-0.1473	0.2320	-2.4535
-0.1806	-0.1472	0.2330	-2.4576
-0.1812	-0.1465	0.2330	-2.4617
-0.1817	-0.1458	0.2330	-2.4655
-0.1831	-0.1457	0.2340	-2.4696
-0.1844	-0.1457	0.2350	-2.4729
-0.1857	-0.1456	0.2360	-2.4767
-0.1863	-0.1449	0.2360	-2.4807
-0.1869	-0.1441	0.2360	-2.4849
-0.1881	-0.1441	0.2370	-2.4878
-0.1887	-0.1434	0.2370	-2.4920
-0.1901	-0.1432	0.2380	-2.4961
-0.1907	-0.1424	0.2380	-2.5001
-0.1919	-0.1424	0.2390	-2.5032
-0.1925	-0.1417	0.2390	-2.5072
-0.1939	-0.1414	0.2400	-2.5113
-0.1953	-0.1412	0.2410	-2.5154
-0.1965	-0.1412	0.2420	-2.5184
-0.1971	-0.1404	0.2420	-2.5225
-0.1985	-0.1402	0.2430	-2.5266
-0.1990	-0.1394	0.2430	-2.5304
-0.2003	-0.1394	0.2440	-2.5337
-0.2009	-0.1385	0.2440	-2.5378
-0.2022	-0.1383	0.2450	-2.5416
-0.2028	-0.1375	0.2450	-2.5456
-0.2040	-0.1375	0.2460	-2.5487
-0.2054	-0.1372	0.2470	-2.5527
-0.2068	-0.1369	0.2480	-2.5569
-0.2074	-0.1360	0.2480	-2.5610
-0.2086	-0.1360	0.2490	-2.5640
-0.2100	-0.1356	0.2500	-2.5681
-0.2112	-0.1356	0.2510	-2.5710
-0.2118	-0.1347	0.2510	-2.5752
-0.2132	-0.1344	0.2520	-2.5792
-0.2146	-0.1340	0.2530	-2.5833
-0.2158	-0.1339	0.2540	-2.5863
-0.2172	-0.1335	0.2550	-2.5904
-0.2178	-0.1326	0.2550	-2.5945
-0.2192	-0.1323	0.2560	-2.5986
-0.2204	-0.1321	0.2570	-2.6016
-0.2210	-0.1312	0.2570	-2.6057
-0.2224	-0.1308	0.2580	-2.6098
-0.2245	-0.1312	0.2600	-2.6128
-0.2250	-0.1303	0.2600	-2.6169
-0.2264	-0.1299	0.2610	-2.6207
-0.2277	-0.1296	0.2620	-2.6240
-0.2291	-0.1292	0.2630	-2.6280
-0.2296	-0.1283	0.2630	-2.6318
-0.2310	-0.1279	0.2640	-2.6360
-0.2322	-0.1277	0.2650	-2.6389
-0.2336	-0.1272	0.2660	-2.6430
-0.2350	-0.1267	0.2670	-2.6472
-0.2363	-0.1265	0.2680	-2.6501
-0.2377	-0.1260	0.2690	-2.6542
-0.2391	-0.1255	0.2700	-2.6583
-0.2403	-0.1252	0.2710	-2.6613
-0.2417	-0.1247	0.2720	-2.6654
-0.2422	-0.1237	0.2720	-2.6695
-0.2436	-0.1232	0.2730	-2.6733
-0.2449	-0.1229	0.2740	-2.6763
-0.2462	-0.1224	0.2750	-2.6802
-0.2484	-0.1226	0.2770	-2.6831
-0.2498	-0.1221	0.2780	-2.6870
-0.2503	-0.1211	0.2780	-2.6910
-0.2516	-0.1205	0.2790	-2.6948
-0.2529	-0.1202	0.2800	-2.6979
-0.2542	-0.1197	0.2810	-2.7016
-0.2556	-0.1191	0.2820	-2.7058
-0.2569	-0.1187	0.2830	-2.7087
-0.2583	-0.1181	0.2840	-2.7126
-0.2596	-0.1176	0.2850	-2.7164
-0.2618	-0.1176	0.2870	-2.7194
-0.2632	-0.1169	0.2880	-2.7235
-0.2646	-0.1163	0.2890	-2.7273
-0.2650	-0.1153	0.2890	-2.7312
-0.2672	-0.1153	0.2910	-2.7341
-0.2686	-0.1146	0.2920	-2.7383
-0.2698	-0.1143	0.2930	-2.7409
-0.2712	-0.1135	0.2940	-2.7451
-0.2725	-0.1129	0.2950	-2.7489
-0.2739	-0.1122	0.2960	-2.7529
-0.2761	-0.1122	0.2980	-2.7557
-0.2775	-0.1114	0.2990	-2.7597
-0.2787	-0.1109	0.3000	-2.7628
-0.2801	-0.1103	0.3010	-2.7665
-0.2824	-0.1099	0.3030	-2.7704
-0.2836	-0.1094	0.3040	-2.7734
-0.2850	-0.1086	0.3050	-2.7775
-0.2873	-0.1082	0.3070	-2.7813
-0.2885	-0.1077	0.3080	-2.7843
-0.2899	-0.1070	0.3090	-2.7881
-0.2913	-0.1061	0.3100	-2.7922
-0.2934	-0.1060	0.3120	-2.7949
-0.2948	-0.1051	0.3130	-2.7990
-0.2971	-0.1047	0.3150	-2.8029
-0.2984	-0.1041	0.3160	-2.8058
-0.2997	-0.1033	0.3170	-2.8097
-0.3020	-0.1027	0.3190	-2.8137
-0.3033	-0.1021	0.3200	-2.8168
-0.3056	-0.1016	0.3220	-2.8206
-0.3069	-0.1008	0.3230	-2.8243
-0.3091	-0.1004	0.3250	-2.8274
-0.3104	-0.0995	0.3260	-2.8314
-0.3126	-0.0992	0.3280	-2.8342
-0.3140	-0.0983	0.3290	-2.8382
-0.3163	-0.0977	0.3310	-2.8421
-0.3185	-0.0973	0.3330	-2.8452
-0.3198	-0.0964	0.3340	-2.8489
-0.3221	-0.0956	0.3360	-2.8530
-0.3233	-0.0950	0.3370	-2.8558
-0.3256	-0.0943	0.3390	-2.8598
-0.3279	-0.0936	0.3410	-2.8637
-0.3301	-0.0931	0.3430	-2.8666
-0.3324	-0.0924	0.3450	-2.8705
-0.3337	-0.0913	0.3460	-2.8746
-0.3359	-0.0908	0.3480	-2.8776
-0.3382	-0.0900	0.3500	-2.8814
-0.3404	-0.0895	0.3520	-2.8844
-0.3427	-0.0887	0.3540	-2.8882
-0.3450	-0.0878	0.3560	-2.8923
-0.3472	-0.0873	0.3580	-2.8953
-0.3495	-0.0864	0.3600	-2.8991
-0.3517	-0.0859	0.3620	-2.9021
-0.3539	-0.0850	0.3640	-2.9059
-0.3562	-0.0840	0.3660	-2.9101
-0.3594	-0.0837	0.3690	-2.9127
-0.3617	-0.0827	0.3710	-2.9169
-0.3638	-0.0821	0.3730	-2.9195
-0.3661	-0.0811	0.3750	-2.9237
-0.3684	-0.0801	0.3770	-2.9275
-0.3716	-0.0796	0.3800	-2.9305
-0.3738	-0.0786	0.3820	-2.9343
-0.3761	-0.0775	0.3840	-2.9383
-0.3793	-0.0770	0.3870	-2.9414
-0.3815	-0.0759	0.3890	-2.9452
-0.3837	-0.0751	0.3910	-2.9482
-0.3869	-0.0742	0.3940	-2.9521
-0.3901	-0.0736	0.3970	-2.9550
-0.3924	-0.0724	0.3990	-2.9591
-0.3956	-0.0715	0.4020	-2.9629
-0.3988	-0.0708	0.4050	-2.9660
-0.4020	-0.0698	0.4080	-2.9698
-0.4042	-0.0689	0.4100	-2.9728
-0.4074	-0.0678	0.4130	-2.9766
-0.4106	-0.0667	0.4160	-2.9806
-0.4138	-0.0660	0.4190	-2.9834
-0.4170	-0.0648	0.4220	-2.9874
-0.4202	-0.0640	0.4250	-2.9905
-0.4234	-0.0628	0.4280	-2.9943
-0.4266	-0.0616	0.4310	-2.9981
-0.4297	-0.0608	0.4340	-3.0011
-0.4339	-0.0596	0.4380	-3.0052
-0.4371	-0.0586	0.4410	-3.0082
-0.4403	-0.0574	0.4440	-3.0120
-0.4444	-0.0565	0.4480	-3.0150
-0.4476	-0.0551	0.4510	-3.0191
-0.4518	-0.0537	0.4550	-3.0232
-0.4559	-0.0529	0.4590	-3.0262
-0.4591	-0.0513	0.4620	-3.0303
-0.4633	-0.0504	0.4660	-3.0333
-0.4675	-0.0489	0.4700	-3.0374
-0.4706	-0.0478	0.4730	-3.0403
-0.4738	-0.0462	0.4760	-3.0445
-0.4769	-0.0444	0.4790	-3.0488
-0.4811	-0.0433	0.4830	-3.0519
-0.4852	-0.0417	0.4870	-3.0559
-0.4894	-0.0402	0.4910	-3.0597
-0.4945	-0.0391	0.4960	-3.0627
-0.4996	-0.0376	0.5010	-3.0665
-0.5037	-0.0363	0.5050	-3.0696
-0.5088	-0.0346	0.5100	-3.0736
-0.5139	-0.0336	0.5150	-3.0764
-0.5170	-0.0317	0.5180	-3.0804
-0.5231	-0.0304	0.5240	-3.0835
-0.5292	-0.0288	0.5300	-3.0872
-0.5333	-0.0270	0.5340	-3.0911
-0.5394	-0.0256	0.5400	-3.0941
-0.5435	-0.0236	0.5440	-3.0982
-0.5495	-0.0224	0.5500	-3.1009
-0.5556	-0.0204	0.5560	-3.1050
-0.5617	-0.0189	0.5620	-3.1080
-0.5677	-0.0169	0.5680	-3.1118
-0.5738	-0.0154	0.5740	-3.1148
-0.5799	-0.0132	0.5800	-3.1189
-0.5859	-0.0115	0.5860	-3.1219
-0.5919	-0.0093	0.5920	-3.1260
-0.5980	-0.0069	0.5980	-3.1301
-0.6040	-0.0052	0.6040	-3.1331
-0.6120	-0.0027	0.6120	-3.1372
-0.6200	-0.0009	0.6200	-3.1402
-0.5215	-0.0221	0.5220	-3.0993
-0.5276	-0.0207	0.5280	-3.1023
-0.5337	-0.0189	0.5340	-3.1061
-0.5377	-0.0173	0.5380	-3.1094
-0.5458	-0.0153	0.5460	-3.1135
-0.5498	-0.0138	0.5500	-3.1165
-0.5559	-0.0117	0.5560	-3.1205
-0.5619	-0.0101	0.5620	-3.1236
-0.5679	-0.0080	0.5680	-3.1276
-0.5760	-0.0063	0.5760	-3.1307
-0.5820	-0.0040	0.5820	-3.1347
-0.5880	-0.0023	0.5880	-3.1378
-0.3857	-0.0507	0.3890	-3.0109
-0.3888	-0.0499	0.3920	-3.0139
-0.3910	-0.0486	0.3940	-3.0180
-0.3951	-0.0479	0.3980	-3.0210
-0.3973	-0.0465	0.4000	-3.0251
-0.4004	-0.0453	0.4030	-3.0289
-0.4036	-0.0444	0.4060	-3.0319
-0.4067	-0.0431	0.4090	-3.0360
-0.4108	-0.0423	0.4130	-3.0390
-0.4149	-0.0415	0.4170	-3.0420
-0.4171	-0.0401	0.4190	-3.0458
-0.4202	-0.0386	0.4220	-3.0499
-0.4243	-0.0377	0.4260	-3.0529
-0.3917	-0.0316	0.3930	-3.0611
-0.3948	-0.0303	0.3960	-3.0649
-0.3989	-0.0294	0.4000	-3.0680
-0.4020	-0.0281	0.4030	-3.0717
-0.4051	-0.0271	0.4060	-3.0748
-0.4082	-0.0258	0.4090	-3.0785
-0.4113	-0.0248	0.4120	-3.0813
-0.4153	-0.0234	0.4160	-3.0854
-0.4194	-0.0225	0.4200	-3.0881
-0.4235	-0.0214	0.4240	-3.0911
-0.4255	-0.0199	0.4260	-3.0949
-0.4296	-0.0183	0.4300	-3.0990
-0.4337	-0.0173	0.4340	-3.1017
-0.4367	-0.0156	0.4370	-3.1058
-0.4408	-0.0146	0.4410	-3.1085
-0.4458	-0.0129	0.4460	-3.1126
-0.4498	-0.0118	0.4500	-3.1153
-0.4539	-0.0101	0.4540	-3.1194
-0.4579	-0.0089	0.4580	-3.1222
-0.4619	-0.0071	0.4620	-3.1263
-0.4660	-0.0059	0.4660	-3.1290
-0.4710	-0.0040	0.4710	-3.1331
-0.4750	-0.0027	0.4750	-3.1358
-0.4800	-0.0008	0.4800	-3.1399
