x	y	r	phi
-0.4090	0.0007	0.4090	3.1400
-0.4080	0.0023	0.4080	3.1359
-0.4070	0.0039	0.4070	3.1321
-0.4070	0.0055	0.4070	3.1280
-0.4079	0.0072	0.4080	3.1240
-0.4069	0.0087	0.4070	3.1201
-0.4069	0.0104	0.4070	3.1160
-0.4068	0.0121	0.4070	3.1119
-0.4068	0.0136	0.4070	3.1081
-0.4057	0.0153	0.4060	3.1040
-0.4056	0.0169	0.4060	3.0999
-0.4066	0.0185	0.4070	3.0961
-0.4075	0.0202	0.4080	3.0920
-0.4054	0.0218	0.4060	3.0879
-0.4033	0.0232	0.4040	3.0841
-0.4042	0.0249	0.4050	3.0800
-0.4041	0.0266	0.4050	3.0759
-0.4040	0.0281	0.4050	3.0721
-0.4039	0.0298	0.4050	3.0680
-0.4028	0.0313	0.4040	3.0639
-0.4026	0.0330	0.4040	3.0598
-0.4025	0.0345	0.4040	3.0560
-0.4024	0.0362	0.4040	3.0520
-0.4032	0.0379	0.4050	3.0478
-0.4021	0.0395	0.4040	3.0437
-0.4009	0.0415	0.4030	3.0385
-0.4007	0.0431	0.4030	3.0345
-0.4016	0.0444	0.4040	3.0314
-0.4014	0.0460	0.4040	3.0274
-0.4001	0.0479	0.4030	3.0224
-0.3990	0.0494	0.4020	3.0184
-0.3997	0.0512	0.4030	3.0143
-0.3995	0.0528	0.4030	3.0101
-0.3993	0.0544	0.4030	3.0061
-0.3991	0.0561	0.4030	3.0020
-0.3979	0.0576	0.4020	2.9979
-0.3986	0.0593	0.4030	2.9939
-0.3984	0.0609	0.4030	2.9900
-0.3992	0.0623	0.4040	2.9868
-0.3989	0.0639	0.4040	2.9826
-0.3966	0.0656	0.4020	2.9777
-0.3963	0.0672	0.4020	2.9736
-0.3961	0.0688	0.4020	2.9696
-0.3968	0.0706	0.4030	2.9655
-0.3965	0.0722	0.4030	2.9613
-0.3962	0.0738	0.4030	2.9573
-0.3959	0.0755	0.4030	2.9532
-0.3956	0.0771	0.4030	2.9491
-0.3953	0.0786	0.4030	2.9452
-0.3949	0.0802	0.4030	2.9412
-0.3946	0.0818	0.4030	2.9371
-0.3943	0.0835	0.4030	2.9330
-0.3939	0.0851	0.4030	2.9289
-0.3936	0.0867	0.4030	2.9248
-0.3932	0.0883	0.4030	2.9207
-0.3928	0.0899	0.4030	2.9167
-0.3936	0.0913	0.4040	2.9137
-0.3932	0.0929	0.4040	2.9096
-0.3917	0.0947	0.4030	2.9044
-0.3914	0.0962	0.4030	2.9006
-0.3920	0.0977	0.4040	2.8973
-0.3926	0.0996	0.4050	2.8932
-0.3922	0.1012	0.4050	2.8892
-0.3908	0.1024	0.4040	2.8853
-0.3904	0.1040	0.4040	2.8812
-0.3909	0.1059	0.4050	2.8771
-0.3905	0.1075	0.4050	2.8731
-0.3910	0.1093	0.4060	2.8689
-0.3905	0.1109	0.4060	2.8648
-0.3901	0.1125	0.4060	2.8608
-0.3896	0.1141	0.4060	2.8567
-0.3892	0.1157	0.4060	2.8525
-0.3887	0.1173	0.4060	2.8485
-0.3882	0.1189	0.4060	2.8444
-0.3887	0.1207	0.4070	2.8405
-0.3892	0.1225	0.4080	2.8365
-0.3887	0.1242	0.4080	2.8324
-0.3872	0.1254	0.4070	2.8283
-0.3867	0.1270	0.4070	2.8243
-0.3871	0.1289	0.4080	2.8201
-0.3875	0.1308	0.4090	2.8160
-0.3870	0.1324	0.4090	2.8120
-0.3855	0.1337	0.4080	2.8079
-0.3859	0.1356	0.4090	2.8037
-0.3853	0.1371	0.4090	2.7997
-0.3848	0.1386	0.4090	2.7959
-0.3842	0.1402	0.4090	2.7917
-0.3847	0.1418	0.4100	2.7885
-0.3841	0.1434	0.4100	2.7844
-0.3836	0.1448	0.4100	2.7805
-0.3839	0.1467	0.4110	2.7765
-0.3833	0.1483	0.4110	2.7724
-0.3836	0.1503	0.4120	2.7683
-0.3830	0.1518	0.4120	2.7642
-0.3824	0.1534	0.4120	2.7601
-0.3827	0.1553	0.4130	2.7560
-0.3820	0.1569	0.4130	2.7520
-0.3814	0.1585	0.4130	2.7478
-0.3807	0.1600	0.4130	2.7437
-0.3810	0.1619	0.4140	2.7397
-0.3813	0.1638	0.4150	2.7359
-0.3797	0.1650	0.4140	2.7317
-0.3790	0.1665	0.4140	2.7277
-0.3793	0.1685	0.4150	2.7236
-0.3795	0.1704	0.4160	2.7195
-0.3799	0.1720	0.4170	2.7165
-0.3792	0.1735	0.4170	2.7124
-0.3785	0.1751	0.4170	2.7083
-0.3787	0.1770	0.4180	2.7042
-0.3779	0.1786	0.4180	2.7001
-0.3772	0.1801	0.4180	2.6961
-0.3774	0.1821	0.4190	2.6919
-0.3775	0.1841	0.4200	2.6878
-0.3776	0.1861	0.4210	2.6838
-0.3769	0.1875	0.4210	2.6800
-0.3762	0.1891	0.4210	2.6758
-0.3754	0.1906	0.4210	2.6718
-0.3755	0.1926	0.4220	2.6677
-0.3756	0.1945	0.4230	2.6639
-0.3748	0.1960	0.4230	2.6597
-0.3741	0.1974	0.4230	2.6560
-0.3744	0.1990	0.4240	2.6529
-0.3745	0.2010	0.4250	2.6489
-0.3737	0.2025	0.4250	2.6451
-0.3738	0.2044	0.4260	2.6412
-0.3738	0.2064	0.4270	2.6371
-0.3730	0.2078	0.4270	2.6333
-0.3730	0.2098	0.4280	2.6292
-0.3722	0.2112	0.4280	2.6254
-0.3722	0.2133	0.4290	2.6213
-0.3714	0.2147	0.4290	2.6175
-0.3714	0.2167	0.4300	2.6134
-0.3714	0.2186	0.4310	2.6096
-0.3705	0.2202	0.4310	2.6055
-0.3707	0.2218	0.4320	2.6025
-0.3707	0.2237	0.4330	2.5987
-0.3699	0.2251	0.4330	2.5948
-0.3698	0.2271	0.4340	2.5908
-0.3689	0.2286	0.4340	2.5870
-0.3688	0.2306	0.4350	2.5828
-0.3688	0.2326	0.4360	2.5790
-0.3687	0.2346	0.4370	2.5750
-0.3695	0.2371	0.4390	2.5711
-0.3685	0.2386	0.4390	2.5670
-0.3686	0.2402	0.4400	2.5640
-0.3685	0.2422	0.4410	2.5602
-0.3684	0.2443	0.4420	2.5561
-0.3683	0.2462	0.4430	2.5524
-0.3673	0.2477	0.4430	2.5482
-0.3672	0.2497	0.4440	2.5444
-0.3678	0.2522	0.4460	2.5406
-0.3676	0.2543	0.4470	2.5365
-0.3667	0.2557	0.4470	2.5327
-0.3648	0.2566	0.4460	2.5286
-0.3638	0.2580	0.4460	2.5247
-0.3636	0.2600	0.4470	2.5207
-0.3636	0.2617	0.4480	2.5176
-0.3634	0.2637	0.4490	2.5139
-0.3631	0.2658	0.4500	2.5098
-0.3629	0.2678	0.4510	2.5059
-0.3610	0.2687	0.4500	2.5018
-0.3600	0.2700	0.4500	2.4981
-0.3597	0.2721	0.4510	2.4940
-0.3602	0.2747	0.4530	2.4901
-0.3608	0.2773	0.4550	2.4863
-0.3607	0.2790	0.4560	2.4833
-0.3604	0.2811	0.4570	2.4792
-0.3601	0.2830	0.4580	2.4755
-0.3597	0.2851	0.4590	2.4713
-0.3594	0.2871	0.4600	2.4675
-0.3590	0.2892	0.4610	2.4634
-0.3587	0.2912	0.4620	2.4596
-0.3593	0.2936	0.4640	2.4566
-0.3589	0.2956	0.4650	2.4525
-0.3585	0.2977	0.4660	2.4487
-0.3582	0.2997	0.4670	2.4449
-0.3569	0.3011	0.4670	2.4408
-0.3573	0.3038	0.4690	2.4369
-0.3568	0.3059	0.4700	2.4329
-0.3564	0.3079	0.4710	2.4291
-0.3559	0.3100	0.4720	2.4249
-0.3557	0.3118	0.4730	2.4220
-0.3560	0.3144	0.4750	2.4181
-0.3555	0.3165	0.4760	2.4141
-0.3550	0.3186	0.4770	2.4103
-0.3545	0.3207	0.4780	2.4061
-0.3540	0.3227	0.4790	2.4023
-0.3535	0.3248	0.4800	2.3985
-0.3536	0.3275	0.4820	2.3944
-0.3533	0.3293	0.4830	2.3914
-0.3536	0.3320	0.4850	2.3876
-0.3529	0.3341	0.4860	2.3835
-0.3524	0.3362	0.4870	2.3797
-0.3524	0.3390	0.4890	2.3756
-0.3519	0.3410	0.4900	2.3718
-0.3512	0.3432	0.4910	2.3677
-0.3509	0.3449	0.4920	2.3647
-0.3502	0.3470	0.4930	2.3609
-0.3503	0.3497	0.4950	2.3571
-0.3503	0.3526	0.4970	2.3529
-0.3497	0.3546	0.4980	2.3492
-0.3489	0.3567	0.4990	2.3451
-0.3489	0.3595	0.5010	2.3412
-0.3485	0.3613	0.5020	2.3383
-0.3484	0.3642	0.5040	2.3341
-0.3477	0.3662	0.5050	2.3303
-0.3476	0.3691	0.5070	2.3263
-0.3469	0.3711	0.5080	2.3224
-0.3460	0.3733	0.5090	2.3183
-0.3460	0.3761	0.5110	2.3145
-0.3462	0.3786	0.5130	2.3115
-0.3454	0.3807	0.5140	2.3077
-0.3452	0.3835	0.5160	2.3037
-0.3450	0.3864	0.5180	2.2995
-0.3435	0.3878	0.5180	2.2957
-0.3432	0.3907	0.5200	2.2916
-0.3429	0.3936	0.5220	2.2875
-0.3430	0.3961	0.5240	2.2845
-0.3427	0.3990	0.5260	2.2805
-0.3424	0.4019	0.5280	2.2763
-0.3407	0.4034	0.5280	2.2722
-0.3405	0.4062	0.5300	2.2685
-0.3401	0.4091	0.5320	2.2643
-0.3397	0.4120	0.5340	2.2602
-0.3397	0.4146	0.5360	2.2573
-0.3393	0.4175	0.5380	2.2531
-0.3388	0.4205	0.5400	2.2491
-0.3383	0.4234	0.5420	2.2450
-0.3380	0.4263	0.5440	2.2411
-0.3374	0.4292	0.5460	2.2370
-0.3357	0.4306	0.5460	2.2330
-0.3357	0.4332	0.5480	2.2300
-0.3363	0.4377	0.5520	2.2259
-0.3357	0.4407	0.5540	2.2218
-0.3340	0.4420	0.5540	2.2179
-0.3334	0.4449	0.5560	2.2139
-0.3328	0.4479	0.5580	2.2098
-0.3326	0.4505	0.5600	2.2068
-0.3320	0.4535	0.5620	2.2027
-0.3313	0.4565	0.5640	2.1986
-0.3306	0.4594	0.5660	2.1946
-0.3300	0.4623	0.5680	2.1907
-0.3292	0.4653	0.5700	2.1866
-0.3302	0.4695	0.5740	2.1836
-0.3305	0.4742	0.5780	2.1795
-0.3286	0.4755	0.5780	2.1755
-0.3278	0.4785	0.5800	2.1713
-0.3258	0.4799	0.5800	2.1672
-0.3262	0.4844	0.5840	2.1634
-0.3268	0.4888	0.5880	2.1601
-0.3272	0.4934	0.5920	2.1564
-0.3252	0.4947	0.5920	2.1523
-0.3220	0.4944	0.5900	2.1481
-0.3222	0.4990	0.5940	2.1441
-0.3223	0.5037	0.5980	2.1400
-0.3240	0.5097	0.6040	2.1370
-0.3230	0.5128	0.6060	2.1329
-0.3221	0.5157	0.6080	2.1291
-0.3199	0.5170	0.6080	2.1249
-0.3189	0.5200	0.6100	2.1209
-0.3178	0.5230	0.6120	2.1168
-0.3183	0.5274	0.6160	2.1138
-0.3182	0.5321	0.6200	2.1097
-0.3170	0.5352	0.6220	2.1056
-0.3170	0.5398	0.6260	2.1018
-0.3158	0.5428	0.6280	2.0977
-0.3146	0.5458	0.6300	2.0936
-0.3149	0.5503	0.6340	2.0906
-0.3146	0.5550	0.6380	2.0865
-0.3134	0.5580	0.6400	2.0825
-0.3112	0.5592	0.6400	2.0786
-0.3109	0.5640	0.6440	2.0745
-0.3111	0.5684	0.6480	2.0715
-0.3107	0.5732	0.6520	2.0674
-0.3093	0.5762	0.6540	2.0634
-0.3088	0.5810	0.6580	2.0593
-0.3073	0.5841	0.6600	2.0552
-0.3069	0.5888	0.6640	2.0513
-0.3068	0.5934	0.6680	2.0481
-0.3064	0.5981	0.6720	2.0442
-0.3049	0.6011	0.6740	2.0402
-0.3042	0.6059	0.6780	2.0361
-0.3035	0.6108	0.6820	2.0319
-0.3025	0.6135	0.6840	2.0290
-0.3018	0.6183	0.6880	2.0249
-0.3010	0.6231	0.6920	2.0208
-0.3004	0.6279	0.6960	2.0170
-0.2995	0.6327	0.7000	2.0129
-0.2993	0.6372	0.7040	2.0099
-0.2983	0.6421	0.7080	2.0058
-0.2974	0.6469	0.7120	2.0017
-0.2956	0.6499	0.7140	1.9976
-0.2945	0.6548	0.7180	1.9935
-0.2950	0.6612	0.7240	1.9905
-0.2939	0.6660	0.7280	1.9864
-0.2930	0.6708	0.7320	1.9827
-0.2919	0.6757	0.7360	1.9785
-0.2906	0.6805	0.7400	1.9744
-0.2895	0.6854	0.7440	1.9704
-0.2889	0.6900	0.7480	1.9673
-0.2884	0.6967	0.7540	1.9633
-0.2871	0.7015	0.7580	1.9592
-0.2866	0.7082	0.7640	1.9553
-0.2852	0.7131	0.7680	1.9512
-0.2845	0.7177	0.7720	1.9483
-0.2838	0.7244	0.7780	1.9442
-0.2823	0.7293	0.7820	1.9401
-0.2807	0.7342	0.7860	1.9360
-0.2799	0.7409	0.7920	1.9320
-0.2797	0.7474	0.7980	1.9289
-0.2788	0.7541	0.8040	1.9249
-0.2770	0.7590	0.8080	1.9207
-0.2759	0.7658	0.8140	1.9166
-0.2742	0.7707	0.8180	1.9126
-0.2742	0.7791	0.8260	1.9092
-0.2724	0.7840	0.8300	1.9052
-0.2705	0.7889	0.8340	1.9011
-0.2698	0.7976	0.8420	1.8970
-0.2700	0.8060	0.8500	1.8940
-0.2679	0.8109	0.8540	1.8899
-0.2665	0.8177	0.8600	1.8858
-0.2656	0.8264	0.8680	1.8817
-0.2632	0.8313	0.8720	1.8774
-0.2615	0.8381	0.8780	1.8733
-0.2614	0.8466	0.8860	1.8703
-0.2603	0.8553	0.8940	1.8662
-0.2590	0.8640	0.9020	1.8621
-0.2572	0.8708	0.9080	1.8580
-0.2555	0.8755	0.9120	1.8548
-0.2541	0.8842	0.9200	1.8507
-0.2527	0.8929	0.9280	1.8465
-0.2512	0.9017	0.9360	1.8425
-0.2496	0.9104	0.9440	1.8384
-0.2490	0.9189	0.9520	1.8354
-0.2478	0.9295	0.9620	1.8313
-0.2455	0.9364	0.9680	1.8272
-0.2434	0.9452	0.9760	1.8228
-0.2425	0.9537	0.9840	1.8198
-0.2406	0.9624	0.9920	1.8158
0.3883	0.4308	0.5800	0.8373
0.3886	0.4279	0.5780	0.8334
0.3863	0.4218	0.5720	0.8293
0.3857	0.4170	0.5680	0.8244
0.3846	0.4125	0.5640	0.8204
0.3836	0.4080	0.5600	0.8163
0.3842	0.4047	0.5580	0.8114
0.3831	0.4002	0.5540	0.8073
0.3818	0.3959	0.5500	0.8034
0.3811	0.3910	0.5460	0.7982
0.3798	0.3867	0.5420	0.7944
0.3799	0.3837	0.5400	0.7904
0.3787	0.3793	0.5360	0.7863
0.3777	0.3747	0.5320	0.7814
0.3764	0.3703	0.5280	0.7772
0.3764	0.3675	0.5260	0.7734
0.3754	0.3627	0.5220	0.7682
0.3753	0.3599	0.5200	0.7644
0.3739	0.3556	0.5160	0.7604
0.3739	0.3527	0.5140	0.7563
0.3727	0.3481	0.5100	0.7514
0.3719	0.3446	0.5070	0.7472
0.3711	0.3410	0.5040	0.7432
0.3710	0.3382	0.5020	0.7391
0.3698	0.3336	0.4980	0.7339
0.3689	0.3300	0.4950	0.7298
0.3688	0.3272	0.4930	0.7258
0.3681	0.3234	0.4900	0.7208
0.3672	0.3199	0.4870	0.7168
0.3670	0.3171	0.4850	0.7126
0.3662	0.3134	0.4820	0.7077
0.3652	0.3099	0.4790	0.7036
0.3642	0.3065	0.4760	0.6995
0.3639	0.3037	0.4740	0.6955
0.3639	0.3006	0.4720	0.6903
0.3629	0.2971	0.4690	0.6862
0.3617	0.2938	0.4660	0.6820
0.3613	0.2911	0.4640	0.6783
0.3612	0.2880	0.4620	0.6731
0.3601	0.2847	0.4590	0.6690
0.3597	0.2820	0.4570	0.6649
0.3594	0.2790	0.4550	0.6600
0.3582	0.2757	0.4520	0.6559
0.3577	0.2730	0.4500	0.6518
0.3573	0.2703	0.4480	0.6477
0.3563	0.2667	0.4450	0.6425
0.3557	0.2640	0.4430	0.6384
0.3551	0.2615	0.4410	0.6347
0.3549	0.2584	0.4390	0.6294
0.3543	0.2558	0.4370	0.6254
0.3537	0.2532	0.4350	0.6213
0.3531	0.2506	0.4330	0.6171
0.3527	0.2477	0.4310	0.6123
0.3521	0.2451	0.4290	0.6082
0.3506	0.2420	0.4260	0.6041
0.3508	0.2400	0.4250	0.6000
0.3504	0.2370	0.4230	0.5948
0.3496	0.2345	0.4210	0.5908
0.3489	0.2320	0.4190	0.5869
0.3482	0.2295	0.4170	0.5828
0.3477	0.2266	0.4150	0.5776
0.3478	0.2246	0.4140	0.5735
0.3470	0.2222	0.4120	0.5695
0.3462	0.2196	0.4100	0.5654
0.3464	0.2174	0.4090	0.5605
0.3456	0.2149	0.4070	0.5564
0.3448	0.2125	0.4050	0.5522
0.3448	0.2105	0.4040	0.5482
0.3441	0.2078	0.4020	0.5433
0.3432	0.2054	0.4000	0.5392
0.3424	0.2029	0.3980	0.5351
0.3423	0.2011	0.3970	0.5310
0.3416	0.1983	0.3950	0.5259
0.3416	0.1964	0.3940	0.5217
0.3406	0.1940	0.3920	0.5176
0.3406	0.1921	0.3910	0.5136
0.3398	0.1894	0.3890	0.5086
0.3396	0.1876	0.3880	0.5046
0.3395	0.1857	0.3870	0.5005
0.3385	0.1833	0.3850	0.4963
0.3377	0.1807	0.3830	0.4914
0.3375	0.1789	0.3820	0.4874
0.3374	0.1771	0.3810	0.4833
0.3372	0.1752	0.3800	0.4792
0.3363	0.1725	0.3780	0.4740
0.3361	0.1707	0.3770	0.4699
0.3359	0.1689	0.3760	0.4659
0.3348	0.1667	0.3740	0.4620
0.3346	0.1649	0.3730	0.4579
0.3345	0.1627	0.3720	0.4527
0.3343	0.1609	0.3710	0.4487
0.3340	0.1591	0.3700	0.4446
0.3338	0.1573	0.3690	0.4404
0.3327	0.1548	0.3670	0.4356
0.3325	0.1531	0.3660	0.4314
0.3322	0.1513	0.3650	0.4274
0.3319	0.1495	0.3640	0.4233
0.3316	0.1477	0.3630	0.4192
0.3313	0.1460	0.3620	0.4151
0.3301	0.1436	0.3600	0.4102
0.3298	0.1418	0.3590	0.4061
0.3295	0.1401	0.3580	0.4020
0.3291	0.1384	0.3570	0.3980
0.3289	0.1362	0.3560	0.3927
0.3285	0.1345	0.3550	0.3887
0.3281	0.1329	0.3540	0.3848
0.3277	0.1312	0.3530	0.3807
0.3273	0.1295	0.3520	0.3767
0.3271	0.1274	0.3510	0.3715
0.3276	0.1261	0.3510	0.3674
0.3272	0.1244	0.3500	0.3633
0.3267	0.1227	0.3490	0.3592
0.3263	0.1210	0.3480	0.3551
0.3258	0.1194	0.3470	0.3513
0.3255	0.1174	0.3460	0.3461
0.3250	0.1157	0.3450	0.3420
0.3245	0.1141	0.3440	0.3380
0.3240	0.1125	0.3430	0.3341
0.3245	0.1111	0.3430	0.3300
0.3240	0.1096	0.3420	0.3262
0.3236	0.1077	0.3410	0.3213
0.3230	0.1061	0.3400	0.3172
0.3225	0.1045	0.3390	0.3134
0.3229	0.1032	0.3390	0.3093
0.3224	0.1016	0.3380	0.3052
0.3218	0.1000	0.3370	0.3014
0.3213	0.0982	0.3360	0.2964
0.3208	0.0966	0.3350	0.2924
0.3211	0.0953	0.3350	0.2886
0.3206	0.0937	0.3340	0.2845
0.3200	0.0922	0.3330	0.2804
0.3203	0.0909	0.3330	0.2766
0.3198	0.0891	0.3320	0.2717
0.3192	0.0875	0.3310	0.2676
0.3186	0.0860	0.3300	0.2637
0.3189	0.0847	0.3300	0.2596
0.3183	0.0832	0.3290	0.2556
0.3186	0.0820	0.3290	0.2518
0.3190	0.0806	0.3290	0.2476
0.3183	0.0792	0.3280	0.2438
0.3177	0.0774	0.3270	0.2389
0.3170	0.0759	0.3260	0.2349
0.3164	0.0743	0.3250	0.2308
0.3167	0.0731	0.3250	0.2269
0.3170	0.0718	0.3250	0.2228
0.3163	0.0704	0.3240	0.2191
0.3156	0.0686	0.3230	0.2141
0.3149	0.0671	0.3220	0.2101
0.3152	0.0659	0.3220	0.2062
0.3154	0.0646	0.3220	0.2021
0.3147	0.0632	0.3210	0.1981
0.3150	0.0620	0.3210	0.1942
0.3142	0.0605	0.3200	0.1901
0.3135	0.0588	0.3190	0.1852
0.3128	0.0574	0.3180	0.1814
0.3130	0.0561	0.3180	0.1773
0.3142	0.0550	0.3190	0.1732
0.3134	0.0536	0.3180	0.1694
0.3127	0.0522	0.3170	0.1653
0.3119	0.0508	0.3160	0.1615
0.3121	0.0495	0.3160	0.1574
0.3113	0.0479	0.3150	0.1525
0.3115	0.0466	0.3150	0.1484
0.3107	0.0452	0.3140	0.1446
0.3109	0.0440	0.3140	0.1405
0.3111	0.0428	0.3140	0.1367
0.3112	0.0415	0.3140	0.1326
0.3104	0.0402	0.3130	0.1288
0.3096	0.0388	0.3120	0.1246
0.3097	0.0376	0.3120	0.1209
0.3089	0.0359	0.3110	0.1157
0.3091	0.0347	0.3110	0.1119
0.3092	0.0334	0.3110	0.1078
0.3083	0.0322	0.3100	0.1039
0.3085	0.0309	0.3100	0.0999
0.3086	0.0297	0.3100	0.0961
0.3077	0.0284	0.3090	0.0919
0.3068	0.0270	0.3080	0.0878
0.3069	0.0259	0.3080	0.0841
0.3070	0.0246	0.3080	0.0800
0.3071	0.0234	0.3080	0.0761
0.3062	0.0219	0.3070	0.0712
0.3063	0.0206	0.3070	0.0671
0.3064	0.0194	0.3070	0.0631
0.3055	0.0181	0.3060	0.0593
0.3055	0.0169	0.3060	0.0551
0.3056	0.0157	0.3060	0.0513
0.3047	0.0144	0.3050	0.0473
0.3047	0.0132	0.3050	0.0434
0.3038	0.0119	0.3040	0.0393
0.3038	0.0108	0.3040	0.0355
0.3038	0.0096	0.3040	0.0314
0.3039	0.0083	0.3040	0.0273
0.3039	0.0071	0.3040	0.0235
0.3039	0.0059	0.3040	0.0194
0.3040	0.0048	0.3040	0.0156
0.3030	0.0032	0.3030	0.0106
0.3020	0.0020	0.3020	0.0066
0.3020	0.0008	0.3020	0.0025
0.3020	-0.0004	0.3020	-0.0013
0.3020	-0.0016	0.3020	-0.0054
0.3020	-0.0028	0.3020	-0.0092
0.3010	-0.0040	0.3010	-0.0133
0.3010	-0.0052	0.3010	-0.0172
0.2999	-0.0064	0.3000	-0.0212
0.3009	-0.0075	0.3010	-0.0250
0.3009	-0.0088	0.3010	-0.0291
0.2998	-0.0100	0.3000	-0.0333
0.2998	-0.0111	0.3000	-0.0370
0.2997	-0.0123	0.3000	-0.0411
0.2987	-0.0138	0.2990	-0.0460
0.2986	-0.0149	0.2990	-0.0499
0.2986	-0.0161	0.2990	-0.0540
0.2985	-0.0173	0.2990	-0.0580
0.2984	-0.0185	0.2990	-0.0618
0.2974	-0.0196	0.2980	-0.0660
0.2973	-0.0208	0.2980	-0.0698
0.2972	-0.0220	0.2980	-0.0738
0.2971	-0.0232	0.2980	-0.0779
0.2970	-0.0243	0.2980	-0.0818
0.2969	-0.0256	0.2980	-0.0859
0.2958	-0.0266	0.2970	-0.0896
0.2957	-0.0278	0.2970	-0.0938
0.2956	-0.0290	0.2970	-0.0979
0.2955	-0.0301	0.2970	-0.1016
0.2953	-0.0313	0.2970	-0.1057
0.2952	-0.0325	0.2970	-0.1096
0.2941	-0.0339	0.2960	-0.1148
0.2939	-0.0350	0.2960	-0.1186
0.2948	-0.0360	0.2970	-0.1216
0.2936	-0.0373	0.2960	-0.1265
0.2935	-0.0385	0.2960	-0.1306
0.2933	-0.0398	0.2960	-0.1347
0.2932	-0.0408	0.2960	-0.1384
0.2930	-0.0421	0.2960	-0.1426
0.2928	-0.0432	0.2960	-0.1464
0.2927	-0.0444	0.2960	-0.1505
0.2925	-0.0455	0.2960	-0.1543
0.2923	-0.0467	0.2960	-0.1584
0.2921	-0.0479	0.2960	-0.1625
0.2909	-0.0488	0.2950	-0.1663
0.2907	-0.0500	0.2950	-0.1704
0.2905	-0.0511	0.2950	-0.1742
0.2913	-0.0525	0.2960	-0.1783
0.2911	-0.0537	0.2960	-0.1824
0.2899	-0.0546	0.2950	-0.1862
0.2897	-0.0558	0.2950	-0.1903
0.2904	-0.0571	0.2960	-0.1941
0.2902	-0.0583	0.2960	-0.1982
0.2900	-0.0595	0.2960	-0.2023
0.2897	-0.0606	0.2960	-0.2061
0.2895	-0.0618	0.2960	-0.2103
0.2892	-0.0629	0.2960	-0.2140
0.2890	-0.0641	0.2960	-0.2181
0.2887	-0.0652	0.2960	-0.2222
0.2885	-0.0663	0.2960	-0.2261
0.2882	-0.0675	0.2960	-0.2301
0.2879	-0.0686	0.2960	-0.2339
0.2877	-0.0698	0.2960	-0.2381
0.2874	-0.0710	0.2960	-0.2421
0.2871	-0.0721	0.2960	-0.2459
0.2868	-0.0732	0.2960	-0.2500
0.2865	-0.0743	0.2960	-0.2539
0.2873	-0.0754	0.2970	-0.2568
0.2859	-0.0767	0.2960	-0.2620
0.2856	-0.0778	0.2960	-0.2659
0.2853	-0.0789	0.2960	-0.2700
0.2850	-0.0800	0.2960	-0.2737
0.2846	-0.0812	0.2960	-0.2778
0.2854	-0.0823	0.2970	-0.2808
0.2850	-0.0834	0.2970	-0.2846
0.2847	-0.0846	0.2970	-0.2888
0.2844	-0.0857	0.2970	-0.2928
0.2840	-0.0868	0.2970	-0.2966
0.2837	-0.0880	0.2970	-0.3008
0.2833	-0.0891	0.2970	-0.3046
0.2830	-0.0902	0.2970	-0.3086
0.2826	-0.0914	0.2970	-0.3127
0.2832	-0.0928	0.2980	-0.3166
0.2828	-0.0939	0.2980	-0.3207
0.2815	-0.0947	0.2970	-0.3244
0.2811	-0.0958	0.2970	-0.3286
0.2826	-0.0976	0.2990	-0.3327
0.2833	-0.0988	0.3000	-0.3357
0.2829	-0.0999	0.3000	-0.3395
0.2814	-0.1009	0.2990	-0.3444
0.2810	-0.1021	0.2990	-0.3485
0.2806	-0.1032	0.2990	-0.3525
0.2802	-0.1043	0.2990	-0.3564
0.2798	-0.1055	0.2990	-0.3605
0.2804	-0.1067	0.3000	-0.3635
0.2800	-0.1077	0.3000	-0.3673
0.2795	-0.1089	0.3000	-0.3714
0.2800	-0.1104	0.3010	-0.3754
0.2796	-0.1114	0.3010	-0.3793
0.2791	-0.1126	0.3010	-0.3834
0.2787	-0.1137	0.3010	-0.3872
0.2783	-0.1148	0.3010	-0.3913
0.2787	-0.1163	0.3020	-0.3954
0.2783	-0.1174	0.3020	-0.3992
0.2778	-0.1185	0.3020	-0.4032
0.2782	-0.1200	0.3030	-0.4071
0.2777	-0.1211	0.3030	-0.4112
0.2773	-0.1222	0.3030	-0.4150
0.2768	-0.1233	0.3030	-0.4191
0.2763	-0.1244	0.3030	-0.4232
0.2768	-0.1257	0.3040	-0.4262
0.2763	-0.1267	0.3040	-0.4300
0.2758	-0.1279	0.3040	-0.4341
0.2753	-0.1290	0.3040	-0.4382
0.2757	-0.1305	0.3050	-0.4423
0.2751	-0.1317	0.3050	-0.4464
0.2746	-0.1328	0.3050	-0.4505
0.2740	-0.1339	0.3050	-0.4545
0.2735	-0.1350	0.3050	-0.4584
0.2730	-0.1361	0.3050	-0.4625
0.2733	-0.1376	0.3060	-0.4665
0.2736	-0.1392	0.3070	-0.4706
0.2730	-0.1403	0.3070	-0.4748
0.2735	-0.1416	0.3080	-0.4777
0.2729	-0.1427	0.3080	-0.4819
0.2724	-0.1438	0.3080	-0.4859
0.2718	-0.1450	0.3080	-0.4900
0.2720	-0.1465	0.3090	-0.4941
0.2714	-0.1476	0.3090	-0.4982
0.2709	-0.1487	0.3090	-0.5020
0.2711	-0.1503	0.3100	-0.5061
0.2705	-0.1514	0.3100	-0.5101
0.2699	-0.1525	0.3100	-0.5143
0.2701	-0.1541	0.3110	-0.5184
0.2695	-0.1552	0.3110	-0.5224
0.2699	-0.1565	0.3120	-0.5255
0.2693	-0.1576	0.3120	-0.5295
0.2695	-0.1592	0.3130	-0.5336
0.2688	-0.1603	0.3130	-0.5378
0.2682	-0.1614	0.3130	-0.5418
0.2684	-0.1629	0.3140	-0.5456
0.2677	-0.1641	0.3140	-0.5497
0.2679	-0.1657	0.3150	-0.5539
0.2672	-0.1668	0.3150	-0.5579
0.2665	-0.1679	0.3150	-0.5620
0.2669	-0.1692	0.3160	-0.5650
0.2670	-0.1708	0.3170	-0.5691
0.2663	-0.1719	0.3170	-0.5732
0.2656	-0.1730	0.3170	-0.5773
0.2658	-0.1746	0.3180	-0.5814
0.2659	-0.1763	0.3190	-0.5855
0.2662	-0.1776	0.3200	-0.5885
0.2655	-0.1787	0.3200	-0.5925
0.2647	-0.1798	0.3200	-0.5966
0.2648	-0.1814	0.3210	-0.6007
0.2649	-0.1830	0.3220	-0.6046
0.2642	-0.1841	0.3220	-0.6086
0.2634	-0.1852	0.3220	-0.6127
0.2627	-0.1863	0.3220	-0.6169
0.2627	-0.1879	0.3230	-0.6209
0.2630	-0.1893	0.3240	-0.6239
0.2630	-0.1909	0.3250	-0.6280
0.2622	-0.1920	0.3250	-0.6321
0.2622	-0.1937	0.3260	-0.6362
0.2614	-0.1947	0.3260	-0.6402
0.2606	-0.1958	0.3260	-0.6444
0.2607	-0.1974	0.3270	-0.6482
0.2616	-0.1995	0.3290	-0.6515
0.2608	-0.2006	0.3290	-0.6556
0.2608	-0.2022	0.3300	-0.6593
0.2600	-0.2032	0.3300	-0.6634
0.2592	-0.2043	0.3300	-0.6676
0.2591	-0.2060	0.3310	-0.6716
0.2590	-0.2077	0.3320	-0.6757
0.2592	-0.2090	0.3330	-0.6787
0.2583	-0.2101	0.3330	-0.6828
0.2582	-0.2118	0.3340	-0.6869
0.2582	-0.2135	0.3350	-0.6910
0.2573	-0.2146	0.3350	-0.6951
0.2572	-0.2163	0.3360	-0.6992
0.2573	-0.2177	0.3370	-0.7022
0.2571	-0.2194	0.3380	-0.7063
0.2563	-0.2204	0.3380	-0.7103
0.2561	-0.2221	0.3390	-0.7145
0.2560	-0.2238	0.3400	-0.7183
0.2558	-0.2254	0.3410	-0.7223
0.2558	-0.2270	0.3420	-0.7257
0.2550	-0.2279	0.3420	-0.7294
0.2548	-0.2296	0.3430	-0.7335
0.2546	-0.2314	0.3440	-0.7377
0.2544	-0.2331	0.3450	-0.7417
0.2542	-0.2348	0.3460	-0.7458
0.2532	-0.2358	0.3460	-0.7499
0.2532	-0.2373	0.3470	-0.7529
0.2530	-0.2390	0.3480	-0.7570
0.2527	-0.2407	0.3490	-0.7610
0.2524	-0.2424	0.3500	-0.7652
0.2522	-0.2442	0.3510	-0.7693
0.2521	-0.2456	0.3520	-0.7723
0.2518	-0.2473	0.3530	-0.7764
0.2516	-0.2491	0.3540	-0.7804
0.2505	-0.2501	0.3540	-0.7845
0.2503	-0.2518	0.3550	-0.7884
0.2509	-0.2540	0.3570	-0.7916
0.2505	-0.2558	0.3580	-0.7958
0.2474	-0.2587	0.3580	-0.8077
0.2376	-0.2678	0.3580	-0.8450
0.2336	-0.2660	0.3540	-0.8502
0.2289	-0.2635	0.3490	-0.8555
0.2265	-0.2629	0.3470	-0.8595
0.2245	-0.2633	0.3460	-0.8647
0.2221	-0.2627	0.3440	-0.8688
0.2198	-0.2620	0.3420	-0.8729
0.2171	-0.2616	0.3400	-0.8781
0.2148	-0.2610	0.3380	-0.8821
0.2131	-0.2611	0.3370	-0.8863
0.2105	-0.2606	0.3350	-0.8914
0.2082	-0.2599	0.3330	-0.8956
0.2062	-0.2602	0.3320	-0.9007
0.2039	-0.2595	0.3300	-0.9048
0.2016	-0.2587	0.3280	-0.9089
0.1996	-0.2590	0.3270	-0.9141
0.1974	-0.2582	0.3250	-0.9182
0.1957	-0.2582	0.3240	-0.9222
0.1932	-0.2576	0.3220	-0.9274
0.1915	-0.2576	0.3210	-0.9315
0.1890	-0.2570	0.3190	-0.9367
0.1873	-0.2570	0.3180	-0.9408
0.1851	-0.2561	0.3160	-0.9451
0.1832	-0.2562	0.3150	-0.9501
0.1809	-0.2554	0.3130	-0.9544
0.1793	-0.2553	0.3120	-0.9585
0.1768	-0.2546	0.3100	-0.9637
0.1753	-0.2545	0.3090	-0.9678
0.1736	-0.2544	0.3080	-0.9719
0.1718	-0.2545	0.3070	-0.9770
0.1696	-0.2535	0.3050	-0.9812
0.1680	-0.2533	0.3040	-0.9852
0.1661	-0.2534	0.3030	-0.9905
0.1646	-0.2532	0.3020	-0.9945
0.1624	-0.2522	0.3000	-0.9986
0.1606	-0.2522	0.2990	-1.0038
0.1590	-0.2520	0.2980	-1.0079
0.1574	-0.2519	0.2970	-1.0122
0.1551	-0.2509	0.2950	-1.0171
0.1535	-0.2508	0.2940	-1.0215
0.1520	-0.2505	0.2930	-1.0256
0.1501	-0.2505	0.2920	-1.0308
0.1486	-0.2502	0.2910	-1.0349
0.1471	-0.2499	0.2900	-1.0390
0.1453	-0.2498	0.2890	-1.0442
0.1437	-0.2496	0.2880	-1.0483
0.1422	-0.2493	0.2870	-1.0523
0.1407	-0.2490	0.2860	-1.0564
0.1389	-0.2488	0.2850	-1.0616
0.1374	-0.2485	0.2840	-1.0657
0.1359	-0.2482	0.2830	-1.0698
0.1342	-0.2480	0.2820	-1.0749
0.1327	-0.2477	0.2810	-1.0791
0.1311	-0.2474	0.2800	-1.0834
0.1294	-0.2472	0.2790	-1.0884
0.1279	-0.2468	0.2780	-1.0927
0.1264	-0.2465	0.2770	-1.0968
0.1247	-0.2462	0.2760	-1.1020
0.1232	-0.2458	0.2750	-1.1061
0.1223	-0.2463	0.2750	-1.1101
0.1208	-0.2459	0.2740	-1.1142
0.1191	-0.2457	0.2730	-1.1194
0.1176	-0.2452	0.2720	-1.1235
0.1162	-0.2448	0.2710	-1.1276
0.1145	-0.2445	0.2700	-1.1327
0.1131	-0.2441	0.2690	-1.1369
0.1116	-0.2437	0.2680	-1.1413
0.1106	-0.2441	0.2680	-1.1453
0.1089	-0.2438	0.2670	-1.1505
0.1075	-0.2433	0.2660	-1.1546
0.1061	-0.2428	0.2650	-1.1587
0.1045	-0.2424	0.2640	-1.1639
0.1035	-0.2429	0.2640	-1.1679
0.1021	-0.2424	0.2630	-1.1721
0.1007	-0.2419	0.2620	-1.1762
0.0997	-0.2423	0.2620	-1.1805
0.0981	-0.2419	0.2610	-1.1854
0.0967	-0.2414	0.2600	-1.1898
0.0953	-0.2408	0.2590	-1.1938
0.0937	-0.2404	0.2580	-1.1991
0.0927	-0.2408	0.2580	-1.2031
0.0917	-0.2411	0.2580	-1.2072
0.0904	-0.2406	0.2570	-1.2114
0.0888	-0.2401	0.2560	-1.2165
0.0875	-0.2395	0.2550	-1.2206
0.0862	-0.2389	0.2540	-1.2247
0.0851	-0.2393	0.2540	-1.2290
0.0836	-0.2388	0.2530	-1.2340
0.0826	-0.2391	0.2530	-1.2380
0.0814	-0.2385	0.2520	-1.2419
0.0804	-0.2388	0.2520	-1.2460
0.0792	-0.2382	0.2510	-1.2498
0.0777	-0.2376	0.2500	-1.2547
0.0765	-0.2370	0.2490	-1.2585
0.0755	-0.2373	0.2490	-1.2626
0.0741	-0.2367	0.2480	-1.2675
0.0732	-0.2370	0.2480	-1.2713
0.0723	-0.2372	0.2480	-1.2751
0.0707	-0.2356	0.2460	-1.2792
0.0698	-0.2359	0.2460	-1.2831
0.0689	-0.2361	0.2460	-1.2868
0.0675	-0.2355	0.2450	-1.2918
0.0662	-0.2348	0.2440	-1.2958
0.0653	-0.2351	0.2440	-1.2997
0.0639	-0.2344	0.2430	-1.3046
0.0630	-0.2347	0.2430	-1.3087
0.0618	-0.2340	0.2420	-1.3125
0.0609	-0.2342	0.2420	-1.3163
0.0595	-0.2335	0.2410	-1.3212
0.0586	-0.2338	0.2410	-1.3254
0.0574	-0.2330	0.2400	-1.3291
0.0566	-0.2332	0.2400	-1.3329
0.0554	-0.2325	0.2390	-1.3371
0.0545	-0.2327	0.2390	-1.3409
0.0536	-0.2329	0.2390	-1.3446
0.0522	-0.2322	0.2380	-1.3496
0.0513	-0.2324	0.2380	-1.3536
0.0504	-0.2326	0.2380	-1.3575
0.0492	-0.2318	0.2370	-1.3616
0.0479	-0.2311	0.2360	-1.3665
0.0470	-0.2313	0.2360	-1.3703
0.0459	-0.2305	0.2350	-1.3742
0.0450	-0.2307	0.2350	-1.3782
0.0441	-0.2308	0.2350	-1.3820
0.0428	-0.2301	0.2340	-1.3869
0.0419	-0.2302	0.2340	-1.3907
0.0408	-0.2294	0.2330	-1.3949
0.0399	-0.2296	0.2330	-1.3987
0.0390	-0.2297	0.2330	-1.4027
0.0379	-0.2289	0.2320	-1.4066
0.0371	-0.2290	0.2320	-1.4104
0.0361	-0.2292	0.2320	-1.4145
0.0348	-0.2284	0.2310	-1.4194
0.0340	-0.2285	0.2310	-1.4232
0.0331	-0.2286	0.2310	-1.4270
0.0320	-0.2278	0.2300	-1.4311
0.0312	-0.2279	0.2300	-1.4349
0.0299	-0.2270	0.2290	-1.4398
0.0290	-0.2272	0.2290	-1.4437
0.0281	-0.2273	0.2290	-1.4478
0.0272	-0.2274	0.2290	-1.4515
0.0262	-0.2265	0.2280	-1.4557
0.0253	-0.2266	0.2280	-1.4595
0.0241	-0.2257	0.2270	-1.4644
0.0232	-0.2258	0.2270	-1.4682
0.0223	-0.2259	0.2270	-1.4723
0.0215	-0.2260	0.2270	-1.4761
0.0206	-0.2261	0.2270	-1.4799
0.0197	-0.2261	0.2270	-1.4840
0.0187	-0.2252	0.2260	-1.4879
0.0178	-0.2253	0.2260	-1.4919
0.0169	-0.2254	0.2260	-1.4957
0.0161	-0.2254	0.2260	-1.4996
0.0149	-0.2245	0.2250	-1.5045
0.0140	-0.2246	0.2250	-1.5086
0.0131	-0.2246	0.2250	-1.5124
0.0122	-0.2237	0.2240	-1.5162
0.0113	-0.2237	0.2240	-1.5203
0.0105	-0.2238	0.2240	-1.5241
0.0095	-0.2238	0.2240	-1.5282
0.0084	-0.2228	0.2230	-1.5331
0.0075	-0.2229	0.2230	-1.5370
0.0067	-0.2229	0.2230	-1.5408
0.0058	-0.2229	0.2230	-1.5448
0.0049	-0.2219	0.2220	-1.5486
0.0041	-0.2220	0.2220	-1.5525
0.0031	-0.2220	0.2220	-1.5566
0.0023	-0.2220	0.2220	-1.5603
0.0014	-0.2220	0.2220	-1.5645
0.0006	-0.2220	0.2220	-1.5683
-0.0003	-0.2220	0.2220	-1.5721
-0.0012	-0.2220	0.2220	-1.5762
-0.0020	-0.2220	0.2220	-1.5800
-0.0031	-0.2210	0.2210	-1.5849
-0.0040	-0.2210	0.2210	-1.5887
-0.0049	-0.2209	0.2210	-1.5928
-0.0057	-0.2209	0.2210	-1.5967
-0.0065	-0.2199	0.2200	-1.6005
-0.0074	-0.2199	0.2200	-1.6045
-0.0083	-0.2198	0.2200	-1.6084
-0.0092	-0.2198	0.2200	-1.6125
-0.0100	-0.2198	0.2200	-1.6163
-0.0108	-0.2197	0.2200	-1.6201
-0.0117	-0.2197	0.2200	-1.6242
-0.0128	-0.2186	0.2190	-1.6291
-0.0137	-0.2186	0.2190	-1.6332
-0.0144	-0.2195	0.2200	-1.6362
-0.0153	-0.2195	0.2200	-1.6403
-0.0163	-0.2184	0.2190	-1.6452
-0.0172	-0.2183	0.2190	-1.6493
-0.0181	-0.2183	0.2190	-1.6533
-0.0189	-0.2172	0.2180	-1.6575
-0.0197	-0.2171	0.2180	-1.6613
-0.0206	-0.2170	0.2180	-1.6654
-0.0215	-0.2169	0.2180	-1.6695
-0.0224	-0.2168	0.2180	-1.6736
-0.0233	-0.2168	0.2180	-1.6777
-0.0241	-0.2167	0.2180	-1.6814
-0.0250	-0.2166	0.2180	-1.6856
-0.0260	-0.2175	0.2190	-1.6897
-0.0267	-0.2164	0.2180	-1.6937
-0.0276	-0.2163	0.2180	-1.6975
-0.0284	-0.2161	0.2180	-1.7017
-0.0293	-0.2160	0.2180	-1.7058
-0.0302	-0.2159	0.2180	-1.7098
-0.0311	-0.2158	0.2180	-1.7139
-0.0319	-0.2156	0.2180	-1.7178
-0.0328	-0.2155	0.2180	-1.7218
-0.0337	-0.2154	0.2180	-1.7259
-0.0346	-0.2152	0.2180	-1.7300
-0.0354	-0.2151	0.2180	-1.7338
-0.0363	-0.2150	0.2180	-1.7379
-0.0371	-0.2148	0.2180	-1.7420
-0.0380	-0.2147	0.2180	-1.7461
-0.0389	-0.2135	0.2170	-1.7510
-0.0398	-0.2133	0.2170	-1.7551
-0.0406	-0.2132	0.2170	-1.7592
-0.0415	-0.2130	0.2170	-1.7633
-0.0423	-0.2128	0.2170	-1.7671
-0.0432	-0.2137	0.2180	-1.7704
-0.0440	-0.2135	0.2180	-1.7741
-0.0449	-0.2133	0.2180	-1.7783
-0.0457	-0.2121	0.2170	-1.7832
-0.0466	-0.2119	0.2170	-1.7873
-0.0475	-0.2117	0.2170	-1.7914
-0.0483	-0.2115	0.2170	-1.7954
-0.0492	-0.2113	0.2170	-1.7996
-0.0500	-0.2112	0.2170	-1.8034
-0.0509	-0.2120	0.2180	-1.8066
-0.0518	-0.2118	0.2180	-1.8105
-0.0526	-0.2116	0.2180	-1.8145
-0.0535	-0.2113	0.2180	-1.8186
-0.0543	-0.2111	0.2180	-1.8228
-0.0552	-0.2109	0.2180	-1.8266
-0.0560	-0.2107	0.2180	-1.8306
-0.0569	-0.2105	0.2180	-1.8347
-0.0577	-0.2102	0.2180	-1.8389
-0.0586	-0.2100	0.2180	-1.8429
-0.0597	-0.2107	0.2190	-1.8467
-0.0605	-0.2105	0.2190	-1.8508
-0.0614	-0.2102	0.2190	-1.8549
-0.0622	-0.2100	0.2190	-1.8590
-0.0630	-0.2097	0.2190	-1.8628
-0.0639	-0.2095	0.2190	-1.8670
-0.0648	-0.2092	0.2190	-1.8710
-0.0656	-0.2089	0.2190	-1.8751
-0.0665	-0.2087	0.2190	-1.8792
-0.0673	-0.2084	0.2190	-1.8830
-0.0681	-0.2081	0.2190	-1.8871
-0.0690	-0.2079	0.2190	-1.8912
-0.0699	-0.2086	0.2200	-1.8942
-0.0708	-0.2083	0.2200	-1.8983
-0.0716	-0.2080	0.2200	-1.9023
-0.0727	-0.2087	0.2210	-1.9062
-0.0733	-0.2074	0.2200	-1.9103
-0.0741	-0.2071	0.2200	-1.9144
-0.0749	-0.2068	0.2200	-1.9184
-0.0758	-0.2065	0.2200	-1.9226
-0.0766	-0.2062	0.2200	-1.9264
-0.0778	-0.2069	0.2210	-1.9304
-0.0786	-0.2065	0.2210	-1.9345
-0.0795	-0.2062	0.2210	-1.9387
-0.0802	-0.2059	0.2210	-1.9424
-0.0811	-0.2056	0.2210	-1.9465
-0.0821	-0.2063	0.2220	-1.9495
-0.0829	-0.2059	0.2220	-1.9536
-0.0838	-0.2056	0.2220	-1.9577
-0.0846	-0.2052	0.2220	-1.9618
-0.0854	-0.2049	0.2220	-1.9659
-0.0862	-0.2046	0.2220	-1.9697
-0.0871	-0.2042	0.2220	-1.9738
-0.0879	-0.2039	0.2220	-1.9779
-0.0891	-0.2044	0.2230	-1.9820
-0.0899	-0.2041	0.2230	-1.9858
-0.0907	-0.2037	0.2230	-1.9899
-0.0916	-0.2033	0.2230	-1.9940
-0.0926	-0.2040	0.2240	-1.9970
-0.0934	-0.2036	0.2240	-2.0011
-0.0943	-0.2032	0.2240	-2.0052
-0.0951	-0.2028	0.2240	-2.0092
-0.0964	-0.2033	0.2250	-2.0133
-0.0972	-0.2029	0.2250	-2.0175
-0.0980	-0.2025	0.2250	-2.0215
-0.0988	-0.2021	0.2250	-2.0256
-0.0999	-0.2027	0.2260	-2.0286
-0.1007	-0.2023	0.2260	-2.0327
-0.1016	-0.2019	0.2260	-2.0368
-0.1024	-0.2015	0.2260	-2.0409
-0.1032	-0.2011	0.2260	-2.0450
-0.1040	-0.2006	0.2260	-2.0491
-0.1053	-0.2011	0.2270	-2.0531
-0.1061	-0.2007	0.2270	-2.0573
-0.1069	-0.2002	0.2270	-2.0614
-0.1081	-0.2008	0.2280	-2.0646
-0.1089	-0.2003	0.2280	-2.0687
-0.1102	-0.2007	0.2290	-2.0728
-0.1110	-0.2003	0.2290	-2.0769
-0.1118	-0.1998	0.2290	-2.0809
-0.1129	-0.2004	0.2300	-2.0840
-0.1137	-0.1999	0.2300	-2.0880
-0.1146	-0.1994	0.2300	-2.0922
-0.1154	-0.1990	0.2300	-2.0963
-0.1162	-0.1985	0.2300	-2.1006
-0.1176	-0.1988	0.2310	-2.1047
-0.1184	-0.1984	0.2310	-2.1088
-0.1192	-0.1979	0.2310	-2.1129
-0.1203	-0.1984	0.2320	-2.1159
-0.1211	-0.1979	0.2320	-2.1200
-0.1219	-0.1974	0.2320	-2.1241
-0.1227	-0.1969	0.2320	-2.1282
-0.1240	-0.1972	0.2330	-2.1322
-0.1254	-0.1976	0.2340	-2.1364
-0.1262	-0.1970	0.2340	-2.1405
-0.1270	-0.1965	0.2340	-2.1445
-0.1278	-0.1960	0.2340	-2.1486
-0.1290	-0.1964	0.2350	-2.1519
-0.1298	-0.1959	0.2350	-2.1560
-0.1312	-0.1962	0.2360	-2.1600
-0.1320	-0.1957	0.2360	-2.1642
-0.1328	-0.1951	0.2360	-2.1683
-0.1339	-0.1955	0.2370	-2.1713
-0.1347	-0.1950	0.2370	-2.1754
-0.1361	-0.1953	0.2380	-2.1794
-0.1369	-0.1947	0.2380	-2.1835
-0.1377	-0.1941	0.2380	-2.1876
-0.1385	-0.1936	0.2380	-2.1917
-0.1397	-0.1939	0.2390	-2.1949
-0.1411	-0.1942	0.2400	-2.1991
-0.1419	-0.1936	0.2400	-2.2032
-0.1432	-0.1938	0.2410	-2.2072
-0.1440	-0.1932	0.2410	-2.2113
-0.1448	-0.1926	0.2410	-2.2155
-0.1456	-0.1920	0.2410	-2.2195
-0.1468	-0.1924	0.2420	-2.2225
-0.1476	-0.1918	0.2420	-2.2266
-0.1490	-0.1919	0.2430	-2.2310
-0.1498	-0.1913	0.2430	-2.2351
-0.1510	-0.1917	0.2440	-2.2381
-0.1518	-0.1910	0.2440	-2.2422
-0.1532	-0.1912	0.2450	-2.2462
-0.1540	-0.1906	0.2450	-2.2503
-0.1552	-0.1909	0.2460	-2.2533
-0.1560	-0.1902	0.2460	-2.2577
-0.1574	-0.1903	0.2470	-2.2618
-0.1582	-0.1897	0.2470	-2.2659
-0.1596	-0.1898	0.2480	-2.2700
-0.1604	-0.1892	0.2480	-2.2740
-0.1616	-0.1894	0.2490	-2.2771
-0.1624	-0.1888	0.2490	-2.2811
-0.1638	-0.1889	0.2500	-2.2852
-0.1646	-0.1882	0.2500	-2.2894
-0.1653	-0.1875	0.2500	-2.2934
-0.1666	-0.1877	0.2510	-2.2967
-0.1680	-0.1878	0.2520	-2.3008
-0.1688	-0.1871	0.2520	-2.3049
-0.1702	-0.1872	0.2530	-2.3089
-0.1710	-0.1864	0.2530	-2.3131
-0.1722	-0.1867	0.2540	-2.3160
-0.1730	-0.1860	0.2540	-2.3201
-0.1745	-0.1860	0.2550	-2.3243
-0.1752	-0.1853	0.2550	-2.3283
-0.1767	-0.1853	0.2560	-2.3324
-0.1780	-0.1854	0.2570	-2.3357
-0.1787	-0.1847	0.2570	-2.3398
-0.1802	-0.1847	0.2580	-2.3439
-0.1814	-0.1848	0.2590	-2.3469
-0.1822	-0.1841	0.2590	-2.3509
-0.1836	-0.1841	0.2600	-2.3550
-0.1844	-0.1833	0.2600	-2.3592
-0.1858	-0.1833	0.2610	-2.3632
-0.1872	-0.1833	0.2620	-2.3665
-0.1879	-0.1826	0.2620	-2.3706
-0.1894	-0.1825	0.2630	-2.3747
-0.1909	-0.1824	0.2640	-2.3788
-0.1916	-0.1816	0.2640	-2.3828
-0.1929	-0.1817	0.2650	-2.3859
-0.1936	-0.1810	0.2650	-2.3899
-0.1950	-0.1809	0.2660	-2.3938
-0.1965	-0.1808	0.2670	-2.3976
-0.1977	-0.1809	0.2680	-2.4006
-0.1992	-0.1808	0.2690	-2.4047
-0.1999	-0.1800	0.2690	-2.4085
-0.2013	-0.1799	0.2700	-2.4123
-0.2021	-0.1791	0.2700	-2.4164
-0.2033	-0.1792	0.2710	-2.4192
-0.2048	-0.1790	0.2720	-2.4232
-0.2062	-0.1789	0.2730	-2.4270
-0.2075	-0.1789	0.2740	-2.4300
-0.2082	-0.1781	0.2740	-2.4339
-0.2097	-0.1779	0.2750	-2.4380
-0.2111	-0.1778	0.2760	-2.4418
-0.2118	-0.1770	0.2760	-2.4455
-0.2131	-0.1770	0.2770	-2.4486
-0.2146	-0.1767	0.2780	-2.4526
-0.2160	-0.1765	0.2790	-2.4565
-0.2174	-0.1765	0.2800	-2.4595
-0.2188	-0.1763	0.2810	-2.4633
-0.2203	-0.1761	0.2820	-2.4671
-0.2216	-0.1761	0.2830	-2.4701
-0.2223	-0.1752	0.2830	-2.4742
-0.2237	-0.1749	0.2840	-2.4780
-0.2252	-0.1747	0.2850	-2.4819
-0.2265	-0.1746	0.2860	-2.4849
-0.2280	-0.1744	0.2870	-2.4887
-0.2295	-0.1740	0.2880	-2.4928
-0.2309	-0.1738	0.2890	-2.4966
-0.2323	-0.1736	0.2900	-2.4996
-0.2337	-0.1733	0.2910	-2.5035
-0.2352	-0.1730	0.2920	-2.5075
-0.2365	-0.1729	0.2930	-2.5103
-0.2380	-0.1726	0.2940	-2.5143
-0.2395	-0.1722	0.2950	-2.5181
-0.2410	-0.1718	0.2960	-2.5222
-0.2423	-0.1718	0.2970	-2.5249
-0.2438	-0.1713	0.2980	-2.5291
-0.2453	-0.1710	0.2990	-2.5329
-0.2466	-0.1708	0.3000	-2.5359
-0.2481	-0.1704	0.3010	-2.5397
-0.2504	-0.1706	0.3030	-2.5437
-0.2511	-0.1696	0.3030	-2.5476
-0.2524	-0.1694	0.3040	-2.5506
-0.2547	-0.1695	0.3060	-2.5544
-0.2562	-0.1691	0.3070	-2.5582
-0.2576	-0.1689	0.3080	-2.5613
-0.2591	-0.1684	0.3090	-2.5653
-0.2606	-0.1679	0.3100	-2.5691
-0.2628	-0.1682	0.3120	-2.5721
-0.2642	-0.1678	0.3130	-2.5759
-0.2657	-0.1673	0.3140	-2.5798
-0.2673	-0.1667	0.3150	-2.5839
-0.2695	-0.1670	0.3170	-2.5869
-0.2710	-0.1665	0.3180	-2.5907
-0.2724	-0.1659	0.3190	-2.5945
-0.2738	-0.1656	0.3200	-2.5975
-0.2761	-0.1656	0.3220	-2.6013
-0.2777	-0.1650	0.3230	-2.6054
-0.2790	-0.1647	0.3240	-2.6084
-0.2814	-0.1646	0.3260	-2.6122
-0.2829	-0.1641	0.3270	-2.6160
-0.2842	-0.1637	0.3280	-2.6191
-0.2866	-0.1636	0.3300	-2.6228
-0.2881	-0.1629	0.3310	-2.6269
-0.2904	-0.1631	0.3330	-2.6299
-0.2918	-0.1624	0.3340	-2.6337
-0.2942	-0.1623	0.3360	-2.6376
-0.2956	-0.1619	0.3370	-2.6406
-0.2980	-0.1617	0.3390	-2.6444
-0.2995	-0.1609	0.3400	-2.6485
-0.3017	-0.1610	0.3420	-2.6515
-0.3041	-0.1608	0.3440	-2.6553
-0.3056	-0.1601	0.3450	-2.6592
-0.3079	-0.1601	0.3470	-2.6621
-0.3103	-0.1598	0.3490	-2.6660
-0.3118	-0.1590	0.3500	-2.6700
-0.3141	-0.1590	0.3520	-2.6731
-0.3165	-0.1586	0.3540	-2.6769
-0.3179	-0.1579	0.3550	-2.6806
-0.3202	-0.1578	0.3570	-2.6837
-0.3226	-0.1575	0.3590	-2.6875
-0.3251	-0.1570	0.3610	-2.6916
-0.3273	-0.1569	0.3630	-2.6945
-0.3297	-0.1565	0.3650	-2.6984
-0.3312	-0.1557	0.3660	-2.7022
-0.3335	-0.1556	0.3680	-2.7052
-0.3359	-0.1551	0.3700	-2.7090
-0.3384	-0.1546	0.3720	-2.7131
-0.3407	-0.1544	0.3740	-2.7161
-0.3431	-0.1539	0.3760	-2.7199
-0.3455	-0.1534	0.3780	-2.7238
-0.3478	-0.1532	0.3800	-2.7267
-0.3502	-0.1526	0.3820	-2.7306
-0.3526	-0.1520	0.3840	-2.7347
-0.3549	-0.1517	0.3860	-2.7377
-0.3574	-0.1510	0.3880	-2.7418
-0.3598	-0.1505	0.3900	-2.7455
-0.3622	-0.1500	0.3920	-2.7489
-0.3655	-0.1498	0.3950	-2.7526
-0.3678	-0.1494	0.3970	-2.7557
-0.3703	-0.1487	0.3990	-2.7597
-0.3727	-0.1479	0.4010	-2.7638
-0.3760	-0.1479	0.4040	-2.7668
-0.3784	-0.1471	0.4060	-2.7709
-0.3809	-0.1462	0.4080	-2.7751
-0.3841	-0.1462	0.4110	-2.7780
-0.3866	-0.1454	0.4130	-2.7819
-0.3900	-0.1449	0.4160	-2.7859
-0.3923	-0.1444	0.4180	-2.7890
-0.3957	-0.1438	0.4210	-2.7930
-0.3982	-0.1428	0.4230	-2.7971
-0.4014	-0.1427	0.4260	-2.8001
-0.4039	-0.1417	0.4280	-2.8042
-0.4072	-0.1411	0.4310	-2.8080
-0.4105	-0.1409	0.4340	-2.8110
-0.4130	-0.1398	0.4360	-2.8151
-0.4164	-0.1391	0.4390	-2.8192
-0.4197	-0.1388	0.4420	-2.8222
-0.4231	-0.1380	0.4450	-2.8263
-0.4263	-0.1376	0.4480	-2.8293
-0.4288	-0.1365	0.4500	-2.8334
-0.4322	-0.1358	0.4530	-2.8372
-0.4355	-0.1353	0.4560	-2.8405
-0.4389	-0.1345	0.4590	-2.8443
-0.4534	-0.1237	0.4700	-2.8754
-0.4520	-0.1213	0.4680	-2.8795
-0.4515	-0.1192	0.4670	-2.8836
-0.4511	-0.1171	0.4660	-2.8876
-0.4505	-0.1151	0.4650	-2.8915
-0.4500	-0.1130	0.4640	-2.8956
-0.4496	-0.1106	0.4630	-2.9005
-0.4501	-0.1087	0.4630	-2.9046
-0.4495	-0.1067	0.4620	-2.9086
-0.4500	-0.1048	0.4620	-2.9127
-0.4494	-0.1029	0.4610	-2.9166
-0.4488	-0.1008	0.4600	-2.9207
-0.4482	-0.0988	0.4590	-2.9247
-0.4487	-0.0969	0.4590	-2.9288
-0.4480	-0.0950	0.4580	-2.9327
-0.4474	-0.0930	0.4570	-2.9367
-0.4468	-0.0909	0.4560	-2.9408
-0.4472	-0.0892	0.4560	-2.9447
-0.4475	-0.0874	0.4560	-2.9487
-0.4470	-0.0850	0.4550	-2.9537
-0.4463	-0.0830	0.4540	-2.9577
-0.4457	-0.0810	0.4530	-2.9618
-0.4460	-0.0792	0.4530	-2.9660
-0.4453	-0.0773	0.4520	-2.9698
-0.4457	-0.0755	0.4520	-2.9738
-0.4450	-0.0735	0.4510	-2.9779
-0.4453	-0.0716	0.4510	-2.9821
-0.4455	-0.0700	0.4510	-2.9858
-0.4458	-0.0681	0.4510	-2.9899
-0.4451	-0.0662	0.4500	-2.9940
-0.4434	-0.0641	0.4480	-2.9981
-0.4436	-0.0624	0.4480	-3.0019
-0.4439	-0.0605	0.4480	-3.0060
-0.4432	-0.0582	0.4470	-3.0109
-0.4424	-0.0563	0.4460	-3.0150
-0.4427	-0.0545	0.4460	-3.0191
-0.4429	-0.0528	0.4460	-3.0229
-0.4421	-0.0509	0.4450	-3.0270
-0.4413	-0.0489	0.4440	-3.0311
-0.4405	-0.0471	0.4430	-3.0352
-0.4407	-0.0454	0.4430	-3.0390
-0.4409	-0.0435	0.4430	-3.0431
-0.4400	-0.0417	0.4420	-3.0472
-0.4402	-0.0399	0.4420	-3.0513
-0.4155	-0.0351	0.4170	-3.0573
-0.4157	-0.0334	0.4170	-3.0613
-0.4148	-0.0313	0.4160	-3.0662
-0.4130	-0.0295	0.4140	-3.0704
-0.4141	-0.0279	0.4150	-3.0742
-0.4152	-0.0263	0.4160	-3.0783
-0.4143	-0.0246	0.4150	-3.0823
-0.4124	-0.0229	0.4130	-3.0862
-0.4125	-0.0212	0.4130	-3.0903
-0.4125	-0.0195	0.4130	-3.0943
-0.4126	-0.0179	0.4130	-3.0982
-0.4117	-0.0162	0.4120	-3.1023
-0.4107	-0.0145	0.4110	-3.1064
-0.4108	-0.0129	0.4110	-3.1101
-0.4108	-0.0112	0.4110	-3.1143
-0.4109	-0.0095	0.4110	-3.1184
-0.4109	-0.0080	0.4110	-3.1222
-0.4100	-0.0063	0.4100	-3.1263
-0.4090	-0.0043	0.4090	-3.1311
-0.4090	-0.0026	0.4090	-3.1353
-0.4100	-0.0014	0.4100	-3.1382
-0.3656	-0.0181	0.3660	-3.0922
-0.3646	-0.0165	0.3650	-3.0962
-0.3647	-0.0150	0.3650	-3.1004
-0.3647	-0.0135	0.3650	-3.1045
-0.3638	-0.0120	0.3640	-3.1085
-0.3638	-0.0105	0.3640	-3.1126
-0.3629	-0.0090	0.3630	-3.1168
-0.3619	-0.0075	0.3620	-3.1208
-0.3619	-0.0060	0.3620	-3.1249
-0.3620	-0.0045	0.3620	-3.1290
-0.3620	-0.0032	0.3620	-3.1328
-0.3610	-0.0014	0.3610	-3.1378
-0.3156	-0.0162	0.3160	-3.0903
-0.3147	-0.0146	0.3150	-3.0952
-0.3137	-0.0133	0.3140	-3.0993
-0.3138	-0.0120	0.3140	-3.1033
-0.3138	-0.0107	0.3140	-3.1075
-0.3139	-0.0095	0.3140	-3.1113
-0.3139	-0.0082	0.3140	-3.1153
-0.3139	-0.0070	0.3140	-3.1194
-0.3139	-0.0057	0.3140	-3.1236
-0.3130	-0.0044	0.3130	-3.1274
-0.3120	-0.0032	0.3120	-3.1314
-0.3110	-0.0016	0.3110	-3.1363
-0.3110	-0.0004	0.3110	-3.1402
-0.2905	-0.0292	0.2920	-3.0415
-0.2906	-0.0281	0.2920	-3.0452
-0.2917	-0.0274	0.2930	-3.0480
-0.2909	-0.0259	0.2920	-3.0529
-0.2900	-0.0246	0.2910	-3.0570
-0.2891	-0.0234	0.2900	-3.0609
-0.2882	-0.0219	0.2890	-3.0658
-0.2873	-0.0207	0.2880	-3.0696
-0.2883	-0.0197	0.2890	-3.0733
-0.2884	-0.0186	0.2890	-3.0772
-0.2587	-0.0129	0.2590	-3.0916
-0.2587	-0.0119	0.2590	-3.0955
-0.2588	-0.0109	0.2590	-3.0993
-0.2588	-0.0100	0.2590	-3.1031
-0.2588	-0.0090	0.2590	-3.1069
-0.2589	-0.0080	0.2590	-3.1107
-0.2579	-0.0067	0.2580	-3.1156
-0.2579	-0.0057	0.2580	-3.1194
-0.2580	-0.0047	0.2580	-3.1233
-0.2580	-0.0037	0.2580	-3.1271
-0.2580	-0.0027	0.2580	-3.1310
-0.2580	-0.0018	0.2580	-3.1347
-0.2580	-0.0008	0.2580	-3.1385
-0.4660	-0.0059	0.4660	-3.1290
-0.4710	-0.0040	0.4710	-3.1331
-0.4750	-0.0027	0.4750	-3.1358
-0.4800	-0.0008	0.4800	-3.1399
