x	y	r	phi
-0.4840	0.0005	0.4840	3.1405
-0.4890	0.0025	0.4890	3.1364
-0.4940	0.0039	0.4940	3.1337
-0.4980	0.0060	0.4980	3.1296
-0.5029	0.0074	0.5030	3.1269
-0.5079	0.0095	0.5080	3.1228
-0.5139	0.0110	0.5140	3.1201
-0.5178	0.0131	0.5180	3.1163
-0.5238	0.0148	0.5240	3.1133
-0.5277	0.0170	0.5280	3.1095
-0.5336	0.0193	0.5340	3.1054
-0.5396	0.0210	0.5400	3.1027
-0.5455	0.0235	0.5460	3.0985
-0.5534	0.0253	0.5540	3.0959
-0.5573	0.0276	0.5580	3.0920
-0.5632	0.0295	0.5640	3.0892
-0.5711	0.0316	0.5720	3.0863
-0.5790	0.0343	0.5800	3.0824
-0.5849	0.0362	0.5860	3.0798
-0.5907	0.0389	0.5920	3.0759
-0.5986	0.0410	0.6000	3.0732
-0.6064	0.0439	0.6080	3.0694
-0.6143	0.0463	0.6160	3.0663
-0.6221	0.0492	0.6240	3.0626
-0.6299	0.0516	0.6320	3.0598
-0.6396	0.0549	0.6420	3.0560
-0.6475	0.0573	0.6500	3.0533
-0.6552	0.0605	0.6580	3.0495
-0.6630	0.0632	0.6660	3.0465
-0.6727	0.0668	0.6760	3.0427
-0.6825	0.0696	0.6860	3.0400
-0.6921	0.0733	0.6960	3.0361
-0.7019	0.0763	0.7060	3.0334
-0.7115	0.0801	0.7160	3.0295
-0.7232	0.0836	0.7280	3.0265
-0.7328	0.0875	0.7380	3.0227
-0.7445	0.0910	0.7500	3.0200
-0.7560	0.0953	0.7620	3.0162
-0.7677	0.0989	0.7740	3.0135
-0.7792	0.1034	0.7860	3.0097
-0.7927	0.1077	0.8000	3.0066
-0.8062	0.1126	0.8140	3.0029
-0.8197	0.1168	0.8280	3.0001
-0.8351	0.1222	0.8440	2.9962
-0.8506	0.1268	0.8600	2.9936
-0.8659	0.1325	0.8760	2.9897
-0.8794	0.1373	0.8900	2.9868
-0.8966	0.1435	0.9080	2.9829
-0.9140	0.1488	0.9260	2.9802
-0.9311	0.1552	0.9440	2.9764
-0.9504	0.1612	0.9640	2.9736
-0.9697	0.1674	0.9840	2.9706
-0.1158	0.6315	0.6420	1.7522
-0.1134	0.6319	0.6420	1.7484
-0.1110	0.6323	0.6420	1.7445
-0.1083	0.6308	0.6400	1.7408
-0.1055	0.6292	0.6380	1.7369
-0.1028	0.6276	0.6360	1.7331
-0.1001	0.6261	0.6340	1.7293
-0.0977	0.6264	0.6340	1.7254
-0.0950	0.6248	0.6320	1.7216
-0.0916	0.6233	0.6300	1.7167
-0.0892	0.6237	0.6300	1.7129
-0.0866	0.6220	0.6280	1.7091
-0.0840	0.6203	0.6260	1.7053
-0.0813	0.6187	0.6240	1.7015
-0.0789	0.6190	0.6240	1.6976
-0.0766	0.6193	0.6240	1.6938
-0.0740	0.6176	0.6220	1.6901
-0.0714	0.6159	0.6200	1.6862
-0.0688	0.6142	0.6180	1.6824
-0.0665	0.6144	0.6180	1.6786
-0.0639	0.6127	0.6160	1.6747
-0.0616	0.6129	0.6160	1.6709
-0.0585	0.6112	0.6140	1.6663
-0.0560	0.6094	0.6120	1.6625
-0.0537	0.6096	0.6120	1.6586
-0.0511	0.6079	0.6100	1.6546
-0.0487	0.6081	0.6100	1.6508
-0.0462	0.6062	0.6080	1.6469
-0.0438	0.6044	0.6060	1.6431
-0.0415	0.6046	0.6060	1.6393
-0.0391	0.6027	0.6040	1.6355
-0.0367	0.6029	0.6040	1.6317
-0.0343	0.6010	0.6020	1.6278
-0.0320	0.6011	0.6020	1.6240
-0.0297	0.6013	0.6020	1.6202
-0.0274	0.5994	0.6000	1.6164
-0.0245	0.5975	0.5980	1.6117
-0.0222	0.5976	0.5980	1.6079
-0.0197	0.5957	0.5960	1.6039
-0.0174	0.5957	0.5960	1.6000
-0.0151	0.5958	0.5960	1.5962
-0.0128	0.5919	0.5920	1.5924
-0.0105	0.5919	0.5920	1.5885
-0.0083	0.5919	0.5920	1.5848
-0.0060	0.5920	0.5920	1.5810
-0.0036	0.5900	0.5900	1.5768
-0.0013	0.5880	0.5880	1.5730
0.0010	0.5880	0.5880	1.5692
0.0032	0.5880	0.5880	1.5654
0.0054	0.5860	0.5860	1.5616
0.0076	0.5860	0.5860	1.5578
0.0105	0.5839	0.5840	1.5529
0.0127	0.5839	0.5840	1.5490
0.0149	0.5818	0.5820	1.5452
0.0171	0.5817	0.5820	1.5414
0.0194	0.5817	0.5820	1.5375
0.0217	0.5816	0.5820	1.5335
0.0238	0.5795	0.5800	1.5297
0.0261	0.5794	0.5800	1.5258
0.0282	0.5773	0.5780	1.5220
0.0304	0.5772	0.5780	1.5183
0.0326	0.5771	0.5780	1.5144
0.0347	0.5750	0.5760	1.5106
0.0370	0.5748	0.5760	1.5065
0.0392	0.5747	0.5760	1.5026
0.0414	0.5745	0.5760	1.4989
0.0434	0.5724	0.5740	1.4951
0.0456	0.5722	0.5740	1.4912
0.0478	0.5720	0.5740	1.4874
0.0498	0.5698	0.5720	1.4836
0.0521	0.5696	0.5720	1.4795
0.0543	0.5694	0.5720	1.4757
0.0565	0.5692	0.5720	1.4719
0.0587	0.5690	0.5720	1.4680
0.0613	0.5667	0.5700	1.4631
0.0632	0.5645	0.5680	1.4593
0.0654	0.5642	0.5680	1.4555
0.0675	0.5640	0.5680	1.4516
0.0696	0.5637	0.5680	1.4479
0.0718	0.5634	0.5680	1.4441
0.0740	0.5632	0.5680	1.4402
0.0760	0.5609	0.5660	1.4361
0.0781	0.5606	0.5660	1.4324
0.0803	0.5603	0.5660	1.4285
0.0824	0.5600	0.5660	1.4247
0.0846	0.5596	0.5660	1.4208
0.0867	0.5593	0.5660	1.4170
0.0885	0.5570	0.5640	1.4132
0.0908	0.5566	0.5640	1.4092
0.0929	0.5563	0.5640	1.4053
0.0947	0.5540	0.5620	1.4015
0.0968	0.5536	0.5620	1.3976
0.0989	0.5532	0.5620	1.3938
0.1010	0.5528	0.5620	1.3901
0.1028	0.5505	0.5600	1.3862
0.1049	0.5501	0.5600	1.3824
0.1071	0.5497	0.5600	1.3783
0.1093	0.5492	0.5600	1.3744
0.1113	0.5488	0.5600	1.3707
0.1134	0.5484	0.5600	1.3669
0.1157	0.5459	0.5580	1.3620
0.1176	0.5475	0.5600	1.3592
0.1199	0.5450	0.5580	1.3543
0.1219	0.5445	0.5580	1.3505
0.1240	0.5440	0.5580	1.3466
0.1261	0.5436	0.5580	1.3429
0.1283	0.5430	0.5580	1.3388
0.1299	0.5406	0.5560	1.3349
0.1320	0.5401	0.5560	1.3311
0.1341	0.5396	0.5560	1.3273
0.1361	0.5391	0.5560	1.3235
0.1381	0.5386	0.5560	1.3197
0.1402	0.5380	0.5560	1.3159
0.1423	0.5375	0.5560	1.3120
0.1445	0.5369	0.5560	1.3079
0.1465	0.5364	0.5560	1.3042
0.1485	0.5358	0.5560	1.3003
0.1501	0.5333	0.5540	1.2965
0.1521	0.5327	0.5540	1.2927
0.1541	0.5321	0.5540	1.2888
0.1561	0.5315	0.5540	1.2851
0.1583	0.5309	0.5540	1.2810
0.1604	0.5303	0.5540	1.2771
0.1624	0.5297	0.5540	1.2733
0.1644	0.5290	0.5540	1.2695
0.1664	0.5284	0.5540	1.2657
0.1684	0.5278	0.5540	1.2619
0.1704	0.5271	0.5540	1.2581
0.1725	0.5265	0.5540	1.2542
0.1746	0.5258	0.5540	1.2501
0.1766	0.5251	0.5540	1.2464
0.1786	0.5244	0.5540	1.2425
0.1806	0.5237	0.5540	1.2387
0.1826	0.5230	0.5540	1.2349
0.1840	0.5204	0.5520	1.2310
0.1860	0.5197	0.5520	1.2272
0.1887	0.5209	0.5540	1.2232
0.1907	0.5201	0.5540	1.2193
0.1927	0.5194	0.5540	1.2155
0.1947	0.5187	0.5540	1.2117
0.1967	0.5179	0.5540	1.2079
0.1986	0.5172	0.5540	1.2041
0.2006	0.5164	0.5540	1.2002
0.2019	0.5138	0.5520	1.1964
0.2047	0.5148	0.5540	1.1923
0.2066	0.5140	0.5540	1.1885
0.2086	0.5132	0.5540	1.1847
0.2106	0.5124	0.5540	1.1809
0.2125	0.5116	0.5540	1.1770
0.2145	0.5108	0.5540	1.1732
0.2172	0.5118	0.5560	1.1694
0.2192	0.5110	0.5560	1.1656
0.2205	0.5082	0.5540	1.1615
0.2224	0.5074	0.5540	1.1577
0.2252	0.5084	0.5560	1.1538
0.2271	0.5075	0.5560	1.1501
0.2290	0.5066	0.5560	1.1463
0.2310	0.5058	0.5560	1.1424
0.2329	0.5049	0.5560	1.1386
0.2348	0.5040	0.5560	1.1348
0.2369	0.5030	0.5560	1.1307
0.2388	0.5021	0.5560	1.1269
0.2407	0.5012	0.5560	1.1231
0.2426	0.5003	0.5560	1.1192
0.2445	0.4993	0.5560	1.1154
0.2465	0.4984	0.5560	1.1116
0.2492	0.4993	0.5580	1.1078
0.2511	0.4983	0.5580	1.1040
0.2532	0.4973	0.5580	1.0999
0.2551	0.4963	0.5580	1.0960
0.2570	0.4953	0.5580	1.0922
0.2588	0.4943	0.5580	1.0885
0.2613	0.4953	0.5600	1.0854
0.2631	0.4943	0.5600	1.0816
0.2650	0.4933	0.5600	1.0778
0.2669	0.4923	0.5600	1.0740
0.2698	0.4930	0.5620	1.0701
0.2716	0.4920	0.5620	1.0663
0.2735	0.4909	0.5620	1.0625
0.2754	0.4899	0.5620	1.0587
0.2774	0.4888	0.5620	1.0546
0.2793	0.4877	0.5620	1.0508
0.2811	0.4866	0.5620	1.0469
0.2840	0.4873	0.5640	1.0431
0.2858	0.4862	0.5640	1.0394
0.2877	0.4851	0.5640	1.0355
0.2895	0.4840	0.5640	1.0317
0.2924	0.4846	0.5660	1.0279
0.2944	0.4834	0.5660	1.0238
0.2962	0.4823	0.5660	1.0200
0.2981	0.4812	0.5660	1.0162
0.2999	0.4800	0.5660	1.0123
0.3028	0.4805	0.5680	1.0085
0.3047	0.4794	0.5680	1.0047
0.3065	0.4782	0.5680	1.0009
0.3094	0.4787	0.5700	0.9971
0.3113	0.4775	0.5700	0.9930
0.3132	0.4763	0.5700	0.9891
0.3150	0.4751	0.5700	0.9853
0.3168	0.4739	0.5700	0.9816
0.3192	0.4747	0.5720	0.9788
0.3211	0.4734	0.5720	0.9747
0.3240	0.4738	0.5740	0.9709
0.3259	0.4725	0.5740	0.9671
0.3277	0.4713	0.5740	0.9632
0.3295	0.4700	0.5740	0.9594
0.3324	0.4704	0.5760	0.9556
0.3342	0.4691	0.5760	0.9518
0.3360	0.4679	0.5760	0.9480
0.3379	0.4665	0.5760	0.9439
0.3397	0.4652	0.5760	0.9400
0.3427	0.4655	0.5780	0.9362
0.3456	0.4658	0.5800	0.9325
0.3474	0.4645	0.5800	0.9286
0.3492	0.4631	0.5800	0.9248
0.3521	0.4634	0.5820	0.9210
0.3539	0.4620	0.5820	0.9171
0.3558	0.4606	0.5820	0.9131
0.3588	0.4608	0.5840	0.9093
0.3605	0.4594	0.5840	0.9054
0.3630	0.4600	0.5860	0.9027
0.3648	0.4586	0.5860	0.8989
0.3666	0.4571	0.5860	0.8948
0.3697	0.4573	0.5880	0.8910
0.3714	0.4559	0.5880	0.8871
0.3744	0.4560	0.5900	0.8834
0.3774	0.4561	0.5920	0.8795
0.3791	0.4547	0.5920	0.8757
0.3809	0.4532	0.5920	0.8719
0.3827	0.4517	0.5920	0.8678
0.3859	0.4516	0.5940	0.8637
0.3876	0.4501	0.5940	0.8599
0.3908	0.4500	0.5960	0.8558
0.3926	0.4484	0.5960	0.8517
0.3956	0.4484	0.5980	0.8479
0.3975	0.4468	0.5980	0.8438
0.4001	0.4471	0.6000	0.8408
0.4020	0.4455	0.6000	0.8367
0.4050	0.4454	0.6020	0.8329
0.4068	0.4438	0.6020	0.8288
0.4100	0.4435	0.6040	0.8247
0.4117	0.4420	0.6040	0.8209
0.4135	0.4403	0.6040	0.8168
0.4166	0.4401	0.6060	0.8127
0.4197	0.4399	0.6080	0.8089
0.4215	0.4382	0.6080	0.8048
0.4247	0.4379	0.6100	0.8007
0.4263	0.4363	0.6100	0.7969
0.4295	0.4359	0.6120	0.7928
0.4313	0.4342	0.6120	0.7888
0.4344	0.4340	0.6140	0.7849
0.4371	0.4341	0.6160	0.7819
0.4389	0.4323	0.6160	0.7778
0.4406	0.4305	0.6160	0.7737
0.4437	0.4302	0.6180	0.7699
0.4469	0.4297	0.6200	0.7658
0.4487	0.4279	0.6200	0.7617
0.4518	0.4276	0.6220	0.7579
0.4535	0.4257	0.6220	0.7539
0.4567	0.4252	0.6240	0.7497
0.4598	0.4248	0.6260	0.7459
0.4615	0.4229	0.6260	0.7418
0.4647	0.4224	0.6280	0.7377
0.4663	0.4206	0.6280	0.7339
0.4695	0.4200	0.6300	0.7298
0.4723	0.4200	0.6320	0.7268
0.4740	0.4180	0.6320	0.7227
0.4771	0.4175	0.6340	0.7189
0.4803	0.4169	0.6360	0.7148
0.4835	0.4162	0.6380	0.7107
0.4851	0.4144	0.6380	0.7069
0.4883	0.4137	0.6400	0.7029
0.4914	0.4131	0.6420	0.6990
0.4931	0.4111	0.6420	0.6949
0.4964	0.4103	0.6440	0.6908
0.4994	0.4097	0.6460	0.6870
0.5011	0.4077	0.6460	0.6829
0.5039	0.4074	0.6480	0.6799
0.5071	0.4066	0.6500	0.6758
0.5087	0.4046	0.6500	0.6720
0.5119	0.4038	0.6520	0.6680
0.5151	0.4030	0.6540	0.6638
0.5182	0.4022	0.6560	0.6600
0.5215	0.4013	0.6580	0.6559
0.5231	0.3992	0.6580	0.6518
0.5262	0.3984	0.6600	0.6480
0.5294	0.3974	0.6620	0.6439
0.5326	0.3965	0.6640	0.6399
0.5355	0.3960	0.6660	0.6368
0.5370	0.3940	0.6660	0.6330
0.5418	0.3907	0.6680	0.6248
0.5477	0.3682	0.6600	0.5918
0.5425	0.3617	0.6520	0.5880
0.5406	0.3572	0.6480	0.5839
0.5390	0.3524	0.6440	0.5790
0.5388	0.3491	0.6420	0.5750
0.5367	0.3449	0.6380	0.5711
0.5348	0.3405	0.6340	0.5670
0.5331	0.3358	0.6300	0.5621
0.5327	0.3325	0.6280	0.5580
0.5307	0.3283	0.6240	0.5540
0.5285	0.3241	0.6200	0.5501
0.5281	0.3209	0.6180	0.5460
0.5263	0.3163	0.6140	0.5411
0.5259	0.3131	0.6120	0.5370
0.5237	0.3089	0.6080	0.5330
0.5214	0.3049	0.6040	0.5291
0.5192	0.3007	0.6000	0.5250
0.5189	0.2972	0.5980	0.5201
0.5184	0.2941	0.5960	0.5160
0.5160	0.2901	0.5920	0.5122
0.5155	0.2871	0.5900	0.5081
0.5149	0.2840	0.5880	0.5040
0.5128	0.2795	0.5840	0.4991
0.5104	0.2755	0.5800	0.4950
0.5097	0.2726	0.5780	0.4912
0.5090	0.2696	0.5760	0.4871
0.5065	0.2658	0.5720	0.4833
0.5060	0.2624	0.5700	0.4784
0.5034	0.2586	0.5660	0.4746
0.5027	0.2558	0.5640	0.4707
0.5018	0.2530	0.5620	0.4669
0.5010	0.2502	0.5600	0.4631
0.4987	0.2459	0.5560	0.4582
0.4978	0.2431	0.5540	0.4543
0.4969	0.2404	0.5520	0.4506
0.4960	0.2376	0.5500	0.4468
0.4936	0.2334	0.5460	0.4418
0.4926	0.2307	0.5440	0.4380
0.4917	0.2280	0.5420	0.4342
0.4908	0.2253	0.5400	0.4304
0.4898	0.2226	0.5380	0.4265
0.4888	0.2199	0.5360	0.4227
0.4881	0.2167	0.5340	0.4178
0.4871	0.2140	0.5320	0.4140
0.4842	0.2106	0.5280	0.4102
0.4832	0.2079	0.5260	0.4064
0.4839	0.2061	0.5260	0.4026
0.4813	0.2022	0.5220	0.3977
0.4802	0.1995	0.5200	0.3938
0.4791	0.1969	0.5180	0.3900
0.4780	0.1944	0.5160	0.3862
0.4769	0.1918	0.5140	0.3823
0.4760	0.1887	0.5120	0.3775
0.4748	0.1861	0.5100	0.3736
0.4746	0.1840	0.5090	0.3699
0.4734	0.1815	0.5070	0.3660
0.4722	0.1789	0.5050	0.3622
0.4710	0.1764	0.5030	0.3584
0.4708	0.1741	0.5020	0.3543
0.4697	0.1713	0.5000	0.3497
0.4685	0.1688	0.4980	0.3458
0.4673	0.1663	0.4960	0.3420
0.4661	0.1638	0.4940	0.3380
0.4648	0.1613	0.4920	0.3341
0.4646	0.1589	0.4910	0.3295
0.4633	0.1565	0.4890	0.3257
0.4620	0.1540	0.4870	0.3218
0.4617	0.1518	0.4860	0.3177
0.4604	0.1494	0.4840	0.3139
0.4600	0.1474	0.4830	0.3102
0.4587	0.1446	0.4810	0.3055
0.4584	0.1425	0.4800	0.3014
0.4579	0.1405	0.4790	0.2976
0.4566	0.1381	0.4770	0.2938
0.4552	0.1358	0.4750	0.2899
0.4547	0.1338	0.4740	0.2861
0.4543	0.1317	0.4730	0.2823
0.4530	0.1290	0.4710	0.2774
0.4525	0.1270	0.4700	0.2735
0.4520	0.1250	0.4690	0.2698
0.4506	0.1227	0.4670	0.2660
0.4491	0.1205	0.4650	0.2621
0.4486	0.1185	0.4640	0.2583
0.4482	0.1161	0.4630	0.2534
0.4477	0.1141	0.4620	0.2496
0.4462	0.1119	0.4600	0.2457
0.4456	0.1100	0.4590	0.2420
0.4451	0.1080	0.4580	0.2382
0.4445	0.1061	0.4570	0.2343
0.4431	0.1035	0.4550	0.2294
0.4425	0.1016	0.4540	0.2256
0.4419	0.0996	0.4530	0.2218
0.4403	0.0975	0.4510	0.2179
0.4397	0.0956	0.4500	0.2141
0.4391	0.0938	0.4490	0.2103
0.4385	0.0917	0.4480	0.2062
0.4379	0.0895	0.4470	0.2016
0.4373	0.0876	0.4460	0.1978
0.4367	0.0858	0.4450	0.1940
0.4360	0.0839	0.4440	0.1901
0.4354	0.0819	0.4430	0.1860
0.4347	0.0801	0.4420	0.1823
0.4340	0.0783	0.4410	0.1784
0.4333	0.0764	0.4400	0.1746
0.4327	0.0741	0.4390	0.1697
0.4320	0.0723	0.4380	0.1659
0.4313	0.0705	0.4370	0.1620
0.4306	0.0687	0.4360	0.1582
0.4298	0.0669	0.4350	0.1544
0.4281	0.0650	0.4330	0.1506
0.4274	0.0632	0.4320	0.1468
0.4276	0.0615	0.4320	0.1429
0.4269	0.0593	0.4310	0.1381
0.4261	0.0575	0.4300	0.1342
0.4254	0.0558	0.4290	0.1304
0.4246	0.0540	0.4280	0.1266
0.4248	0.0524	0.4280	0.1227
0.4230	0.0506	0.4260	0.1190
0.4232	0.0489	0.4260	0.1151
0.4224	0.0471	0.4250	0.1110
0.4216	0.0454	0.4240	0.1072
0.4208	0.0433	0.4230	0.1026
0.4199	0.0416	0.4220	0.0988
0.4201	0.0400	0.4220	0.0949
0.4183	0.0381	0.4200	0.0909
0.4184	0.0365	0.4200	0.0871
0.4175	0.0348	0.4190	0.0832
0.4167	0.0331	0.4180	0.0794
0.4158	0.0315	0.4170	0.0755
0.4159	0.0299	0.4170	0.0718
0.4151	0.0278	0.4160	0.0668
0.4142	0.0262	0.4150	0.0631
0.4133	0.0245	0.4140	0.0593
0.4134	0.0229	0.4140	0.0554
0.4125	0.0213	0.4130	0.0516
0.4125	0.0197	0.4130	0.0477
0.4116	0.0181	0.4120	0.0439
0.4107	0.0164	0.4110	0.0399
0.4107	0.0148	0.4110	0.0360
0.4098	0.0132	0.4100	0.0322
0.4098	0.0116	0.4100	0.0284
0.4089	0.0096	0.4090	0.0235
0.4079	0.0080	0.4080	0.0197
0.4069	0.0064	0.4070	0.0158
0.4070	0.0049	0.4070	0.0121
0.4060	0.0033	0.4060	0.0082
0.4040	0.0018	0.4040	0.0044
0.4040	0.0002	0.4040	0.0006
0.4040	-0.0013	0.4040	-0.0033
0.4040	-0.0028	0.4040	-0.0070
0.4030	-0.0048	0.4030	-0.0120
0.4020	-0.0063	0.4020	-0.0157
0.4019	-0.0079	0.4020	-0.0196
0.4009	-0.0094	0.4010	-0.0234
0.3999	-0.0109	0.4000	-0.0272
0.3998	-0.0125	0.4000	-0.0314
0.3988	-0.0140	0.3990	-0.0351
0.3987	-0.0155	0.3990	-0.0389
0.3986	-0.0171	0.3990	-0.0428
0.3976	-0.0185	0.3980	-0.0466
0.3965	-0.0200	0.3970	-0.0504
0.3964	-0.0215	0.3970	-0.0543
0.3963	-0.0230	0.3970	-0.0580
0.3952	-0.0249	0.3960	-0.0630
0.3941	-0.0263	0.3950	-0.0667
0.3940	-0.0278	0.3950	-0.0706
0.3939	-0.0294	0.3950	-0.0744
0.3928	-0.0308	0.3940	-0.0782
0.3917	-0.0323	0.3930	-0.0824
0.3915	-0.0338	0.3930	-0.0861
0.3904	-0.0352	0.3920	-0.0899
0.3903	-0.0367	0.3920	-0.0938
0.3901	-0.0382	0.3920	-0.0976
0.3890	-0.0396	0.3910	-0.1014
0.3888	-0.0410	0.3910	-0.1052
0.3887	-0.0425	0.3910	-0.1090
0.3875	-0.0443	0.3900	-0.1139
0.3873	-0.0458	0.3900	-0.1177
0.3871	-0.0473	0.3900	-0.1216
0.3859	-0.0487	0.3890	-0.1254
0.3858	-0.0501	0.3890	-0.1292
0.3856	-0.0516	0.3890	-0.1331
0.3844	-0.0530	0.3880	-0.1371
0.3832	-0.0544	0.3870	-0.1409
0.3820	-0.0557	0.3860	-0.1448
0.3817	-0.0572	0.3860	-0.1486
0.3815	-0.0586	0.3860	-0.1524
0.3823	-0.0602	0.3870	-0.1562
0.3821	-0.0617	0.3870	-0.1600
0.3818	-0.0631	0.3870	-0.1638
0.3806	-0.0644	0.3860	-0.1677
0.3794	-0.0657	0.3850	-0.1715
0.3780	-0.0674	0.3840	-0.1764
0.3778	-0.0688	0.3840	-0.1802
0.3775	-0.0703	0.3840	-0.1841
0.3772	-0.0717	0.3840	-0.1878
0.3769	-0.0733	0.3840	-0.1919
0.3767	-0.0747	0.3840	-0.1958
0.3764	-0.0761	0.3840	-0.1996
0.3751	-0.0773	0.3830	-0.2033
0.3738	-0.0786	0.3820	-0.2072
0.3735	-0.0800	0.3820	-0.2110
0.3732	-0.0814	0.3820	-0.2149
0.3729	-0.0829	0.3820	-0.2187
0.3726	-0.0843	0.3820	-0.2225
0.3722	-0.0858	0.3820	-0.2265
0.3709	-0.0870	0.3810	-0.2304
0.3696	-0.0882	0.3800	-0.2342
0.3693	-0.0896	0.3800	-0.2381
0.3689	-0.0910	0.3800	-0.2419
0.3686	-0.0924	0.3800	-0.2456
0.3692	-0.0941	0.3810	-0.2495
0.3679	-0.0952	0.3800	-0.2533
0.3675	-0.0966	0.3800	-0.2571
0.3671	-0.0980	0.3800	-0.2610
0.3667	-0.0995	0.3800	-0.2650
0.3664	-0.1009	0.3800	-0.2688
0.3650	-0.1021	0.3790	-0.2727
0.3646	-0.1035	0.3790	-0.2765
0.3642	-0.1049	0.3790	-0.2805
0.3637	-0.1064	0.3790	-0.2846
0.3633	-0.1078	0.3790	-0.2885
0.3629	-0.1093	0.3790	-0.2926
0.3625	-0.1107	0.3790	-0.2963
0.3620	-0.1122	0.3790	-0.3005
0.3616	-0.1136	0.3790	-0.3043
0.3600	-0.1151	0.3780	-0.3095
0.3596	-0.1165	0.3780	-0.3133
0.3591	-0.1180	0.3780	-0.3173
0.3587	-0.1193	0.3780	-0.3212
0.3582	-0.1208	0.3780	-0.3253
0.3577	-0.1222	0.3780	-0.3291
0.3572	-0.1236	0.3780	-0.3332
0.3567	-0.1251	0.3780	-0.3373
0.3562	-0.1265	0.3780	-0.3411
0.3557	-0.1279	0.3780	-0.3452
0.3563	-0.1293	0.3790	-0.3482
0.3547	-0.1307	0.3780	-0.3531
0.3542	-0.1321	0.3780	-0.3569
0.3536	-0.1335	0.3780	-0.3611
0.3542	-0.1349	0.3790	-0.3640
0.3536	-0.1364	0.3790	-0.3682
0.3520	-0.1378	0.3780	-0.3730
0.3515	-0.1391	0.3780	-0.3769
0.3509	-0.1405	0.3780	-0.3809
0.3504	-0.1419	0.3780	-0.3847
0.3498	-0.1433	0.3780	-0.3889
0.3492	-0.1447	0.3780	-0.3929
0.3486	-0.1461	0.3780	-0.3967
0.3480	-0.1475	0.3780	-0.4008
0.3485	-0.1489	0.3790	-0.4038
0.3479	-0.1503	0.3790	-0.4077
0.3463	-0.1516	0.3780	-0.4125
0.3457	-0.1530	0.3780	-0.4167
0.3461	-0.1544	0.3790	-0.4196
0.3455	-0.1558	0.3790	-0.4238
0.3449	-0.1572	0.3790	-0.4276
0.3442	-0.1586	0.3790	-0.4316
0.3436	-0.1599	0.3790	-0.4355
0.3430	-0.1613	0.3790	-0.4396
0.3423	-0.1626	0.3790	-0.4434
0.3426	-0.1644	0.3800	-0.4474
0.3419	-0.1658	0.3800	-0.4516
0.3404	-0.1667	0.3790	-0.4554
0.3406	-0.1685	0.3800	-0.4594
0.3399	-0.1698	0.3800	-0.4633
0.3392	-0.1712	0.3800	-0.4674
0.3386	-0.1725	0.3800	-0.4712
0.3379	-0.1739	0.3800	-0.4752
0.3381	-0.1757	0.3810	-0.4794
0.3374	-0.1770	0.3810	-0.4832
0.3366	-0.1784	0.3810	-0.4873
0.3360	-0.1797	0.3810	-0.4911
0.3352	-0.1811	0.3810	-0.4952
0.3354	-0.1828	0.3820	-0.4990
0.3347	-0.1842	0.3820	-0.5031
0.3339	-0.1855	0.3820	-0.5072
0.3332	-0.1868	0.3820	-0.5110
0.3324	-0.1882	0.3820	-0.5151
0.3317	-0.1894	0.3820	-0.5189
0.3309	-0.1908	0.3820	-0.5230
0.3302	-0.1921	0.3820	-0.5268
0.3303	-0.1939	0.3830	-0.5309
0.3303	-0.1958	0.3840	-0.5350
0.3296	-0.1970	0.3840	-0.5388
0.3288	-0.1984	0.3840	-0.5429
0.3290	-0.1999	0.3850	-0.5459
0.3283	-0.2011	0.3850	-0.5497
0.3274	-0.2025	0.3850	-0.5539
0.3267	-0.2037	0.3850	-0.5576
0.3258	-0.2051	0.3850	-0.5617
0.3258	-0.2069	0.3860	-0.5658
0.3250	-0.2082	0.3860	-0.5697
0.3250	-0.2100	0.3870	-0.5737
0.3242	-0.2113	0.3870	-0.5775
0.3234	-0.2126	0.3870	-0.5817
0.3225	-0.2139	0.3870	-0.5855
0.3217	-0.2152	0.3870	-0.5895
0.3216	-0.2170	0.3880	-0.5937
0.3208	-0.2183	0.3880	-0.5975
0.3199	-0.2196	0.3880	-0.6015
0.3199	-0.2214	0.3890	-0.6053
0.3190	-0.2227	0.3890	-0.6095
0.3189	-0.2245	0.3900	-0.6133
0.3180	-0.2258	0.3900	-0.6173
0.3171	-0.2271	0.3900	-0.6215
0.3172	-0.2286	0.3910	-0.6244
0.3163	-0.2298	0.3910	-0.6283
0.3154	-0.2311	0.3910	-0.6324
0.3153	-0.2329	0.3920	-0.6362
0.3144	-0.2342	0.3920	-0.6402
0.3143	-0.2360	0.3930	-0.6441
0.3133	-0.2373	0.3930	-0.6482
0.3131	-0.2391	0.3940	-0.6522
0.3122	-0.2403	0.3940	-0.6561
0.3121	-0.2421	0.3950	-0.6599
0.3111	-0.2434	0.3950	-0.6640
0.3101	-0.2446	0.3950	-0.6679
0.3092	-0.2458	0.3950	-0.6716
0.3091	-0.2476	0.3960	-0.6754
0.3080	-0.2489	0.3960	-0.6796
0.3089	-0.2510	0.3980	-0.6822
0.3094	-0.2535	0.4000	-0.6864
0.3077	-0.2540	0.3990	-0.6902
0.3067	-0.2552	0.3990	-0.6940
0.3064	-0.2571	0.4000	-0.6981
0.3054	-0.2583	0.4000	-0.7019
0.3035	-0.2606	0.4000	-0.7096
0.3032	-0.2625	0.4010	-0.7136
0.3011	-0.2648	0.4010	-0.7213
0.2926	-0.2698	0.3980	-0.7447
0.2842	-0.2671	0.3900	-0.7545
0.2778	-0.2637	0.3830	-0.7594
0.2746	-0.2627	0.3800	-0.7633
0.2704	-0.2612	0.3760	-0.7681
0.2663	-0.2598	0.3720	-0.7731
0.2631	-0.2587	0.3690	-0.7769
0.2597	-0.2579	0.3660	-0.7819
0.2559	-0.2560	0.3620	-0.7856
0.2525	-0.2552	0.3590	-0.7906
0.2485	-0.2535	0.3550	-0.7955
0.2454	-0.2523	0.3520	-0.7993
0.2421	-0.2514	0.3490	-0.8042
0.2388	-0.2504	0.3460	-0.8091
0.2358	-0.2491	0.3430	-0.8129
0.2325	-0.2481	0.3400	-0.8178
0.2295	-0.2468	0.3370	-0.8216
0.2269	-0.2464	0.3350	-0.8265
0.2237	-0.2453	0.3320	-0.8314
0.2207	-0.2440	0.3290	-0.8355
0.2176	-0.2428	0.3260	-0.8401
0.2152	-0.2422	0.3240	-0.8443
0.2127	-0.2417	0.3220	-0.8492
0.2096	-0.2404	0.3190	-0.8538
0.2067	-0.2390	0.3160	-0.8579
0.2042	-0.2385	0.3140	-0.8628
0.2020	-0.2378	0.3120	-0.8666
0.1995	-0.2372	0.3100	-0.8715
0.1964	-0.2359	0.3070	-0.8765
0.1943	-0.2351	0.3050	-0.8802
0.1918	-0.2345	0.3030	-0.8852
0.1897	-0.2337	0.3010	-0.8889
0.1873	-0.2331	0.2990	-0.8939
0.1852	-0.2322	0.2970	-0.8977
0.1828	-0.2316	0.2950	-0.9027
0.1807	-0.2307	0.2930	-0.9064
0.1777	-0.2292	0.2900	-0.9114
0.1759	-0.2293	0.2890	-0.9163
0.1738	-0.2284	0.2870	-0.9204
0.1715	-0.2276	0.2850	-0.9250
0.1700	-0.2275	0.2840	-0.9291
0.1677	-0.2267	0.2820	-0.9340
0.1656	-0.2258	0.2800	-0.9378
0.1633	-0.2249	0.2780	-0.9427
0.1611	-0.2241	0.2760	-0.9476
0.1596	-0.2239	0.2750	-0.9515
0.1574	-0.2231	0.2730	-0.9563
0.1560	-0.2228	0.2720	-0.9602
0.1537	-0.2220	0.2700	-0.9651
0.1523	-0.2217	0.2690	-0.9689
0.1501	-0.2208	0.2670	-0.9738
0.1487	-0.2206	0.2660	-0.9776
0.1465	-0.2196	0.2640	-0.9825
0.1450	-0.2194	0.2630	-0.9866
0.1429	-0.2184	0.2610	-0.9915
0.1415	-0.2181	0.2600	-0.9954
0.1393	-0.2171	0.2580	-1.0003
0.1380	-0.2168	0.2570	-1.0041
0.1364	-0.2166	0.2560	-1.0090
0.1345	-0.2155	0.2540	-1.0128
0.1329	-0.2153	0.2530	-1.0177
0.1316	-0.2149	0.2520	-1.0215
0.1295	-0.2139	0.2500	-1.0264
0.1281	-0.2135	0.2490	-1.0305
0.1266	-0.2133	0.2480	-1.0351
0.1252	-0.2129	0.2470	-1.0393
0.1239	-0.2125	0.2460	-1.0431
0.1223	-0.2123	0.2450	-1.0480
0.1210	-0.2119	0.2440	-1.0518
0.1190	-0.2107	0.2420	-1.0567
0.1182	-0.2112	0.2420	-1.0606
0.1167	-0.2109	0.2410	-1.0654
0.1158	-0.2113	0.2410	-1.0695
0.1141	-0.2100	0.2390	-1.0733
0.1121	-0.2088	0.2370	-1.0782
0.1106	-0.2085	0.2360	-1.0829
0.1098	-0.2089	0.2360	-1.0867
0.1085	-0.2084	0.2350	-1.0908
0.1071	-0.2081	0.2340	-1.0955
0.1053	-0.2067	0.2320	-1.0995
0.1039	-0.2063	0.2310	-1.1042
0.1026	-0.2058	0.2300	-1.1082
0.1019	-0.2062	0.2300	-1.1120
0.1004	-0.2058	0.2290	-1.1167
0.0992	-0.2053	0.2280	-1.1208
0.0974	-0.2040	0.2260	-1.1255
0.0959	-0.2035	0.2250	-1.1304
0.0951	-0.2039	0.2250	-1.1342
0.0939	-0.2034	0.2240	-1.1382
0.0931	-0.2037	0.2240	-1.1420
0.0917	-0.2033	0.2230	-1.1469
0.0899	-0.2019	0.2210	-1.1516
0.0888	-0.2013	0.2200	-1.1554
0.0880	-0.2017	0.2200	-1.1595
0.0866	-0.2011	0.2190	-1.1641
0.0854	-0.2006	0.2180	-1.1682
0.0841	-0.2000	0.2170	-1.1728
0.0833	-0.2004	0.2170	-1.1769
0.0821	-0.1998	0.2160	-1.1808
0.0808	-0.1993	0.2150	-1.1857
0.0800	-0.1996	0.2150	-1.1895
0.0789	-0.1989	0.2140	-1.1933
0.0775	-0.1984	0.2130	-1.1982
0.0768	-0.1987	0.2130	-1.2021
0.0757	-0.1980	0.2120	-1.2059
0.0743	-0.1975	0.2110	-1.2108
0.0736	-0.1978	0.2110	-1.2146
0.0728	-0.1980	0.2110	-1.2184
0.0715	-0.1975	0.2100	-1.2233
0.0704	-0.1968	0.2090	-1.2272
0.0697	-0.1970	0.2090	-1.2309
0.0684	-0.1964	0.2080	-1.2359
0.0673	-0.1958	0.2070	-1.2396
0.0666	-0.1960	0.2070	-1.2435
0.0653	-0.1954	0.2060	-1.2484
0.0642	-0.1947	0.2050	-1.2522
0.0634	-0.1949	0.2050	-1.2563
0.0622	-0.1943	0.2040	-1.2609
0.0614	-0.1945	0.2040	-1.2651
0.0602	-0.1939	0.2030	-1.2697
0.0592	-0.1931	0.2020	-1.2735
0.0584	-0.1934	0.2020	-1.2776
0.0572	-0.1927	0.2010	-1.2822
0.0564	-0.1929	0.2010	-1.2863
0.0554	-0.1922	0.2000	-1.2902
0.0547	-0.1924	0.2000	-1.2939
0.0534	-0.1917	0.1990	-1.2989
0.0522	-0.1910	0.1980	-1.3038
0.0515	-0.1912	0.1980	-1.3076
0.0508	-0.1914	0.1980	-1.3114
0.0498	-0.1906	0.1970	-1.3152
0.0486	-0.1899	0.1960	-1.3201
0.0479	-0.1901	0.1960	-1.3239
0.0467	-0.1893	0.1950	-1.3288
0.0460	-0.1895	0.1950	-1.3326
0.0453	-0.1897	0.1950	-1.3365
0.0443	-0.1889	0.1940	-1.3403
0.0435	-0.1891	0.1940	-1.3444
0.0424	-0.1883	0.1930	-1.3490
0.0417	-0.1884	0.1930	-1.3529
0.0406	-0.1877	0.1920	-1.3578
0.0397	-0.1868	0.1910	-1.3616
0.0389	-0.1870	0.1910	-1.3656
0.0382	-0.1871	0.1910	-1.3695
0.0371	-0.1863	0.1900	-1.3744
0.0364	-0.1865	0.1900	-1.3782
0.0353	-0.1857	0.1890	-1.3832
0.0346	-0.1858	0.1890	-1.3869
0.0337	-0.1850	0.1880	-1.3907
0.0330	-0.1851	0.1880	-1.3946
0.0322	-0.1852	0.1880	-1.3984
0.0312	-0.1844	0.1870	-1.4033
0.0305	-0.1845	0.1870	-1.4071
0.0294	-0.1837	0.1860	-1.4120
0.0287	-0.1838	0.1860	-1.4159
0.0280	-0.1839	0.1860	-1.4197
0.0271	-0.1830	0.1850	-1.4237
0.0264	-0.1831	0.1850	-1.4276
0.0254	-0.1822	0.1840	-1.4323
0.0247	-0.1823	0.1840	-1.4363
0.0237	-0.1815	0.1830	-1.4410
0.0230	-0.1816	0.1830	-1.4450
0.0223	-0.1816	0.1830	-1.4488
0.0216	-0.1817	0.1830	-1.4527
0.0209	-0.1818	0.1830	-1.4565
0.0199	-0.1809	0.1820	-1.4614
0.0192	-0.1810	0.1820	-1.4652
0.0184	-0.1801	0.1810	-1.4691
0.0177	-0.1801	0.1810	-1.4731
0.0170	-0.1802	0.1810	-1.4769
0.0162	-0.1803	0.1810	-1.4811
0.0153	-0.1794	0.1800	-1.4859
0.0146	-0.1794	0.1800	-1.4898
0.0136	-0.1785	0.1790	-1.4947
0.0129	-0.1785	0.1790	-1.4985
0.0122	-0.1786	0.1790	-1.5025
0.0113	-0.1776	0.1780	-1.5075
0.0106	-0.1777	0.1780	-1.5113
0.0099	-0.1777	0.1780	-1.5154
0.0092	-0.1778	0.1780	-1.5192
0.0084	-0.1768	0.1770	-1.5231
0.0077	-0.1768	0.1770	-1.5271
0.0071	-0.1769	0.1770	-1.5309
0.0064	-0.1769	0.1770	-1.5347
0.0054	-0.1759	0.1760	-1.5399
0.0048	-0.1759	0.1760	-1.5438
0.0041	-0.1760	0.1760	-1.5476
0.0034	-0.1760	0.1760	-1.5516
0.0025	-0.1750	0.1750	-1.5566
0.0018	-0.1750	0.1750	-1.5603
0.0012	-0.1750	0.1750	-1.5642
0.0004	-0.1750	0.1750	-1.5683
-0.0002	-0.1750	0.1750	-1.5721
-0.0011	-0.1740	0.1740	-1.5770
-0.0018	-0.1740	0.1740	-1.5812
-0.0025	-0.1740	0.1740	-1.5849
-0.0031	-0.1740	0.1740	-1.5887
-0.0038	-0.1740	0.1740	-1.5928
-0.0047	-0.1729	0.1730	-1.5977
-0.0053	-0.1729	0.1730	-1.6016
-0.0060	-0.1729	0.1730	-1.6057
-0.0067	-0.1729	0.1730	-1.6094
-0.0073	-0.1728	0.1730	-1.6133
-0.0081	-0.1728	0.1730	-1.6174
-0.0087	-0.1728	0.1730	-1.6212
-0.0094	-0.1717	0.1720	-1.6253
-0.0100	-0.1717	0.1720	-1.6291
-0.0108	-0.1707	0.1710	-1.6340
-0.0115	-0.1706	0.1710	-1.6378
-0.0122	-0.1706	0.1710	-1.6419
-0.0128	-0.1705	0.1710	-1.6458
-0.0135	-0.1705	0.1710	-1.6498
-0.0141	-0.1704	0.1710	-1.6536
-0.0148	-0.1704	0.1710	-1.6575
-0.0155	-0.1703	0.1710	-1.6616
-0.0162	-0.1702	0.1710	-1.6654
-0.0168	-0.1702	0.1710	-1.6695
-0.0176	-0.1691	0.1700	-1.6743
-0.0182	-0.1690	0.1700	-1.6782
-0.0189	-0.1689	0.1700	-1.6820
-0.0195	-0.1699	0.1710	-1.6850
-0.0202	-0.1688	0.1700	-1.6900
-0.0209	-0.1687	0.1700	-1.6940
-0.0216	-0.1676	0.1690	-1.6989
-0.0222	-0.1675	0.1690	-1.7027
-0.0229	-0.1674	0.1690	-1.7066
-0.0236	-0.1673	0.1690	-1.7107
-0.0242	-0.1673	0.1690	-1.7145
-0.0249	-0.1672	0.1690	-1.7185
-0.0255	-0.1671	0.1690	-1.7224
-0.0262	-0.1670	0.1690	-1.7262
-0.0268	-0.1658	0.1680	-1.7311
-0.0275	-0.1657	0.1680	-1.7352
-0.0282	-0.1666	0.1690	-1.7382
-0.0288	-0.1665	0.1690	-1.7420
-0.0294	-0.1664	0.1690	-1.7459
-0.0301	-0.1663	0.1690	-1.7499
-0.0308	-0.1652	0.1680	-1.7549
-0.0314	-0.1650	0.1680	-1.7586
-0.0320	-0.1649	0.1680	-1.7627
-0.0327	-0.1648	0.1680	-1.7666
-0.0333	-0.1647	0.1680	-1.7704
-0.0339	-0.1635	0.1670	-1.7753
-0.0346	-0.1634	0.1670	-1.7794
-0.0352	-0.1632	0.1670	-1.7832
-0.0359	-0.1631	0.1670	-1.7873
-0.0365	-0.1630	0.1670	-1.7911
-0.0372	-0.1638	0.1680	-1.7941
-0.0378	-0.1637	0.1680	-1.7979
-0.0385	-0.1635	0.1680	-1.8020
-0.0391	-0.1634	0.1680	-1.8058
-0.0397	-0.1632	0.1680	-1.8096
-0.0404	-0.1631	0.1680	-1.8137
-0.0410	-0.1629	0.1680	-1.8176
-0.0417	-0.1628	0.1680	-1.8214
-0.0423	-0.1616	0.1670	-1.8266
-0.0429	-0.1614	0.1670	-1.8303
-0.0435	-0.1612	0.1670	-1.8342
-0.0441	-0.1611	0.1670	-1.8383
-0.0448	-0.1609	0.1670	-1.8421
-0.0454	-0.1607	0.1670	-1.8461
-0.0460	-0.1605	0.1670	-1.8500
-0.0466	-0.1604	0.1670	-1.8538
-0.0473	-0.1602	0.1670	-1.8579
-0.0479	-0.1600	0.1670	-1.8618
-0.0485	-0.1598	0.1670	-1.8655
-0.0492	-0.1596	0.1670	-1.8696
-0.0498	-0.1594	0.1670	-1.8735
-0.0504	-0.1592	0.1670	-1.8773
-0.0510	-0.1590	0.1670	-1.8813
-0.0516	-0.1588	0.1670	-1.8852
-0.0522	-0.1586	0.1670	-1.8890
-0.0529	-0.1584	0.1670	-1.8931
-0.0535	-0.1582	0.1670	-1.8969
-0.0543	-0.1590	0.1680	-1.8999
-0.0549	-0.1588	0.1680	-1.9038
-0.0555	-0.1586	0.1680	-1.9075
-0.0562	-0.1583	0.1680	-1.9116
-0.0568	-0.1581	0.1680	-1.9155
-0.0574	-0.1579	0.1680	-1.9193
-0.0580	-0.1577	0.1680	-1.9233
-0.0586	-0.1574	0.1680	-1.9272
-0.0592	-0.1572	0.1680	-1.9310
-0.0599	-0.1570	0.1680	-1.9351
-0.0605	-0.1567	0.1680	-1.9390
-0.0610	-0.1565	0.1680	-1.9427
-0.0617	-0.1563	0.1680	-1.9468
-0.0623	-0.1560	0.1680	-1.9506
-0.0629	-0.1558	0.1680	-1.9545
-0.0635	-0.1555	0.1680	-1.9585
-0.0641	-0.1553	0.1680	-1.9623
-0.0647	-0.1550	0.1680	-1.9662
-0.0653	-0.1548	0.1680	-1.9703
-0.0662	-0.1555	0.1690	-1.9730
-0.0668	-0.1552	0.1690	-1.9771
-0.0674	-0.1550	0.1690	-1.9809
-0.0680	-0.1547	0.1690	-1.9847
-0.0686	-0.1544	0.1690	-1.9888
-0.0692	-0.1542	0.1690	-1.9926
-0.0698	-0.1539	0.1690	-1.9965
-0.0704	-0.1536	0.1690	-2.0005
-0.0710	-0.1534	0.1690	-2.0043
-0.0716	-0.1531	0.1690	-2.0082
-0.0722	-0.1528	0.1690	-2.0123
-0.0728	-0.1525	0.1690	-2.0160
-0.0734	-0.1522	0.1690	-2.0199
-0.0740	-0.1519	0.1690	-2.0240
-0.0746	-0.1517	0.1690	-2.0278
-0.0752	-0.1514	0.1690	-2.0317
-0.0758	-0.1511	0.1690	-2.0357
-0.0763	-0.1508	0.1690	-2.0395
-0.0769	-0.1505	0.1690	-2.0434
-0.0775	-0.1502	0.1690	-2.0475
-0.0785	-0.1508	0.1700	-2.0505
-0.0790	-0.1505	0.1700	-2.0543
-0.0796	-0.1502	0.1700	-2.0581
-0.0802	-0.1499	0.1700	-2.0621
-0.0808	-0.1496	0.1700	-2.0660
-0.0814	-0.1493	0.1700	-2.0698
-0.0820	-0.1489	0.1700	-2.0739
-0.0825	-0.1486	0.1700	-2.0777
-0.0831	-0.1483	0.1700	-2.0815
-0.0840	-0.1489	0.1710	-2.0845
-0.0846	-0.1486	0.1710	-2.0883
-0.0848	-0.1473	0.1700	-2.0932
-0.0854	-0.1470	0.1700	-2.0973
-0.0860	-0.1466	0.1700	-2.1012
-0.0866	-0.1463	0.1700	-2.1050
-0.0871	-0.1460	0.1700	-2.1090
-0.0881	-0.1466	0.1710	-2.1118
-0.0887	-0.1462	0.1710	-2.1159
-0.0896	-0.1468	0.1720	-2.1186
-0.0902	-0.1465	0.1720	-2.1227
-0.0907	-0.1461	0.1720	-2.1265
-0.0913	-0.1458	0.1720	-2.1303
-0.0924	-0.1462	0.1730	-2.1344
-0.0925	-0.1450	0.1720	-2.1383
-0.0930	-0.1447	0.1720	-2.1421
-0.0941	-0.1451	0.1730	-2.1461
-0.0947	-0.1448	0.1730	-2.1500
-0.0952	-0.1444	0.1730	-2.1538
-0.0962	-0.1450	0.1740	-2.1568
-0.0968	-0.1446	0.1740	-2.1606
-0.0974	-0.1442	0.1740	-2.1647
-0.0979	-0.1438	0.1740	-2.1686
-0.0985	-0.1435	0.1740	-2.1723
-0.0991	-0.1431	0.1740	-2.1764
-0.1000	-0.1436	0.1750	-2.1791
-0.1006	-0.1432	0.1750	-2.1832
-0.1012	-0.1428	0.1750	-2.1871
-0.1022	-0.1433	0.1760	-2.1900
-0.1027	-0.1429	0.1760	-2.1939
-0.1033	-0.1425	0.1760	-2.1977
-0.1038	-0.1421	0.1760	-2.2018
-0.1048	-0.1426	0.1770	-2.2045
-0.1054	-0.1422	0.1770	-2.2086
-0.1059	-0.1418	0.1770	-2.2124
-0.1065	-0.1414	0.1770	-2.2162
-0.1071	-0.1410	0.1770	-2.2203
-0.1082	-0.1413	0.1780	-2.2242
-0.1088	-0.1409	0.1780	-2.2282
-0.1093	-0.1405	0.1780	-2.2320
-0.1104	-0.1409	0.1790	-2.2351
-0.1109	-0.1405	0.1790	-2.2388
-0.1114	-0.1401	0.1790	-2.2427
-0.1120	-0.1396	0.1790	-2.2468
-0.1130	-0.1401	0.1800	-2.2495
-0.1136	-0.1396	0.1800	-2.2536
-0.1141	-0.1392	0.1800	-2.2574
-0.1146	-0.1388	0.1800	-2.2613
-0.1157	-0.1392	0.1810	-2.2643
-0.1162	-0.1388	0.1810	-2.2681
-0.1168	-0.1383	0.1810	-2.2721
-0.1173	-0.1378	0.1810	-2.2759
-0.1185	-0.1381	0.1820	-2.2801
-0.1191	-0.1377	0.1820	-2.2839
-0.1196	-0.1372	0.1820	-2.2877
-0.1207	-0.1376	0.1830	-2.2907
-0.1212	-0.1371	0.1830	-2.2945
-0.1217	-0.1366	0.1830	-2.2986
-0.1223	-0.1362	0.1830	-2.3024
-0.1233	-0.1365	0.1840	-2.3054
-0.1239	-0.1361	0.1840	-2.3092
-0.1244	-0.1356	0.1840	-2.3131
-0.1255	-0.1360	0.1850	-2.3160
-0.1260	-0.1355	0.1850	-2.3199
-0.1265	-0.1350	0.1850	-2.3240
-0.1277	-0.1352	0.1860	-2.3278
-0.1283	-0.1347	0.1860	-2.3317
-0.1288	-0.1342	0.1860	-2.3357
-0.1293	-0.1337	0.1860	-2.3395
-0.1304	-0.1340	0.1870	-2.3425
-0.1309	-0.1335	0.1870	-2.3463
-0.1320	-0.1339	0.1880	-2.3493
-0.1325	-0.1333	0.1880	-2.3531
-0.1331	-0.1328	0.1880	-2.3572
-0.1343	-0.1330	0.1890	-2.3611
-0.1348	-0.1325	0.1890	-2.3649
-0.1353	-0.1319	0.1890	-2.3689
-0.1364	-0.1322	0.1900	-2.3717
-0.1370	-0.1317	0.1900	-2.3758
-0.1375	-0.1312	0.1900	-2.3796
-0.1386	-0.1315	0.1910	-2.3826
-0.1391	-0.1309	0.1910	-2.3864
-0.1403	-0.1310	0.1920	-2.3905
-0.1408	-0.1305	0.1920	-2.3944
-0.1413	-0.1299	0.1920	-2.3982
-0.1425	-0.1302	0.1930	-2.4012
-0.1430	-0.1297	0.1930	-2.4050
-0.1435	-0.1291	0.1930	-2.4090
-0.1446	-0.1293	0.1940	-2.4118
-0.1451	-0.1288	0.1940	-2.4158
-0.1456	-0.1282	0.1940	-2.4197
-0.1468	-0.1283	0.1950	-2.4235
-0.1474	-0.1277	0.1950	-2.4276
-0.1485	-0.1280	0.1960	-2.4303
-0.1490	-0.1273	0.1960	-2.4344
-0.1501	-0.1275	0.1970	-2.4374
-0.1506	-0.1270	0.1970	-2.4412
-0.1519	-0.1270	0.1980	-2.4451
-0.1524	-0.1264	0.1980	-2.4491
-0.1529	-0.1258	0.1980	-2.4529
-0.1540	-0.1260	0.1990	-2.4560
-0.1545	-0.1254	0.1990	-2.4597
-0.1550	-0.1248	0.1990	-2.4636
-0.1561	-0.1250	0.2000	-2.4666
-0.1574	-0.1250	0.2010	-2.4704
-0.1579	-0.1244	0.2010	-2.4745
-0.1591	-0.1245	0.2020	-2.4775
-0.1595	-0.1239	0.2020	-2.4813
-0.1608	-0.1239	0.2030	-2.4851
-0.1613	-0.1232	0.2030	-2.4893
-0.1624	-0.1234	0.2040	-2.4920
-0.1630	-0.1227	0.2040	-2.4961
-0.1634	-0.1221	0.2040	-2.4999
-0.1646	-0.1222	0.2050	-2.5029
-0.1651	-0.1216	0.2050	-2.5067
-0.1663	-0.1216	0.2060	-2.5105
-0.1668	-0.1209	0.2060	-2.5146
-0.1680	-0.1210	0.2070	-2.5174
-0.1684	-0.1203	0.2070	-2.5214
-0.1697	-0.1202	0.2080	-2.5252
-0.1709	-0.1203	0.2090	-2.5282
-0.1714	-0.1197	0.2090	-2.5320
-0.1727	-0.1195	0.2100	-2.5361
-0.1731	-0.1189	0.2100	-2.5400
-0.1743	-0.1189	0.2110	-2.5430
-0.1748	-0.1182	0.2110	-2.5468
-0.1752	-0.1176	0.2110	-2.5506
-0.1764	-0.1176	0.2120	-2.5536
-0.1777	-0.1175	0.2130	-2.5574
-0.1782	-0.1168	0.2130	-2.5615
-0.1793	-0.1168	0.2140	-2.5645
-0.1806	-0.1166	0.2150	-2.5683
-0.1811	-0.1159	0.2150	-2.5721
-0.1823	-0.1159	0.2160	-2.5752
-0.1835	-0.1158	0.2170	-2.5789
-0.1840	-0.1151	0.2170	-2.5827
-0.1852	-0.1151	0.2180	-2.5855
-0.1864	-0.1149	0.2190	-2.5894
-0.1876	-0.1149	0.2200	-2.5923
-0.1881	-0.1141	0.2200	-2.5962
-0.1885	-0.1134	0.2200	-2.5999
-0.1898	-0.1133	0.2210	-2.6035
-0.1910	-0.1132	0.2220	-2.6065
-0.1923	-0.1130	0.2230	-2.6104
-0.1927	-0.1123	0.2230	-2.6141
-0.1939	-0.1122	0.2240	-2.6169
-0.1943	-0.1115	0.2240	-2.6207
-0.1956	-0.1112	0.2250	-2.6244
-0.1976	-0.1117	0.2270	-2.6272
-0.1988	-0.1116	0.2280	-2.6302
-0.1993	-0.1108	0.2280	-2.6340
-0.2006	-0.1105	0.2290	-2.6379
-0.2017	-0.1105	0.2300	-2.6406
-0.2022	-0.1097	0.2300	-2.6444
-0.2035	-0.1094	0.2310	-2.6482
-0.2046	-0.1093	0.2320	-2.6509
-0.2059	-0.1090	0.2330	-2.6547
-0.2063	-0.1082	0.2330	-2.6586
-0.2076	-0.1079	0.2340	-2.6624
-0.2089	-0.1077	0.2350	-2.6654
-0.2102	-0.1074	0.2360	-2.6692
-0.2113	-0.1073	0.2370	-2.6719
-0.2126	-0.1069	0.2380	-2.6757
-0.2138	-0.1068	0.2390	-2.6785
-0.2142	-0.1060	0.2390	-2.6823
-0.2155	-0.1056	0.2400	-2.6861
-0.2168	-0.1052	0.2410	-2.6899
-0.2180	-0.1050	0.2420	-2.6929
-0.2193	-0.1046	0.2430	-2.6967
-0.2205	-0.1044	0.2440	-2.6995
-0.2218	-0.1040	0.2450	-2.7033
-0.2222	-0.1031	0.2450	-2.7071
-0.2243	-0.1034	0.2470	-2.7099
-0.2256	-0.1029	0.2480	-2.7137
-0.2260	-0.1021	0.2480	-2.7174
-0.2272	-0.1018	0.2490	-2.7205
-0.2286	-0.1013	0.2500	-2.7243
-0.2297	-0.1011	0.2510	-2.7270
-0.2310	-0.1006	0.2520	-2.7309
-0.2323	-0.1001	0.2530	-2.7347
-0.2335	-0.0999	0.2540	-2.7374
-0.2348	-0.0994	0.2550	-2.7412
-0.2370	-0.0995	0.2570	-2.7442
-0.2383	-0.0989	0.2580	-2.7480
-0.2395	-0.0987	0.2590	-2.7507
-0.2408	-0.0981	0.2600	-2.7546
-0.2421	-0.0976	0.2610	-2.7584
-0.2433	-0.0973	0.2620	-2.7612
-0.2455	-0.0971	0.2640	-2.7649
-0.2459	-0.0962	0.2640	-2.7687
-0.2471	-0.0958	0.2650	-2.7717
-0.2484	-0.0952	0.2660	-2.7755
-0.2497	-0.0946	0.2670	-2.7794
-0.2518	-0.0946	0.2690	-2.7822
-0.2539	-0.0946	0.2710	-2.7848
-0.2552	-0.0940	0.2720	-2.7887
-0.2565	-0.0934	0.2730	-2.7925
-0.2578	-0.0930	0.2740	-2.7955
-0.2581	-0.0920	0.2740	-2.7993
-0.2603	-0.0916	0.2760	-2.8032
-0.2615	-0.0913	0.2770	-2.8058
-0.2638	-0.0909	0.2790	-2.8097
-0.2650	-0.0905	0.2800	-2.8124
-0.2672	-0.0902	0.2820	-2.8162
-0.2684	-0.0897	0.2830	-2.8192
-0.2697	-0.0890	0.2840	-2.8230
-0.2710	-0.0882	0.2850	-2.8268
-0.2731	-0.0881	0.2870	-2.8295
-0.2744	-0.0874	0.2880	-2.8334
-0.2757	-0.0866	0.2890	-2.8372
-0.2779	-0.0864	0.2910	-2.8400
-0.2791	-0.0857	0.2920	-2.8437
-0.2813	-0.0854	0.2940	-2.8468
-0.2835	-0.0849	0.2960	-2.8505
-0.2847	-0.0844	0.2970	-2.8533
-0.2870	-0.0839	0.2990	-2.8571
-0.2891	-0.0837	0.3010	-2.8598
-0.2894	-0.0826	0.3010	-2.8637
-0.2917	-0.0820	0.3030	-2.8675
-0.2929	-0.0814	0.3040	-2.8705
-0.2942	-0.0806	0.3050	-2.8743
-0.2964	-0.0800	0.3070	-2.8781
-0.2986	-0.0797	0.3090	-2.8808
-0.3017	-0.0796	0.3120	-2.8836
-0.3039	-0.0790	0.3140	-2.8873
-0.3061	-0.0785	0.3160	-2.8904
-0.3064	-0.0774	0.3160	-2.8942
-0.3076	-0.0765	0.3170	-2.8980
-0.3089	-0.0755	0.3180	-2.9018
-0.3111	-0.0751	0.3200	-2.9046
-0.3143	-0.0746	0.3230	-2.9084
-0.3164	-0.0742	0.3250	-2.9114
-0.3196	-0.0739	0.3280	-2.9144
-0.3218	-0.0730	0.3300	-2.9185
-0.3231	-0.0719	0.3310	-2.9225
-0.3253	-0.0714	0.3330	-2.9256
-0.3265	-0.0703	0.3340	-2.9294
-0.3287	-0.0694	0.3360	-2.9335
-0.3309	-0.0689	0.3380	-2.9364
-0.3331	-0.0680	0.3400	-2.9403
-0.3353	-0.0674	0.3420	-2.9433
-0.3385	-0.0666	0.3450	-2.9474
-0.3407	-0.0659	0.3470	-2.9504
-0.3429	-0.0650	0.3490	-2.9542
-0.3460	-0.0645	0.3520	-2.9572
-0.3483	-0.0635	0.3540	-2.9613
-0.3505	-0.0624	0.3560	-2.9654
-0.3526	-0.0617	0.3580	-2.9683
-0.3548	-0.0607	0.3600	-2.9722
-0.3580	-0.0601	0.3630	-2.9752
-0.3612	-0.0591	0.3660	-2.9793
-0.3633	-0.0584	0.3680	-2.9823
-0.3665	-0.0575	0.3710	-2.9861
-0.3687	-0.0567	0.3730	-2.9891
-0.3709	-0.0555	0.3750	-2.9932
-0.3741	-0.0545	0.3780	-2.9970
-0.3772	-0.0538	0.3810	-3.0000
-0.3804	-0.0526	0.3840	-3.0041
-0.3825	-0.0518	0.3860	-3.0071
-0.3857	-0.0507	0.3890	-3.0109
-0.3888	-0.0499	0.3920	-3.0139
-0.3910	-0.0486	0.3940	-3.0180
-0.3951	-0.0479	0.3980	-3.0210
-0.3973	-0.0465	0.4000	-3.0251
-0.4004	-0.0453	0.4030	-3.0289
-0.4036	-0.0444	0.4060	-3.0319
-0.4067	-0.0431	0.4090	-3.0360
-0.4108	-0.0423	0.4130	-3.0390
-0.4149	-0.0415	0.4170	-3.0420
-0.4171	-0.0401	0.4190	-3.0458
-0.4202	-0.0386	0.4220	-3.0499
-0.4243	-0.0377	0.4260	-3.0529
-0.3917	-0.0316	0.3930	-3.0611
-0.3948	-0.0303	0.3960	-3.0649
-0.3989	-0.0294	0.4000	-3.0680
-0.4020	-0.0281	0.4030	-3.0717
-0.4051	-0.0271	0.4060	-3.0748
-0.4082	-0.0258	0.4090	-3.0785
-0.4113	-0.0248	0.4120	-3.0813
-0.4153	-0.0234	0.4160	-3.0854
-0.4194	-0.0225	0.4200	-3.0881
-0.4235	-0.0214	0.4240	-3.0911
-0.4255	-0.0199	0.4260	-3.0949
-0.4296	-0.0183	0.4300	-3.0990
-0.4337	-0.0173	0.4340	-3.1017
-0.4367	-0.0156	0.4370	-3.1058
-0.4408	-0.0146	0.4410	-3.1085
-0.4458	-0.0129	0.4460	-3.1126
-0.4498	-0.0118	0.4500	-3.1153
-0.4539	-0.0101	0.4540	-3.1194
-0.4579	-0.0089	0.4580	-3.1222
-0.4619	-0.0071	0.4620	-3.1263
-0.4660	-0.0059	0.4660	-3.1290
-0.4710	-0.0040	0.4710	-3.1331
-0.4750	-0.0027	0.4750	-3.1358
-0.4800	-0.0008	0.4800	-3.1399
