x	y	r	phi
-0.2630	0.0004	0.2630	3.1400
-0.2640	0.0015	0.2640	3.1359
-0.2640	0.0026	0.2640	3.1318
-0.2640	0.0037	0.2640	3.1277
-0.2640	0.0047	0.2640	3.1240
-0.2639	0.0057	0.2640	3.1198
-0.2639	0.0068	0.2640	3.1157
-0.2639	0.0079	0.2640	3.1117
-0.2638	0.0090	0.2640	3.1076
-0.2648	0.0098	0.2650	3.1046
-0.2648	0.0109	0.2650	3.1005
-0.2647	0.0120	0.2650	3.0963
-0.2647	0.0131	0.2650	3.0923
-0.2646	0.0141	0.2650	3.0882
-0.2656	0.0153	0.2660	3.0841
-0.2655	0.0164	0.2660	3.0800
-0.2654	0.0175	0.2660	3.0759
-0.2654	0.0186	0.2660	3.0718
-0.2663	0.0196	0.2670	3.0680
-0.2662	0.0207	0.2670	3.0639
-0.2661	0.0218	0.2670	3.0598
-0.2660	0.0229	0.2670	3.0557
-0.2669	0.0238	0.2680	3.0527
-0.2678	0.0249	0.2690	3.0489
-0.2677	0.0260	0.2690	3.0449
-0.2676	0.0270	0.2690	3.0410
-0.2675	0.0281	0.2690	3.0369
-0.2684	0.0293	0.2700	3.0329
-0.2683	0.0303	0.2700	3.0290
-0.2682	0.0314	0.2700	3.0249
-0.2691	0.0323	0.2710	3.0219
-0.2689	0.0335	0.2710	3.0178
-0.2688	0.0345	0.2710	3.0140
-0.2696	0.0357	0.2720	3.0100
-0.2695	0.0367	0.2720	3.0061
-0.2694	0.0378	0.2720	3.0020
-0.2702	0.0391	0.2730	2.9979
-0.2700	0.0401	0.2730	2.9941
-0.2699	0.0412	0.2730	2.9900
-0.2697	0.0423	0.2730	2.9862
-0.2706	0.0433	0.2740	2.9829
-0.2714	0.0445	0.2750	2.9791
-0.2712	0.0456	0.2750	2.9751
-0.2710	0.0466	0.2750	2.9712
-0.2718	0.0479	0.2760	2.9671
-0.2716	0.0490	0.2760	2.9630
-0.2714	0.0501	0.2760	2.9592
-0.2723	0.0511	0.2770	2.9562
-0.2720	0.0522	0.2770	2.9521
-0.2728	0.0534	0.2780	2.9483
-0.2726	0.0545	0.2780	2.9442
-0.2734	0.0558	0.2790	2.9401
-0.2731	0.0569	0.2790	2.9363
-0.2729	0.0580	0.2790	2.9322
-0.2737	0.0590	0.2800	2.9292
-0.2735	0.0601	0.2800	2.9251
-0.2742	0.0614	0.2810	2.9213
-0.2740	0.0625	0.2810	2.9172
-0.2747	0.0638	0.2820	2.9134
-0.2744	0.0649	0.2820	2.9093
-0.2752	0.0660	0.2830	2.9063
-0.2759	0.0673	0.2840	2.9022
-0.2756	0.0684	0.2840	2.8984
-0.2754	0.0695	0.2840	2.8943
-0.2761	0.0708	0.2850	2.8905
-0.2758	0.0719	0.2850	2.8864
-0.2765	0.0730	0.2860	2.8834
-0.2772	0.0744	0.2870	2.8793
-0.2769	0.0755	0.2870	2.8754
-0.2776	0.0769	0.2880	2.8714
-0.2772	0.0780	0.2880	2.8673
-0.2779	0.0793	0.2890	2.8635
-0.2776	0.0805	0.2890	2.8593
-0.2783	0.0816	0.2900	2.8564
-0.2780	0.0827	0.2900	2.8525
-0.2786	0.0841	0.2910	2.8485
-0.2792	0.0855	0.2920	2.8444
-0.2789	0.0866	0.2920	2.8405
-0.2785	0.0877	0.2920	2.8365
-0.2792	0.0889	0.2930	2.8335
-0.2798	0.0903	0.2940	2.8294
-0.2794	0.0914	0.2940	2.8256
-0.2800	0.0928	0.2950	2.8215
-0.2806	0.0942	0.2960	2.8176
-0.2813	0.0954	0.2970	2.8147
-0.2809	0.0965	0.2970	2.8105
-0.2805	0.0977	0.2970	2.8065
-0.2810	0.0991	0.2980	2.8027
-0.2816	0.1006	0.2990	2.7986
-0.2822	0.1017	0.3000	2.7956
-0.2818	0.1028	0.3000	2.7917
-0.2823	0.1043	0.3010	2.7876
-0.2829	0.1058	0.3020	2.7836
-0.2824	0.1069	0.3020	2.7798
-0.2829	0.1084	0.3030	2.7756
-0.2835	0.1096	0.3040	2.7727
-0.2831	0.1108	0.3040	2.7685
-0.2836	0.1122	0.3050	2.7647
-0.2841	0.1138	0.3060	2.7607
-0.2846	0.1152	0.3070	2.7569
-0.2841	0.1164	0.3070	2.7527
-0.2847	0.1176	0.3080	2.7498
-0.2851	0.1192	0.3090	2.7456
-0.2846	0.1202	0.3090	2.7419
-0.2851	0.1218	0.3100	2.7378
-0.2855	0.1234	0.3110	2.7336
-0.2860	0.1246	0.3120	2.7307
-0.2865	0.1261	0.3130	2.7268
-0.2859	0.1273	0.3130	2.7227
-0.2864	0.1288	0.3140	2.7190
-0.2868	0.1304	0.3150	2.7149
-0.2873	0.1316	0.3160	2.7119
-0.2876	0.1333	0.3170	2.7078
-0.2871	0.1344	0.3170	2.7039
-0.2875	0.1360	0.3180	2.6998
-0.2879	0.1375	0.3190	2.6961
-0.2883	0.1388	0.3200	2.6930
-0.2887	0.1404	0.3210	2.6890
-0.2890	0.1419	0.3220	2.6851
-0.2894	0.1435	0.3230	2.6813
-0.2888	0.1447	0.3230	2.6772
-0.2893	0.1460	0.3240	2.6742
-0.2896	0.1475	0.3250	2.6704
-0.2899	0.1491	0.3260	2.6665
-0.2902	0.1507	0.3270	2.6625
-0.2906	0.1521	0.3280	2.6595
-0.2909	0.1536	0.3290	2.6557
-0.2912	0.1552	0.3300	2.6519
-0.2915	0.1569	0.3310	2.6477
-0.2917	0.1585	0.3320	2.6439
-0.2921	0.1598	0.3330	2.6409
-0.2924	0.1614	0.3340	2.6371
-0.2917	0.1626	0.3340	2.6331
-0.2929	0.1647	0.3360	2.6292
-0.2932	0.1661	0.3370	2.6262
-0.2935	0.1677	0.3380	2.6224
-0.2936	0.1694	0.3390	2.6183
-0.2938	0.1710	0.3400	2.6145
-0.2941	0.1727	0.3410	2.6106
-0.2944	0.1740	0.3420	2.6077
-0.2945	0.1758	0.3430	2.6035
-0.2947	0.1774	0.3440	2.5998
-0.2949	0.1790	0.3450	2.5960
-0.2950	0.1808	0.3460	2.5919
-0.2962	0.1827	0.3480	2.5889
-0.2963	0.1844	0.3490	2.5850
-0.2965	0.1860	0.3500	2.5812
-0.2965	0.1878	0.3510	2.5771
-0.2969	0.1891	0.3520	2.5744
-0.2978	0.1914	0.3540	2.5703
-0.2979	0.1931	0.3550	2.5665
-0.2979	0.1949	0.3560	2.5624
-0.2991	0.1968	0.3580	2.5596
-0.2991	0.1985	0.3590	2.5556
-0.2992	0.2002	0.3600	2.5518
-0.2992	0.2020	0.3610	2.5477
-0.3003	0.2040	0.3630	2.5450
-0.3003	0.2058	0.3640	2.5408
-0.3003	0.2075	0.3650	2.5370
-0.3011	0.2098	0.3670	2.5330
-0.3013	0.2112	0.3680	2.5302
-0.3021	0.2136	0.3700	2.5262
-0.3021	0.2153	0.3710	2.5223
-0.3021	0.2171	0.3720	2.5185
-0.3031	0.2191	0.3740	2.5155
-0.3030	0.2210	0.3750	2.5114
-0.3037	0.2233	0.3770	2.5076
-0.3037	0.2251	0.3780	2.5037
-0.3046	0.2272	0.3800	2.5008
-0.3045	0.2290	0.3810	2.4966
-0.3052	0.2314	0.3830	2.4929
-0.3061	0.2335	0.3850	2.4898
-0.3060	0.2353	0.3860	2.4860
-0.3058	0.2372	0.3870	2.4820
-0.3065	0.2396	0.3890	2.4781
-0.3073	0.2417	0.3910	2.4752
-0.3080	0.2441	0.3930	2.4713
-0.3085	0.2466	0.3950	2.4672
-0.3084	0.2485	0.3960	2.4634
-0.3092	0.2506	0.3980	2.4604
-0.3098	0.2531	0.4000	2.4566
-0.3103	0.2555	0.4020	2.4527
-0.3111	0.2577	0.4040	2.4498
-0.3116	0.2603	0.4060	2.4456
-0.3114	0.2621	0.4070	2.4419
-0.3119	0.2646	0.4090	2.4381
-0.3126	0.2668	0.4110	2.4351
-0.3130	0.2694	0.4130	2.4310
-0.3135	0.2719	0.4150	2.4271
-0.3142	0.2742	0.4170	2.4242
-0.3154	0.2773	0.4200	2.4203
-0.3158	0.2800	0.4220	2.4162
-0.3165	0.2821	0.4240	2.4135
-0.3168	0.2848	0.4260	2.4094
-0.3172	0.2873	0.4280	2.4056
-0.3176	0.2899	0.4300	2.4018
-0.3182	0.2922	0.4320	2.3988
-0.3192	0.2955	0.4350	2.3947
-0.3195	0.2981	0.4370	2.3909
-0.3199	0.3007	0.4390	2.3871
-0.3204	0.3030	0.4410	2.3841
-0.3213	0.3064	0.4440	2.3800
-0.3216	0.3090	0.4460	2.3761
-0.3228	0.3121	0.4490	2.3732
-0.3231	0.3147	0.4510	2.3693
-0.3239	0.3181	0.4540	2.3652
-0.3245	0.3204	0.4560	2.3625
-0.3253	0.3238	0.4590	2.3584
-0.3262	0.3272	0.4620	2.3546
-0.3266	0.3296	0.4640	2.3516
-0.3274	0.3330	0.4670	2.3478
-0.3275	0.3357	0.4690	2.3437
-0.3282	0.3392	0.4720	2.3396
-0.3292	0.3424	0.4750	2.3366
-0.3299	0.3459	0.4780	2.3325
-0.3305	0.3494	0.4810	2.3284
-0.3315	0.3526	0.4840	2.3254
-0.3321	0.3562	0.4870	2.3213
-0.3327	0.3597	0.4900	2.3173
-0.3337	0.3629	0.4930	2.3142
-0.3342	0.3665	0.4960	2.3102
-0.3347	0.3701	0.4990	2.3061
-0.3356	0.3733	0.5020	2.3031
-0.3361	0.3769	0.5050	2.2990
-0.3365	0.3806	0.5080	2.2948
-0.3376	0.3849	0.5120	2.2908
-0.3378	0.3874	0.5140	2.2878
-0.3388	0.3918	0.5180	2.2837
-0.3398	0.3963	0.5220	2.2796
-0.3399	0.3988	0.5240	2.2766
-0.3389	0.4075	0.5300	2.2646
-0.3333	0.4274	0.5420	2.2330
-0.3303	0.4272	0.5400	2.2289
-0.3274	0.4269	0.5380	2.2250
-0.3245	0.4266	0.5360	2.2210
-0.3227	0.4280	0.5360	2.2169
-0.3209	0.4293	0.5360	2.2128
-0.3175	0.4293	0.5340	2.2076
-0.3147	0.4289	0.5320	2.2038
-0.3130	0.4302	0.5320	2.1997
-0.3112	0.4315	0.5320	2.1956
-0.3082	0.4311	0.5300	2.1915
-0.3053	0.4308	0.5280	2.1875
-0.3036	0.4320	0.5280	2.1833
-0.3006	0.4316	0.5260	2.1792
-0.2990	0.4327	0.5260	2.1755
-0.2972	0.4340	0.5260	2.1713
-0.2943	0.4335	0.5240	2.1672
-0.2926	0.4347	0.5240	2.1632
-0.2892	0.4346	0.5220	2.1580
-0.2875	0.4357	0.5220	2.1542
-0.2847	0.4352	0.5200	2.1501
-0.2829	0.4363	0.5200	2.1459
-0.2811	0.4375	0.5200	2.1419
-0.2782	0.4369	0.5180	2.1378
-0.2764	0.4381	0.5180	2.1337
-0.2736	0.4375	0.5160	2.1296
-0.2719	0.4385	0.5160	2.1258
-0.2691	0.4380	0.5140	2.1217
-0.2673	0.4390	0.5140	2.1177
-0.2655	0.4401	0.5140	2.1135
-0.2637	0.4412	0.5140	2.1094
-0.2605	0.4408	0.5120	2.1045
-0.2576	0.4401	0.5100	2.1004
-0.2564	0.4420	0.5110	2.0964
-0.2536	0.4414	0.5090	2.0923
-0.2517	0.4424	0.5090	2.0881
-0.2495	0.4425	0.5080	2.0841
-0.2476	0.4436	0.5080	2.0800
-0.2459	0.4445	0.5080	2.0761
-0.2432	0.4437	0.5060	2.0721
-0.2409	0.4439	0.5050	2.0680
-0.2390	0.4448	0.5050	2.0639
-0.2372	0.4458	0.5050	2.0598
-0.2349	0.4459	0.5040	2.0557
-0.2326	0.4460	0.5030	2.0516
-0.2309	0.4469	0.5030	2.0478
-0.2272	0.4454	0.5000	2.0426
-0.2254	0.4463	0.5000	2.0386
-0.2241	0.4481	0.5010	2.0344
-0.2223	0.4490	0.5010	2.0306
-0.2201	0.4490	0.5000	2.0266
-0.2178	0.4490	0.4990	2.0225
-0.2155	0.4490	0.4980	2.0183
-0.2133	0.4489	0.4970	2.0143
-0.2110	0.4489	0.4960	2.0102
-0.2091	0.4498	0.4960	2.0061
-0.2073	0.4506	0.4960	2.0020
-0.2056	0.4514	0.4960	1.9982
-0.2033	0.4513	0.4950	1.9941
-0.2011	0.4512	0.4940	1.9900
-0.1988	0.4511	0.4930	1.9859
-0.1978	0.4538	0.4950	1.9818
-0.1955	0.4537	0.4940	1.9777
-0.1929	0.4526	0.4920	1.9737
-0.1912	0.4533	0.4920	1.9698
-0.1893	0.4541	0.4920	1.9657
-0.1865	0.4542	0.4910	1.9605
-0.1847	0.4549	0.4910	1.9565
-0.1826	0.4547	0.4900	1.9527
-0.1807	0.4555	0.4900	1.9485
-0.1788	0.4562	0.4900	1.9444
-0.1768	0.4559	0.4890	1.9407
-0.1745	0.4557	0.4880	1.9366
-0.1727	0.4564	0.4880	1.9324
-0.1706	0.4562	0.4870	1.9286
-0.1687	0.4568	0.4870	1.9246
-0.1668	0.4575	0.4870	1.9204
-0.1651	0.4582	0.4870	1.9166
-0.1629	0.4579	0.4860	1.9126
-0.1607	0.4576	0.4850	1.9085
-0.1589	0.4582	0.4850	1.9046
-0.1574	0.4598	0.4860	1.9005
-0.1553	0.4595	0.4850	1.8968
-0.1531	0.4591	0.4840	1.8926
-0.1512	0.4598	0.4840	1.8885
-0.1494	0.4604	0.4840	1.8847
-0.1476	0.4609	0.4840	1.8807
-0.1457	0.4616	0.4840	1.8765
-0.1436	0.4612	0.4830	1.8727
-0.1418	0.4617	0.4830	1.8687
-0.1399	0.4623	0.4830	1.8646
-0.1373	0.4620	0.4820	1.8597
-0.1351	0.4616	0.4810	1.8555
-0.1333	0.4621	0.4810	1.8517
-0.1315	0.4627	0.4810	1.8477
-0.1296	0.4632	0.4810	1.8436
-0.1281	0.4647	0.4820	1.8397
-0.1259	0.4642	0.4810	1.8356
-0.1240	0.4647	0.4810	1.8316
-0.1222	0.4652	0.4810	1.8277
-0.1201	0.4647	0.4800	1.8236
-0.1182	0.4652	0.4800	1.8196
-0.1164	0.4657	0.4800	1.8158
-0.1142	0.4652	0.4790	1.8116
-0.1125	0.4656	0.4790	1.8078
-0.1106	0.4661	0.4790	1.8038
-0.1087	0.4665	0.4790	1.7996
-0.1069	0.4669	0.4790	1.7958
-0.1049	0.4674	0.4790	1.7917
-0.1031	0.4678	0.4790	1.7877
-0.1013	0.4682	0.4790	1.7838
-0.0993	0.4686	0.4790	1.7797
-0.0975	0.4690	0.4790	1.7757
-0.0957	0.4694	0.4790	1.7718
-0.0935	0.4688	0.4780	1.7677
-0.0916	0.4691	0.4780	1.7637
-0.0900	0.4705	0.4790	1.7599
-0.0881	0.4708	0.4790	1.7557
-0.0861	0.4712	0.4790	1.7516
-0.0842	0.4705	0.4780	1.7479
-0.0823	0.4709	0.4780	1.7438
-0.0803	0.4712	0.4780	1.7396
-0.0785	0.4715	0.4780	1.7358
-0.0768	0.4728	0.4790	1.7318
-0.0748	0.4731	0.4790	1.7276
-0.0730	0.4734	0.4790	1.7238
-0.0711	0.4737	0.4790	1.7198
-0.0690	0.4730	0.4780	1.7157
-0.0673	0.4742	0.4790	1.7118
-0.0654	0.4745	0.4790	1.7077
-0.0635	0.4748	0.4790	1.7037
-0.0616	0.4750	0.4790	1.6998
-0.0597	0.4753	0.4790	1.6957
-0.0578	0.4755	0.4790	1.6917
-0.0559	0.4757	0.4790	1.6879
-0.0540	0.4759	0.4790	1.6837
-0.0522	0.4762	0.4790	1.6799
-0.0502	0.4764	0.4790	1.6759
-0.0483	0.4766	0.4790	1.6718
-0.0465	0.4777	0.4800	1.6679
-0.0446	0.4779	0.4800	1.6638
-0.0426	0.4781	0.4800	1.6598
-0.0408	0.4783	0.4800	1.6559
-0.0388	0.4784	0.4800	1.6518
-0.0370	0.4796	0.4810	1.6478
-0.0352	0.4797	0.4810	1.6439
-0.0332	0.4799	0.4810	1.6398
-0.0312	0.4800	0.4810	1.6357
-0.0295	0.4811	0.4820	1.6320
-0.0274	0.4802	0.4810	1.6278
-0.0254	0.4803	0.4810	1.6237
-0.0237	0.4814	0.4820	1.6199
-0.0217	0.4815	0.4820	1.6159
-0.0203	0.4826	0.4830	1.6129
-0.0183	0.4827	0.4830	1.6088
-0.0165	0.4827	0.4830	1.6049
-0.0145	0.4828	0.4830	1.6008
-0.0125	0.4828	0.4830	1.5968
-0.0107	0.4829	0.4830	1.5929
-0.0087	0.4839	0.4840	1.5888
-0.0068	0.4850	0.4850	1.5848
-0.0049	0.4850	0.4850	1.5810
-0.0029	0.4850	0.4850	1.5768
-0.0009	0.4850	0.4850	1.5727
0.0009	0.4840	0.4840	1.5690
0.0027	0.4850	0.4850	1.5651
0.0048	0.4860	0.4860	1.5610
0.0066	0.4860	0.4860	1.5572
0.0085	0.4869	0.4870	1.5533
0.0105	0.4879	0.4880	1.5493
0.0123	0.4868	0.4870	1.5455
0.0142	0.4878	0.4880	1.5417
0.0161	0.4877	0.4880	1.5378
0.0181	0.4877	0.4880	1.5338
0.0200	0.4886	0.4890	1.5300
0.0219	0.4895	0.4900	1.5261
0.0239	0.4894	0.4900	1.5220
0.0257	0.4893	0.4900	1.5183
0.0276	0.4892	0.4900	1.5144
0.0297	0.4901	0.4910	1.5103
0.0311	0.4910	0.4920	1.5076
0.0331	0.4909	0.4920	1.5035
0.0350	0.4908	0.4920	1.4997
0.0369	0.4906	0.4920	1.4958
0.0390	0.4925	0.4940	1.4918
0.0409	0.4923	0.4940	1.4880
0.0428	0.4921	0.4940	1.4841
0.0449	0.4930	0.4950	1.4800
0.0468	0.4928	0.4950	1.4762
0.0487	0.4936	0.4960	1.4724
0.0506	0.4934	0.4960	1.4686
0.0526	0.4932	0.4960	1.4645
0.0546	0.4940	0.4970	1.4606
0.0566	0.4948	0.4980	1.4569
0.0586	0.4945	0.4980	1.4528
0.0607	0.4953	0.4990	1.4489
0.0626	0.4951	0.4990	1.4451
0.0647	0.4958	0.5000	1.4411
0.0666	0.4955	0.5000	1.4372
0.0686	0.4963	0.5010	1.4334
0.0707	0.4960	0.5010	1.4293
0.0726	0.4957	0.5010	1.4255
0.0743	0.4975	0.5030	1.4225
0.0764	0.4982	0.5040	1.4186
0.0783	0.4979	0.5040	1.4148
0.0805	0.4985	0.5050	1.4108
0.0824	0.4982	0.5050	1.4069
0.0845	0.4989	0.5060	1.4031
0.0867	0.4995	0.5070	1.3990
0.0885	0.4992	0.5070	1.3953
0.0906	0.4998	0.5080	1.3914
0.0929	0.5015	0.5100	1.3876
0.0950	0.5011	0.5100	1.3835
0.0969	0.5007	0.5100	1.3797
0.0990	0.5013	0.5110	1.3759
0.1012	0.5019	0.5120	1.3718
0.1032	0.5015	0.5120	1.3679
0.1051	0.5011	0.5120	1.3641
0.1070	0.5027	0.5140	1.3611
0.1089	0.5023	0.5140	1.3573
0.1114	0.5038	0.5160	1.3533
0.1133	0.5034	0.5160	1.3494
0.1152	0.5030	0.5160	1.3456
0.1173	0.5025	0.5160	1.3415
0.1202	0.5059	0.5200	1.3376
0.1220	0.5055	0.5200	1.3339
0.1241	0.5050	0.5200	1.3298
0.1261	0.5045	0.5200	1.3259
0.1285	0.5059	0.5220	1.3221
0.1305	0.5054	0.5220	1.3181
0.1324	0.5070	0.5240	1.3153
0.1345	0.5065	0.5240	1.3113
0.1369	0.5079	0.5260	1.3074
0.1394	0.5093	0.5280	1.3036
0.1414	0.5087	0.5280	1.2998
0.1435	0.5081	0.5280	1.2956
0.1459	0.5095	0.5300	1.2919
0.1484	0.5109	0.5320	1.2881
0.1505	0.5103	0.5320	1.2839
0.1525	0.5097	0.5320	1.2801
0.1550	0.5110	0.5340	1.2763
0.1571	0.5104	0.5340	1.2722
0.1591	0.5118	0.5360	1.2695
0.1611	0.5112	0.5360	1.2654
0.1637	0.5125	0.5380	1.2616
0.1657	0.5119	0.5380	1.2578
0.1684	0.5131	0.5400	1.2536
0.1710	0.5143	0.5420	1.2499
0.1729	0.5137	0.5420	1.2461
0.1750	0.5130	0.5420	1.2419
0.1777	0.5142	0.5440	1.2381
0.1803	0.5154	0.5460	1.2343
0.1822	0.5147	0.5460	1.2305
0.1845	0.5160	0.5480	1.2275
0.1872	0.5172	0.5500	1.2234
0.1892	0.5164	0.5500	1.2196
0.1919	0.5176	0.5520	1.2158
0.1946	0.5187	0.5540	1.2119
0.1967	0.5179	0.5540	1.2079
0.1994	0.5190	0.5560	1.2041
0.2022	0.5201	0.5580	1.2000
0.2042	0.5193	0.5580	1.1961
0.2066	0.5205	0.5600	1.1929
0.2094	0.5215	0.5620	1.1890
0.2115	0.5207	0.5620	1.1850
0.2144	0.5217	0.5640	1.1809
0.2172	0.5227	0.5660	1.1770
0.2193	0.5218	0.5660	1.1729
0.2222	0.5227	0.5680	1.1689
0.2250	0.5237	0.5700	1.1651
0.2273	0.5249	0.5720	1.1621
0.2295	0.5239	0.5720	1.1580
0.2325	0.5248	0.5740	1.1538
0.2352	0.5258	0.5760	1.1501
0.2382	0.5266	0.5780	1.1460
0.2404	0.5256	0.5780	1.1419
0.2432	0.5265	0.5800	1.1380
0.2462	0.5274	0.5820	1.1340
0.2492	0.5281	0.5840	1.1299
0.2517	0.5292	0.5860	1.1269
0.2547	0.5300	0.5880	1.1228
0.2567	0.5290	0.5880	1.1189
0.2597	0.5297	0.5900	1.1149
0.2628	0.5305	0.5920	1.1108
0.2657	0.5312	0.5940	1.1070
0.2688	0.5319	0.5960	1.1028
0.2719	0.5326	0.5980	1.0988
0.2744	0.5336	0.6000	1.0957
0.2773	0.5343	0.6020	1.0920
0.2795	0.5332	0.6020	1.0879
0.2836	0.5355	0.6060	1.0838
0.2866	0.5362	0.6080	1.0799
0.2888	0.5350	0.6080	1.0759
0.2919	0.5356	0.6100	1.0718
0.2949	0.5362	0.6120	1.0679
0.2981	0.5368	0.6140	1.0639
0.3007	0.5376	0.6160	1.0608
0.3038	0.5382	0.6180	1.0568
0.3070	0.5386	0.6200	1.0527
0.3111	0.5409	0.6240	1.0489
0.3133	0.5397	0.6240	1.0448
0.3165	0.5401	0.6260	1.0407
0.3196	0.5406	0.6280	1.0369
0.3232	0.5431	0.6320	1.0339
0.3265	0.5435	0.6340	1.0298
0.3288	0.5421	0.6340	1.0257
0.3341	0.5412	0.6360	1.0178
0.3491	0.5268	0.6320	0.9856
0.3494	0.5218	0.6280	0.9807
0.3503	0.5188	0.6260	0.9769
0.3513	0.5157	0.6240	0.9728
0.3523	0.5126	0.6220	0.9687
0.3531	0.5096	0.6200	0.9649
0.3541	0.5065	0.6180	0.9608
0.3549	0.5035	0.6160	0.9567
0.3562	0.5001	0.6140	0.9518
0.3560	0.4954	0.6100	0.9477
0.3567	0.4924	0.6080	0.9439
0.3575	0.4893	0.6060	0.9398
0.3583	0.4862	0.6040	0.9357
0.3590	0.4833	0.6020	0.9319
0.3591	0.4782	0.5980	0.9267
0.3597	0.4752	0.5960	0.9229
0.3604	0.4721	0.5940	0.9188
0.3611	0.4691	0.5920	0.9147
0.3617	0.4661	0.5900	0.9109
0.3624	0.4631	0.5880	0.9068
0.3630	0.4600	0.5860	0.9027
0.3640	0.4566	0.5840	0.8978
0.3646	0.4536	0.5820	0.8937
0.3651	0.4507	0.5800	0.8899
0.3670	0.4492	0.5800	0.8858
0.3662	0.4446	0.5760	0.8818
0.3666	0.4416	0.5740	0.8779
0.3672	0.4386	0.5720	0.8738
0.3680	0.4353	0.5700	0.8689
0.3698	0.4337	0.5700	0.8648
0.3703	0.4307	0.5680	0.8608
0.3706	0.4278	0.5660	0.8569
0.3710	0.4248	0.5640	0.8528
0.3715	0.4217	0.5620	0.8487
0.3717	0.4188	0.5600	0.8449
0.3725	0.4154	0.5580	0.8398
0.3741	0.4140	0.5580	0.8359
0.3745	0.4110	0.5560	0.8318
0.3748	0.4079	0.5540	0.8277
0.3750	0.4051	0.5520	0.8239
0.3767	0.4035	0.5520	0.8198
0.3769	0.4005	0.5500	0.8157
0.3761	0.3958	0.5460	0.8108
0.3778	0.3942	0.5460	0.8067
0.3792	0.3928	0.5460	0.8029
0.3781	0.3884	0.5420	0.7988
0.3797	0.3868	0.5420	0.7947
0.3797	0.3839	0.5400	0.7909
0.3799	0.3810	0.5380	0.7868
0.3799	0.3781	0.5360	0.7830
0.3815	0.3765	0.5360	0.7789
0.3819	0.3733	0.5340	0.7740
0.3820	0.3703	0.5320	0.7699
0.3835	0.3688	0.5320	0.7658
0.3834	0.3659	0.5300	0.7620
0.3835	0.3629	0.5280	0.7579
0.3835	0.3600	0.5260	0.7539
0.3849	0.3585	0.5260	0.7500
0.3863	0.3570	0.5260	0.7459
0.3863	0.3540	0.5240	0.7418
0.3866	0.3508	0.5220	0.7369
0.3864	0.3480	0.5200	0.7331
0.3878	0.3464	0.5200	0.7290
0.3878	0.3435	0.5180	0.7249
0.3876	0.3407	0.5160	0.7211
0.3889	0.3391	0.5160	0.7170
0.3888	0.3362	0.5140	0.7129
0.3889	0.3330	0.5120	0.7080
0.3903	0.3314	0.5120	0.7039
0.3908	0.3292	0.5110	0.7001
0.3914	0.3270	0.5100	0.6960
0.3918	0.3249	0.5090	0.6922
0.3924	0.3226	0.5080	0.6881
0.3922	0.3197	0.5060	0.6840
0.3934	0.3183	0.5060	0.6802
0.3939	0.3160	0.5050	0.6761
0.3936	0.3131	0.5030	0.6720
0.3941	0.3110	0.5020	0.6681
0.3953	0.3094	0.5020	0.6641
0.3952	0.3063	0.5000	0.6592
0.3957	0.3040	0.4990	0.6551
0.3962	0.3018	0.4980	0.6510
0.3965	0.2996	0.4970	0.6471
0.3977	0.2980	0.4970	0.6431
0.3981	0.2959	0.4960	0.6393
0.3977	0.2931	0.4940	0.6352
0.3980	0.2909	0.4930	0.6311
0.3983	0.2888	0.4920	0.6273
0.3995	0.2871	0.4920	0.6232
0.4001	0.2846	0.4910	0.6183
0.4005	0.2824	0.4900	0.6142
0.4008	0.2802	0.4890	0.6101
0.4002	0.2775	0.4870	0.6063
0.4013	0.2759	0.4870	0.6022
0.4024	0.2743	0.4870	0.5983
0.4018	0.2716	0.4850	0.5943
0.4021	0.2694	0.4840	0.5902
0.4023	0.2673	0.4830	0.5864
0.4034	0.2656	0.4830	0.5822
0.4039	0.2631	0.4820	0.5774
0.4032	0.2604	0.4800	0.5733
0.4043	0.2587	0.4800	0.5692
0.4053	0.2571	0.4800	0.5654
0.4047	0.2544	0.4780	0.5612
0.4048	0.2523	0.4770	0.5572
0.4058	0.2507	0.4770	0.5534
0.4060	0.2485	0.4760	0.5493
0.4061	0.2464	0.4750	0.5454
0.4071	0.2448	0.4750	0.5414
0.4072	0.2426	0.4740	0.5373
0.4081	0.2410	0.4740	0.5334
0.4082	0.2389	0.4730	0.5294
0.4086	0.2363	0.4720	0.5244
0.4095	0.2347	0.4720	0.5204
0.4096	0.2325	0.4710	0.5163
0.4096	0.2304	0.4700	0.5124
0.4106	0.2288	0.4700	0.5084
0.4106	0.2266	0.4690	0.5043
0.4097	0.2241	0.4670	0.5005
0.4106	0.2224	0.4670	0.4963
0.4115	0.2209	0.4670	0.4926
0.4124	0.2192	0.4670	0.4885
0.4124	0.2170	0.4660	0.4844
0.4123	0.2149	0.4650	0.4805
0.4132	0.2133	0.4650	0.4765
0.4132	0.2111	0.4640	0.4724
0.4133	0.2086	0.4630	0.4675
0.4148	0.2079	0.4640	0.4645
0.4157	0.2062	0.4640	0.4604
0.4149	0.2032	0.4620	0.4555
0.4139	0.2008	0.4600	0.4517
0.4156	0.1995	0.4610	0.4475
0.4173	0.1983	0.4620	0.4435
0.4172	0.1962	0.4610	0.4397
0.4161	0.1937	0.4590	0.4356
0.4178	0.1924	0.4600	0.4314
0.4186	0.1908	0.4600	0.4277
0.4193	0.1891	0.4600	0.4236
0.4192	0.1869	0.4590	0.4194
0.4200	0.1852	0.4590	0.4154
0.4198	0.1832	0.4580	0.4116
0.4196	0.1811	0.4570	0.4075
0.4203	0.1794	0.4570	0.4033
0.4210	0.1777	0.4570	0.3993
0.4217	0.1761	0.4570	0.3955
0.4224	0.1743	0.4570	0.3914
0.4231	0.1726	0.4570	0.3873
0.4229	0.1705	0.4560	0.3832
0.4219	0.1677	0.4540	0.3783
0.4217	0.1656	0.4530	0.3742
0.4223	0.1640	0.4530	0.3704
0.4220	0.1619	0.4520	0.3663
0.4227	0.1602	0.4520	0.3622
0.4233	0.1584	0.4520	0.3581
0.4239	0.1568	0.4520	0.3543
0.4227	0.1544	0.4500	0.3502
0.4214	0.1520	0.4480	0.3461
0.4193	0.1489	0.4450	0.3412
0.4218	0.1478	0.4470	0.3371
0.4242	0.1472	0.4490	0.3341
0.4238	0.1452	0.4480	0.3300
0.4244	0.1435	0.4480	0.3260
0.4259	0.1422	0.4490	0.3221
0.4265	0.1404	0.4490	0.3180
0.4261	0.1383	0.4480	0.3139
0.4267	0.1366	0.4480	0.3099
0.4272	0.1350	0.4480	0.3060
0.4277	0.1332	0.4480	0.3019
0.4283	0.1315	0.4480	0.2979
0.4288	0.1297	0.4480	0.2938
0.4293	0.1281	0.4480	0.2899
0.4298	0.1263	0.4480	0.2858
0.4303	0.1246	0.4480	0.2818
0.4300	0.1222	0.4470	0.2769
0.4305	0.1204	0.4470	0.2728
0.4310	0.1186	0.4470	0.2686
0.4305	0.1166	0.4460	0.2646
0.4309	0.1150	0.4460	0.2608
0.4314	0.1132	0.4460	0.2567
0.4319	0.1114	0.4460	0.2525
0.4323	0.1097	0.4460	0.2485
0.4327	0.1080	0.4460	0.2447
0.4332	0.1063	0.4460	0.2405
0.4346	0.1047	0.4470	0.2365
0.4350	0.1029	0.4470	0.2324
0.4344	0.1011	0.4460	0.2286
0.4348	0.0993	0.4460	0.2244
0.4352	0.0975	0.4460	0.2204
0.4356	0.0957	0.4460	0.2163
0.4350	0.0938	0.4450	0.2125
0.4354	0.0921	0.4450	0.2084
0.4357	0.0903	0.4450	0.2043
0.4361	0.0885	0.4450	0.2002
0.4364	0.0868	0.4450	0.1963
0.4378	0.0852	0.4460	0.1923
0.4381	0.0834	0.4460	0.1882
0.4385	0.0816	0.4460	0.1841
0.4378	0.0798	0.4450	0.1803
0.4381	0.0780	0.4450	0.1762
0.4394	0.0764	0.4460	0.1721
0.4397	0.0746	0.4460	0.1681
0.4390	0.0728	0.4450	0.1642
0.4403	0.0711	0.4460	0.1601
0.4406	0.0693	0.4460	0.1561
0.4399	0.0674	0.4450	0.1520
0.4401	0.0657	0.4450	0.1481
0.4404	0.0639	0.4450	0.1440
0.4416	0.0622	0.4460	0.1400
0.4419	0.0604	0.4460	0.1359
0.4421	0.0587	0.4460	0.1320
0.4424	0.0569	0.4460	0.1280
0.4426	0.0551	0.4460	0.1239
0.4428	0.0533	0.4460	0.1197
0.4430	0.0516	0.4460	0.1159
0.4442	0.0499	0.4470	0.1119
0.4444	0.0481	0.4470	0.1078
0.4436	0.0461	0.4460	0.1036
0.4448	0.0446	0.4470	0.0999
0.4450	0.0427	0.4470	0.0958
0.4451	0.0409	0.4470	0.0917
0.4453	0.0391	0.4470	0.0876
0.4454	0.0374	0.4470	0.0838
0.4456	0.0356	0.4470	0.0797
0.4467	0.0343	0.4480	0.0767
0.4468	0.0325	0.4480	0.0726
0.4460	0.0302	0.4470	0.0677
0.4461	0.0284	0.4470	0.0636
0.4472	0.0271	0.4480	0.0606
0.4473	0.0253	0.4480	0.0565
0.4484	0.0235	0.4490	0.0524
0.4485	0.0218	0.4490	0.0486
0.4496	0.0200	0.4500	0.0445
0.4496	0.0182	0.4500	0.0404
0.4497	0.0165	0.4500	0.0366
0.4498	0.0148	0.4500	0.0328
0.4508	0.0131	0.4510	0.0290
0.4509	0.0112	0.4510	0.0248
0.4509	0.0095	0.4510	0.0211
0.4509	0.0078	0.4510	0.0173
0.4520	0.0061	0.4520	0.0134
0.4520	0.0043	0.4520	0.0096
0.4520	0.0026	0.4520	0.0058
0.4530	0.0009	0.4530	0.0019
0.4540	-0.0008	0.4540	-0.0018
0.4540	-0.0027	0.4540	-0.0059
0.4540	-0.0044	0.4540	-0.0098
0.4540	-0.0062	0.4540	-0.0136
0.4539	-0.0079	0.4540	-0.0174
0.4539	-0.0096	0.4540	-0.0212
0.4539	-0.0114	0.4540	-0.0250
0.4548	-0.0131	0.4550	-0.0289
0.4558	-0.0145	0.4560	-0.0318
0.4557	-0.0163	0.4560	-0.0357
0.4556	-0.0180	0.4560	-0.0395
0.4566	-0.0198	0.4570	-0.0433
0.4585	-0.0216	0.4590	-0.0472
0.4594	-0.0235	0.4600	-0.0512
0.4573	-0.0252	0.4580	-0.0550
0.4552	-0.0268	0.4560	-0.0589
0.4561	-0.0286	0.4570	-0.0627
0.4570	-0.0305	0.4580	-0.0665
0.4589	-0.0323	0.4600	-0.0703
0.4587	-0.0341	0.4600	-0.0741
0.4596	-0.0360	0.4610	-0.0782
0.4604	-0.0379	0.4620	-0.0821
0.4603	-0.0396	0.4620	-0.0859
0.4601	-0.0414	0.4620	-0.0896
0.4610	-0.0432	0.4630	-0.0935
0.4608	-0.0450	0.4630	-0.0973
0.4617	-0.0465	0.4640	-0.1003
0.4625	-0.0483	0.4650	-0.1041
0.4623	-0.0501	0.4650	-0.1080
0.4631	-0.0520	0.4660	-0.1118
0.4629	-0.0538	0.4660	-0.1156
0.4637	-0.0556	0.4670	-0.1194
0.4634	-0.0575	0.4670	-0.1235
0.4632	-0.0593	0.4670	-0.1273
0.4640	-0.0612	0.4680	-0.1312
0.4647	-0.0631	0.4690	-0.1350
0.4655	-0.0650	0.4700	-0.1387
0.4662	-0.0669	0.4710	-0.1426
0.4670	-0.0689	0.4720	-0.1464
0.4667	-0.0708	0.4720	-0.1505
0.4675	-0.0722	0.4730	-0.1532
0.4672	-0.0740	0.4730	-0.1570
0.4669	-0.0758	0.4730	-0.1609
0.4676	-0.0777	0.4740	-0.1647
0.4673	-0.0796	0.4740	-0.1687
0.4679	-0.0816	0.4750	-0.1726
0.4696	-0.0837	0.4770	-0.1764
0.4703	-0.0857	0.4780	-0.1802
0.4699	-0.0875	0.4780	-0.1841
0.4716	-0.0896	0.4800	-0.1878
0.4722	-0.0916	0.4810	-0.1917
0.4718	-0.0936	0.4810	-0.1958
0.4724	-0.0956	0.4820	-0.1996
0.4721	-0.0973	0.4820	-0.2033
0.4717	-0.0991	0.4820	-0.2072
0.4713	-0.1010	0.4820	-0.2110
0.4720	-0.1026	0.4830	-0.2140
0.4726	-0.1046	0.4840	-0.2178
0.4731	-0.1066	0.4850	-0.2217
0.4737	-0.1087	0.4860	-0.2255
0.4752	-0.1109	0.4880	-0.2293
0.4758	-0.1130	0.4890	-0.2332
0.4753	-0.1148	0.4890	-0.2369
0.4758	-0.1170	0.4900	-0.2410
0.4764	-0.1190	0.4910	-0.2449
0.4770	-0.1206	0.4920	-0.2475
0.4775	-0.1226	0.4930	-0.2514
0.4780	-0.1248	0.4940	-0.2555
0.4784	-0.1269	0.4950	-0.2593
0.4789	-0.1290	0.4960	-0.2631
0.4804	-0.1313	0.4980	-0.2669
0.4808	-0.1335	0.4990	-0.2707
0.4813	-0.1356	0.5000	-0.2746
0.4817	-0.1377	0.5010	-0.2784
0.4811	-0.1396	0.5010	-0.2824
0.4806	-0.1415	0.5010	-0.2863
0.4812	-0.1431	0.5020	-0.2891
0.4816	-0.1452	0.5030	-0.2928
0.4820	-0.1473	0.5040	-0.2966
0.4823	-0.1496	0.5050	-0.3008
0.4827	-0.1518	0.5060	-0.3046
0.4840	-0.1542	0.5080	-0.3084
0.4844	-0.1563	0.5090	-0.3122
0.4847	-0.1585	0.5100	-0.3160
0.4841	-0.1603	0.5100	-0.3198
0.4854	-0.1628	0.5120	-0.3237
0.4847	-0.1648	0.5120	-0.3278
0.4861	-0.1671	0.5140	-0.3311
0.4854	-0.1690	0.5140	-0.3351
0.4866	-0.1717	0.5160	-0.3392
0.4878	-0.1742	0.5180	-0.3430
0.4871	-0.1762	0.5180	-0.3471
0.4883	-0.1789	0.5200	-0.3512
0.4875	-0.1809	0.5200	-0.3553
0.4887	-0.1836	0.5220	-0.3593
0.4900	-0.1858	0.5240	-0.3624
0.4892	-0.1877	0.5240	-0.3664
0.4903	-0.1905	0.5260	-0.3706
0.4914	-0.1932	0.5280	-0.3747
0.4906	-0.1952	0.5280	-0.3787
0.4916	-0.1980	0.5300	-0.3828
0.4908	-0.2000	0.5300	-0.3869
0.4919	-0.2027	0.5320	-0.3910
0.4929	-0.2055	0.5340	-0.3951
0.4941	-0.2078	0.5360	-0.3981
0.4932	-0.2098	0.5360	-0.4022
0.4942	-0.2126	0.5380	-0.4063
0.4952	-0.2154	0.5400	-0.4103
0.4961	-0.2183	0.5420	-0.4145
0.4953	-0.2202	0.5420	-0.4183
0.4962	-0.2230	0.5440	-0.4224
0.4971	-0.2258	0.5460	-0.4264
0.4982	-0.2283	0.5480	-0.4297
0.4973	-0.2302	0.5480	-0.4335
0.4982	-0.2331	0.5500	-0.4377
0.4990	-0.2360	0.5520	-0.4418
0.4999	-0.2389	0.5540	-0.4458
0.5007	-0.2418	0.5560	-0.4499
0.5015	-0.2447	0.5580	-0.4541
0.5005	-0.2468	0.5580	-0.4581
0.5015	-0.2491	0.5600	-0.4611
0.5023	-0.2521	0.5620	-0.4652
0.5030	-0.2551	0.5640	-0.4693
0.5038	-0.2580	0.5660	-0.4733
0.5027	-0.2601	0.5660	-0.4775
0.5034	-0.2631	0.5680	-0.4816
0.5041	-0.2660	0.5700	-0.4856
0.5030	-0.2681	0.5700	-0.4897
0.5040	-0.2706	0.5720	-0.4927
0.5046	-0.2736	0.5740	-0.4968
0.5052	-0.2766	0.5760	-0.5009
0.5059	-0.2796	0.5780	-0.5050
0.5064	-0.2827	0.5800	-0.5091
0.5054	-0.2846	0.5800	-0.5129
0.5059	-0.2877	0.5820	-0.5170
0.5065	-0.2907	0.5840	-0.5211
0.5073	-0.2934	0.5860	-0.5243
0.5079	-0.2963	0.5880	-0.5282
0.5101	-0.3004	0.5920	-0.5323
0.5106	-0.3036	0.5940	-0.5364
0.5111	-0.3067	0.5960	-0.5404
0.5098	-0.3088	0.5960	-0.5446
0.5102	-0.3119	0.5980	-0.5487
0.5110	-0.3145	0.6000	-0.5517
0.5114	-0.3176	0.6020	-0.5557
0.5135	-0.3218	0.6060	-0.5598
0.5139	-0.3250	0.6080	-0.5639
0.5142	-0.3281	0.6100	-0.5680
0.5162	-0.3324	0.6140	-0.5721
0.5149	-0.3345	0.6140	-0.5762
0.5155	-0.3372	0.6160	-0.5792
0.5175	-0.3415	0.6200	-0.5833
0.5161	-0.3436	0.6200	-0.5873
0.5163	-0.3468	0.6220	-0.5914
0.5182	-0.3512	0.6260	-0.5956
0.5201	-0.3555	0.6300	-0.5996
0.5223	-0.3594	0.6340	-0.6027
0.5209	-0.3615	0.6340	-0.6067
0.5194	-0.3636	0.6340	-0.6108
0.5211	-0.3681	0.6380	-0.6149
0.5229	-0.3725	0.6420	-0.6190
0.5231	-0.3757	0.6440	-0.6228
0.5267	-0.3809	0.6500	-0.6261
0.5251	-0.3830	0.6500	-0.6302
0.5252	-0.3864	0.6520	-0.6343
0.5252	-0.3897	0.6540	-0.6383
0.5269	-0.3941	0.6580	-0.6422
0.5285	-0.3987	0.6620	-0.6463
0.5284	-0.4021	0.6640	-0.6504
0.5287	-0.4050	0.6660	-0.6537
0.5304	-0.4094	0.6700	-0.6574
0.5302	-0.4128	0.6720	-0.6615
0.5317	-0.4175	0.6760	-0.6657
0.5331	-0.4221	0.6800	-0.6697
0.5348	-0.4264	0.6840	-0.6730
0.5348	-0.4296	0.6860	-0.6768
0.5361	-0.4343	0.6900	-0.6809
0.5374	-0.4391	0.6940	-0.6850
0.5388	-0.4438	0.6980	-0.6890
0.5385	-0.4473	0.7000	-0.6932
0.5381	-0.4508	0.7020	-0.6973
0.5383	-0.4537	0.7040	-0.7003
0.5395	-0.4585	0.7080	-0.7044
0.5407	-0.4632	0.7120	-0.7084
0.5418	-0.4681	0.7160	-0.7125
0.5430	-0.4728	0.7200	-0.7164
0.5461	-0.4784	0.7260	-0.7193
0.5456	-0.4819	0.7280	-0.7235
0.5452	-0.4854	0.7300	-0.7275
0.5477	-0.4917	0.7360	-0.7316
0.5487	-0.4965	0.7400	-0.7354
0.5496	-0.5014	0.7440	-0.7396
0.5511	-0.5058	0.7480	-0.7425
0.5519	-0.5108	0.7520	-0.7467
0.5528	-0.5157	0.7560	-0.7507
0.5536	-0.5207	0.7600	-0.7548
0.5545	-0.5256	0.7640	-0.7586
0.5553	-0.5306	0.7680	-0.7627
0.5565	-0.5351	0.7720	-0.7657
0.5572	-0.5401	0.7760	-0.7698
0.5593	-0.5466	0.7820	-0.7739
0.5599	-0.5517	0.7860	-0.7780
0.5606	-0.5566	0.7900	-0.7819
0.5632	-0.5625	0.7960	-0.7848
0.5637	-0.5676	0.8000	-0.7888
0.5642	-0.5728	0.8040	-0.7930
0.5646	-0.5780	0.8080	-0.7971
0.5666	-0.5845	0.8140	-0.8009
0.5688	-0.5906	0.8200	-0.8042
0.5707	-0.5971	0.8260	-0.8080
0.5710	-0.6023	0.8300	-0.8121
0.5713	-0.6076	0.8340	-0.8162
0.5729	-0.6143	0.8400	-0.8203
0.5733	-0.6194	0.8440	-0.8240
0.5753	-0.6257	0.8500	-0.8274
0.5770	-0.6323	0.8560	-0.8311
0.5784	-0.6391	0.8620	-0.8353
0.5798	-0.6460	0.8680	-0.8394
0.5811	-0.6528	0.8740	-0.8434
0.5831	-0.6591	0.8800	-0.8465
0.5820	-0.6628	0.8820	-0.8502
0.5832	-0.6697	0.8880	-0.8543
0.5856	-0.6781	0.8960	-0.8585
0.5868	-0.6850	0.9020	-0.8625
0.5881	-0.6918	0.9080	-0.8663
0.5910	-0.6999	0.9160	-0.8696
0.5908	-0.7052	0.9200	-0.8734
0.5905	-0.7107	0.9240	-0.8775
0.5926	-0.7193	0.9320	-0.8817
0.5948	-0.7279	0.9400	-0.8857
0.5963	-0.7344	0.9460	-0.8888
0.5984	-0.7430	0.9540	-0.8928
0.5993	-0.7500	0.9600	-0.8966
0.5999	-0.7571	0.9660	-0.9007
0.6006	-0.7643	0.9720	-0.9048
0.6023	-0.7730	0.9800	-0.9089
0.6049	-0.7812	0.9880	-0.9119
0.6068	-0.7898	0.9960	-0.9157
-0.2348	-0.2808	0.3660	-2.2672
-0.2353	-0.2790	0.3650	-2.2713
-0.2357	-0.2774	0.3640	-2.2752
-0.2361	-0.2757	0.3630	-2.2790
-0.2366	-0.2740	0.3620	-2.2830
-0.2366	-0.2713	0.3600	-2.2879
-0.2370	-0.2697	0.3590	-2.2918
-0.2380	-0.2688	0.3590	-2.2956
-0.2385	-0.2670	0.3580	-2.2997
-0.2384	-0.2644	0.3560	-2.3046
-0.2388	-0.2627	0.3550	-2.3084
-0.2391	-0.2610	0.3540	-2.3125
-0.2395	-0.2594	0.3530	-2.3163
-0.2398	-0.2577	0.3520	-2.3201
-0.2403	-0.2558	0.3510	-2.3250
-0.2407	-0.2541	0.3500	-2.3292
-0.2410	-0.2524	0.3490	-2.3330
-0.2406	-0.2501	0.3470	-2.3368
-0.2411	-0.2482	0.3460	-2.3417
-0.2421	-0.2472	0.3460	-2.3457
-0.2423	-0.2456	0.3450	-2.3496
-0.2426	-0.2439	0.3440	-2.3534
-0.2429	-0.2422	0.3430	-2.3575
-0.2431	-0.2406	0.3420	-2.3614
-0.2435	-0.2387	0.3410	-2.3663
-0.2438	-0.2370	0.3400	-2.3703
-0.2440	-0.2354	0.3390	-2.3741
-0.2449	-0.2344	0.3390	-2.3780
-0.2451	-0.2327	0.3380	-2.3821
-0.2448	-0.2302	0.3360	-2.3870
-0.2457	-0.2292	0.3360	-2.3908
-0.2458	-0.2276	0.3350	-2.3946
-0.2460	-0.2259	0.3340	-2.3987
-0.2461	-0.2243	0.3330	-2.4025
-0.2465	-0.2224	0.3320	-2.4074
-0.2466	-0.2208	0.3310	-2.4112
-0.2475	-0.2198	0.3310	-2.4153
-0.2476	-0.2182	0.3300	-2.4192
-0.2484	-0.2172	0.3300	-2.4232
-0.2485	-0.2156	0.3290	-2.4270
-0.2486	-0.2140	0.3280	-2.4309
-0.2489	-0.2121	0.3270	-2.4358
-0.2490	-0.2104	0.3260	-2.4399
-0.2490	-0.2088	0.3250	-2.4437
-0.2490	-0.2073	0.3240	-2.4475
-0.2499	-0.2062	0.3240	-2.4516
-0.2507	-0.2053	0.3240	-2.4554
-0.2509	-0.2034	0.3230	-2.4603
-0.2510	-0.2018	0.3220	-2.4644
-0.2509	-0.2002	0.3210	-2.4683
-0.2509	-0.1986	0.3200	-2.4720
-0.2517	-0.1976	0.3200	-2.4761
-0.2519	-0.1957	0.3190	-2.4810
-0.2519	-0.1942	0.3180	-2.4849
-0.2518	-0.1926	0.3170	-2.4887
-0.2526	-0.1915	0.3170	-2.4928
-0.2525	-0.1900	0.3160	-2.4966
-0.2532	-0.1890	0.3160	-2.5004
-0.2534	-0.1872	0.3150	-2.5053
-0.2533	-0.1855	0.3140	-2.5094
-0.2540	-0.1846	0.3140	-2.5132
-0.2540	-0.1829	0.3130	-2.5174
-0.2547	-0.1820	0.3130	-2.5211
-0.2545	-0.1804	0.3120	-2.5249
-0.2546	-0.1786	0.3110	-2.5298
-0.2553	-0.1776	0.3110	-2.5339
-0.2552	-0.1760	0.3100	-2.5378
-0.2559	-0.1750	0.3100	-2.5416
-0.2566	-0.1740	0.3100	-2.5456
-0.2564	-0.1725	0.3090	-2.5495
-0.2571	-0.1714	0.3090	-2.5536
-0.2569	-0.1699	0.3080	-2.5574
-0.2569	-0.1681	0.3070	-2.5623
-0.2567	-0.1665	0.3060	-2.5662
-0.2574	-0.1655	0.3060	-2.5702
-0.2589	-0.1650	0.3070	-2.5740
-0.2587	-0.1635	0.3060	-2.5779
-0.2585	-0.1619	0.3050	-2.5820
-0.2591	-0.1609	0.3050	-2.5858
-0.2589	-0.1594	0.3040	-2.5898
-0.2588	-0.1576	0.3030	-2.5945
-0.2594	-0.1566	0.3030	-2.5986
-0.2592	-0.1551	0.3020	-2.6024
-0.2598	-0.1540	0.3020	-2.6065
-0.2604	-0.1530	0.3020	-2.6104
-0.2601	-0.1515	0.3010	-2.6141
-0.2607	-0.1504	0.3010	-2.6182
-0.2604	-0.1489	0.3000	-2.6221
-0.2610	-0.1479	0.3000	-2.6259
-0.2608	-0.1462	0.2990	-2.6308
-0.2614	-0.1451	0.2990	-2.6349
-0.2620	-0.1441	0.2990	-2.6386
-0.2626	-0.1430	0.2990	-2.6428
-0.2622	-0.1416	0.2980	-2.6466
-0.2619	-0.1401	0.2970	-2.6504
-0.2625	-0.1390	0.2970	-2.6545
-0.2630	-0.1380	0.2970	-2.6583
-0.2628	-0.1363	0.2960	-2.6632
-0.2633	-0.1352	0.2960	-2.6673
-0.2630	-0.1336	0.2950	-2.6714
-0.2635	-0.1326	0.2950	-2.6753
-0.2640	-0.1316	0.2950	-2.6793
-0.2646	-0.1305	0.2950	-2.6834
-0.2642	-0.1290	0.2940	-2.6875
-0.2647	-0.1280	0.2940	-2.6913
-0.2652	-0.1269	0.2940	-2.6954
-0.2657	-0.1258	0.2940	-2.6995
-0.2653	-0.1243	0.2930	-2.7035
-0.2650	-0.1225	0.2920	-2.7085
-0.2655	-0.1215	0.2920	-2.7126
-0.2660	-0.1204	0.2920	-2.7167
-0.2665	-0.1194	0.2920	-2.7205
-0.2670	-0.1183	0.2920	-2.7245
-0.2675	-0.1172	0.2920	-2.7287
-0.2670	-0.1157	0.2910	-2.7328
-0.2675	-0.1147	0.2910	-2.7366
-0.2679	-0.1136	0.2910	-2.7406
-0.2675	-0.1121	0.2900	-2.7448
-0.2679	-0.1110	0.2900	-2.7489
-0.2683	-0.1100	0.2900	-2.7526
-0.2680	-0.1082	0.2890	-2.7578
-0.2684	-0.1072	0.2890	-2.7616
-0.2697	-0.1067	0.2900	-2.7649
-0.2701	-0.1056	0.2900	-2.7687
-0.2697	-0.1039	0.2890	-2.7739
-0.2701	-0.1028	0.2890	-2.7780
-0.2705	-0.1017	0.2890	-2.7819
-0.2700	-0.1003	0.2880	-2.7859
-0.2704	-0.0992	0.2880	-2.7900
-0.2708	-0.0981	0.2880	-2.7941
-0.2712	-0.0970	0.2880	-2.7980
-0.2716	-0.0959	0.2880	-2.8020
-0.2719	-0.0948	0.2880	-2.8061
-0.2714	-0.0934	0.2870	-2.8103
-0.2717	-0.0923	0.2870	-2.8140
-0.2721	-0.0912	0.2870	-2.8181
-0.2725	-0.0901	0.2870	-2.8222
-0.2728	-0.0890	0.2870	-2.8263
-0.2732	-0.0880	0.2870	-2.8301
-0.2726	-0.0865	0.2860	-2.8342
-0.2729	-0.0854	0.2860	-2.8382
-0.2733	-0.0843	0.2860	-2.8424
-0.2736	-0.0833	0.2860	-2.8462
-0.2740	-0.0821	0.2860	-2.8503
-0.2743	-0.0810	0.2860	-2.8544
-0.2746	-0.0799	0.2860	-2.8585
-0.2749	-0.0788	0.2860	-2.8623
-0.2752	-0.0777	0.2860	-2.8663
-0.2747	-0.0760	0.2850	-2.8716
-0.2750	-0.0750	0.2850	-2.8754
-0.2753	-0.0739	0.2850	-2.8795
-0.2756	-0.0727	0.2850	-2.8836
-0.2759	-0.0716	0.2850	-2.8876
-0.2761	-0.0705	0.2850	-2.8915
-0.2764	-0.0694	0.2850	-2.8956
-0.2767	-0.0683	0.2850	-2.8996
-0.2770	-0.0672	0.2850	-2.9037
-0.2772	-0.0661	0.2850	-2.9076
-0.2775	-0.0649	0.2850	-2.9117
-0.2778	-0.0638	0.2850	-2.9157
-0.2780	-0.0627	0.2850	-2.9198
-0.2783	-0.0616	0.2850	-2.9237
-0.2785	-0.0605	0.2850	-2.9277
-0.2788	-0.0593	0.2850	-2.9318
-0.2790	-0.0582	0.2850	-2.9359
-0.2792	-0.0571	0.2850	-2.9398
-0.2794	-0.0560	0.2850	-2.9438
-0.2797	-0.0549	0.2850	-2.9479
-0.2799	-0.0537	0.2850	-2.9521
-0.2801	-0.0526	0.2850	-2.9561
-0.2793	-0.0513	0.2840	-2.9599
-0.2795	-0.0502	0.2840	-2.9640
-0.2797	-0.0490	0.2840	-2.9681
-0.2799	-0.0479	0.2840	-2.9722
-0.2811	-0.0470	0.2850	-2.9760
-0.2813	-0.0458	0.2850	-2.9801
-0.2815	-0.0447	0.2850	-2.9842
-0.2826	-0.0440	0.2860	-2.9872
-0.2828	-0.0428	0.2860	-2.9913
-0.2820	-0.0413	0.2850	-2.9962
-0.2822	-0.0401	0.2850	-3.0003
-0.2823	-0.0390	0.2850	-3.0044
-0.2825	-0.0379	0.2850	-3.0082
-0.2836	-0.0371	0.2860	-3.0115
-0.2837	-0.0360	0.2860	-3.0153
-0.2829	-0.0344	0.2850	-3.0205
-0.2830	-0.0334	0.2850	-3.0242
-0.2841	-0.0325	0.2860	-3.0276
-0.2843	-0.0315	0.2860	-3.0313
-0.2844	-0.0303	0.2860	-3.0355
-0.2845	-0.0291	0.2860	-3.0396
-0.2846	-0.0280	0.2860	-3.0436
-0.2847	-0.0269	0.2860	-3.0474
-0.2848	-0.0257	0.2860	-3.0516
-0.2849	-0.0245	0.2860	-3.0557
-0.2850	-0.0234	0.2860	-3.0597
-0.2861	-0.0223	0.2870	-3.0638
-0.2862	-0.0212	0.2870	-3.0677
-0.2863	-0.0200	0.2870	-3.0717
-0.2864	-0.0189	0.2870	-3.0758
-0.2865	-0.0177	0.2870	-3.0799
-0.2597	-0.0131	0.2600	-3.0914
-0.2607	-0.0121	0.2610	-3.0952
-0.2608	-0.0110	0.2610	-3.0993
-0.2618	-0.0102	0.2620	-3.1026
-0.2618	-0.0092	0.2620	-3.1066
-0.2619	-0.0081	0.2620	-3.1107
-0.2609	-0.0068	0.2610	-3.1156
-0.2609	-0.0057	0.2610	-3.1197
-0.2620	-0.0049	0.2620	-3.1227
-0.2620	-0.0039	0.2620	-3.1268
-0.2620	-0.0028	0.2620	-3.1310
-0.2620	-0.0017	0.2620	-3.1350
-0.2630	-0.0007	0.2630	-3.1391
-0.2294	-0.0267	0.2310	-3.0257
-0.2305	-0.0261	0.2320	-3.0287
-0.2306	-0.0252	0.2320	-3.0328
-0.2298	-0.0240	0.2310	-3.0377
-0.2298	-0.0230	0.2310	-3.0417
-0.2309	-0.0224	0.2320	-3.0448
-0.2300	-0.0212	0.2310	-3.0496
-0.2301	-0.0203	0.2310	-3.0538
-0.2312	-0.0197	0.2320	-3.0565
-0.2312	-0.0188	0.2320	-3.0606
-0.2313	-0.0179	0.2320	-3.0644
-0.2324	-0.0171	0.2330	-3.0682
-0.2324	-0.0161	0.2330	-3.0723
-0.2315	-0.0152	0.2320	-3.0761
-0.2316	-0.0143	0.2320	-3.0799
-0.2316	-0.0134	0.2320	-3.0840
-0.2327	-0.0125	0.2330	-3.0878
-0.2327	-0.0116	0.2330	-3.0916
-0.2328	-0.0107	0.2330	-3.0958
-0.2328	-0.0098	0.2330	-3.0995
-0.2049	-0.0053	0.2050	-3.1159
-0.2050	-0.0045	0.2050	-3.1197
-0.2050	-0.0037	0.2050	-3.1236
-0.2050	-0.0029	0.2050	-3.1274
-0.2050	-0.0021	0.2050	-3.1311
-0.2050	-0.0014	0.2050	-3.1350
-0.2050	-0.0006	0.2050	-3.1388
-0.1733	-0.0151	0.1740	-3.0545
-0.1744	-0.0147	0.1750	-3.0575
-0.1735	-0.0138	0.1740	-3.0622
-0.1735	-0.0131	0.1740	-3.0660
-0.1745	-0.0127	0.1750	-3.0690
-0.1746	-0.0120	0.1750	-3.0729
-0.1746	-0.0114	0.1750	-3.0767
-0.1747	-0.0107	0.1750	-3.0804
-0.1747	-0.0100	0.1750	-3.0843
-0.1747	-0.0094	0.1750	-3.0881
-0.1748	-0.0087	0.1750	-3.0919
-0.1748	-0.0080	0.1750	-3.0958
-0.1748	-0.0074	0.1750	-3.0995
-0.1749	-0.0067	0.1750	-3.1033
-0.1749	-0.0060	0.1750	-3.1072
-0.1749	-0.0054	0.1750	-3.1110
-0.1759	-0.0049	0.1760	-3.1137
-0.1759	-0.0042	0.1760	-3.1175
-0.1760	-0.0036	0.1760	-3.1214
-0.1760	-0.0029	0.1760	-3.1252
-0.1760	-0.0022	0.1760	-3.1290
-0.1760	-0.0016	0.1760	-3.1328
-0.2300	-0.0001	0.2300	-3.1413
