x	y	r	phi
-0.6360	0.0003	0.6360	3.1411
-0.6360	0.0027	0.6360	3.1373
-0.6380	0.0052	0.6380	3.1334
-0.6380	0.0076	0.6380	3.1296
-0.6399	0.0101	0.6400	3.1259
-0.6419	0.0126	0.6420	3.1220
-0.6418	0.0150	0.6420	3.1182
-0.6438	0.0175	0.6440	3.1144
-0.6457	0.0201	0.6460	3.1105
-0.6456	0.0227	0.6460	3.1065
-0.6475	0.0245	0.6480	3.1037
-0.6494	0.0271	0.6500	3.0999
-0.6513	0.0297	0.6520	3.0961
-0.6512	0.0321	0.6520	3.0923
-0.6531	0.0347	0.6540	3.0885
-0.6549	0.0373	0.6560	3.0846
-0.6568	0.0400	0.6580	3.0808
-0.6566	0.0426	0.6580	3.0768
-0.6584	0.0453	0.6600	3.0729
-0.6603	0.0479	0.6620	3.0691
-0.6621	0.0506	0.6640	3.0653
-0.6639	0.0526	0.6660	3.0626
-0.6637	0.0551	0.6660	3.0588
-0.6655	0.0578	0.6680	3.0549
-0.6673	0.0606	0.6700	3.0511
-0.6690	0.0635	0.6720	3.0470
-0.6707	0.0662	0.6740	3.0432
-0.6725	0.0690	0.6760	3.0394
-0.6722	0.0715	0.6760	3.0356
-0.6739	0.0743	0.6780	3.0317
-0.6756	0.0772	0.6800	3.0279
-0.6773	0.0799	0.6820	3.0241
-0.6791	0.0820	0.6840	3.0214
-0.6807	0.0851	0.6860	3.0172
-0.6824	0.0879	0.6880	3.0135
-0.6840	0.0908	0.6900	3.0097
-0.6856	0.0937	0.6920	3.0058
-0.6872	0.0966	0.6940	3.0020
-0.6889	0.0995	0.6960	2.9982
-0.6905	0.1022	0.6980	2.9946
-0.6921	0.1051	0.7000	2.9909
-0.6936	0.1081	0.7020	2.9870
-0.6953	0.1103	0.7040	2.9843
-0.6969	0.1133	0.7060	2.9804
-0.6984	0.1161	0.7080	2.9769
-0.7000	0.1190	0.7100	2.9731
-0.7015	0.1221	0.7120	2.9693
-0.7030	0.1249	0.7140	2.9658
-0.7045	0.1280	0.7160	2.9619
-0.7079	0.1314	0.7200	2.9581
-0.7094	0.1345	0.7220	2.9543
-0.7110	0.1367	0.7240	2.9516
-0.7124	0.1397	0.7260	2.9480
-0.7139	0.1428	0.7280	2.9442
-0.7172	0.1463	0.7320	2.9404
-0.7186	0.1495	0.7340	2.9365
-0.7200	0.1524	0.7360	2.9330
-0.7234	0.1560	0.7400	2.9292
-0.7247	0.1592	0.7420	2.9254
-0.7261	0.1624	0.7440	2.9216
-0.7276	0.1648	0.7460	2.9189
-0.7309	0.1683	0.7500	2.9153
-0.7322	0.1715	0.7520	2.9115
-0.7335	0.1748	0.7540	2.9077
-0.7367	0.1785	0.7580	2.9038
-0.7380	0.1816	0.7600	2.9003
-0.7412	0.1854	0.7640	2.8964
-0.7424	0.1887	0.7660	2.8927
-0.7437	0.1918	0.7680	2.8892
-0.7443	0.1972	0.7700	2.8825
-0.7432	0.2089	0.7720	2.8676
-0.7376	0.2140	0.7680	2.8591
-0.7329	0.2157	0.7640	2.8553
-0.7282	0.2174	0.7600	2.8515
-0.7236	0.2188	0.7560	2.8479
-0.7209	0.2210	0.7540	2.8441
-0.7162	0.2226	0.7500	2.8403
-0.7135	0.2245	0.7480	2.8367
-0.7086	0.2268	0.7440	2.8318
-0.7059	0.2287	0.7420	2.8283
-0.7012	0.2302	0.7380	2.8244
-0.6965	0.2315	0.7340	2.8207
-0.6937	0.2335	0.7320	2.8169
-0.6910	0.2354	0.7300	2.8133
-0.6863	0.2367	0.7260	2.8095
-0.6835	0.2387	0.7240	2.8057
-0.6787	0.2405	0.7200	2.8010
-0.6758	0.2424	0.7180	2.7972
-0.6730	0.2443	0.7160	2.7934
-0.6684	0.2453	0.7120	2.7898
-0.6656	0.2472	0.7100	2.7860
-0.6628	0.2490	0.7080	2.7823
-0.6600	0.2506	0.7060	2.7787
-0.6550	0.2525	0.7020	2.7737
-0.6504	0.2533	0.6980	2.7702
-0.6476	0.2550	0.6960	2.7664
-0.6448	0.2568	0.6940	2.7626
-0.6419	0.2585	0.6920	2.7588
-0.6391	0.2600	0.6900	2.7552
-0.6344	0.2609	0.6860	2.7514
-0.6316	0.2626	0.6840	2.7476
-0.6285	0.2647	0.6820	2.7429
-0.6257	0.2664	0.6800	2.7391
-0.6210	0.2670	0.6760	2.7356
-0.6200	0.2694	0.6760	2.7317
-0.6171	0.2709	0.6740	2.7279
-0.6143	0.2724	0.6720	2.7242
-0.6097	0.2730	0.6680	2.7206
-0.6086	0.2753	0.6680	2.7168
-0.6057	0.2768	0.6660	2.7129
-0.6008	0.2779	0.6620	2.7083
-0.5980	0.2794	0.6600	2.7045
-0.5951	0.2808	0.6580	2.7007
-0.5923	0.2821	0.6560	2.6971
-0.5894	0.2835	0.6540	2.6933
-0.5865	0.2849	0.6520	2.6895
-0.5837	0.2861	0.6500	2.6859
-0.5808	0.2873	0.6480	2.6822
-0.5777	0.2892	0.6460	2.6775
-0.5748	0.2905	0.6440	2.6736
-0.5719	0.2917	0.6420	2.6699
-0.5708	0.2939	0.6420	2.6661
-0.5679	0.2950	0.6400	2.6625
-0.5650	0.2963	0.6380	2.6587
-0.5621	0.2975	0.6360	2.6548
-0.5593	0.2985	0.6340	2.6513
-0.5564	0.2997	0.6320	2.6475
-0.5553	0.3018	0.6320	2.6437
-0.5503	0.3025	0.6280	2.6390
-0.5492	0.3046	0.6280	2.6352
-0.5463	0.3057	0.6260	2.6314
-0.5434	0.3068	0.6240	2.6276
-0.5404	0.3080	0.6220	2.6235
-0.5392	0.3101	0.6220	2.6197
-0.5363	0.3112	0.6200	2.6158
-0.5334	0.3122	0.6180	2.6121
-0.5304	0.3132	0.6160	2.6082
-0.5292	0.3152	0.6160	2.6044
-0.5260	0.3168	0.6140	2.5995
-0.5231	0.3177	0.6120	2.5957
-0.5201	0.3187	0.6100	2.5919
-0.5189	0.3207	0.6100	2.5880
-0.5160	0.3216	0.6080	2.5842
-0.5131	0.3225	0.6060	2.5804
-0.5118	0.3245	0.6060	2.5766
-0.5089	0.3253	0.6040	2.5728
-0.5060	0.3262	0.6020	2.5689
-0.5030	0.3271	0.6000	2.5651
-0.5018	0.3289	0.6000	2.5614
-0.4985	0.3303	0.5980	2.5564
-0.4956	0.3311	0.5960	2.5525
-0.4943	0.3330	0.5960	2.5488
-0.4914	0.3337	0.5940	2.5450
-0.4901	0.3356	0.5940	2.5411
-0.4871	0.3365	0.5920	2.5370
-0.4842	0.3372	0.5900	2.5333
-0.4829	0.3390	0.5900	2.5294
-0.4799	0.3397	0.5880	2.5256
-0.4786	0.3416	0.5880	2.5218
-0.4757	0.3422	0.5860	2.5179
-0.4724	0.3434	0.5840	2.5130
-0.4711	0.3452	0.5840	2.5092
-0.4681	0.3458	0.5820	2.5054
-0.4668	0.3475	0.5820	2.5016
-0.4639	0.3481	0.5800	2.4978
-0.4626	0.3499	0.5800	2.4940
-0.4596	0.3505	0.5780	2.4901
-0.4583	0.3522	0.5780	2.4863
-0.4553	0.3528	0.5760	2.4825
-0.4540	0.3545	0.5760	2.4787
-0.4511	0.3550	0.5740	2.4749
-0.4496	0.3568	0.5740	2.4708
-0.4467	0.3573	0.5720	2.4669
-0.4453	0.3590	0.5720	2.4632
-0.4421	0.3598	0.5700	2.4585
-0.4407	0.3615	0.5700	2.4547
-0.4378	0.3618	0.5680	2.4509
-0.4348	0.3624	0.5660	2.4468
-0.4334	0.3640	0.5660	2.4430
-0.4320	0.3657	0.5660	2.4391
-0.4306	0.3673	0.5660	2.4353
-0.4277	0.3677	0.5640	2.4316
-0.4248	0.3680	0.5620	2.4277
-0.4234	0.3696	0.5620	2.4239
-0.4204	0.3699	0.5600	2.4200
-0.4190	0.3715	0.5600	2.4162
-0.4176	0.3731	0.5600	2.4124
-0.4143	0.3738	0.5580	2.4075
-0.4128	0.3754	0.5580	2.4037
-0.4114	0.3769	0.5580	2.3999
-0.4085	0.3772	0.5560	2.3961
-0.4071	0.3787	0.5560	2.3922
-0.4056	0.3803	0.5560	2.3884
-0.4027	0.3805	0.5540	2.3846
-0.4012	0.3821	0.5540	2.3805
-0.3982	0.3822	0.5520	2.3767
-0.3968	0.3838	0.5520	2.3729
-0.3939	0.3839	0.5500	2.3690
-0.3924	0.3854	0.5500	2.3652
-0.3910	0.3869	0.5500	2.3615
-0.3895	0.3883	0.5500	2.3576
-0.3866	0.3884	0.5480	2.3538
-0.3851	0.3899	0.5480	2.3500
-0.3818	0.3904	0.5460	2.3451
-0.3803	0.3918	0.5460	2.3412
-0.3788	0.3933	0.5460	2.3374
-0.3772	0.3947	0.5460	2.3336
-0.3744	0.3947	0.5440	2.3298
-0.3729	0.3961	0.5440	2.3260
-0.3714	0.3975	0.5440	2.3222
-0.3698	0.3990	0.5440	2.3183
-0.3682	0.4005	0.5440	2.3142
-0.3653	0.4004	0.5420	2.3105
-0.3625	0.4003	0.5400	2.3066
-0.3609	0.4017	0.5400	2.3028
-0.3594	0.4031	0.5400	2.2990
-0.3565	0.4029	0.5380	2.2951
-0.3563	0.4058	0.5400	2.2914
-0.3547	0.4071	0.5400	2.2875
-0.3519	0.4070	0.5380	2.2837
-0.3503	0.4083	0.5380	2.2799
-0.3487	0.4097	0.5380	2.2760
-0.3459	0.4095	0.5360	2.2722
-0.3442	0.4109	0.5360	2.2682
-0.3426	0.4122	0.5360	2.2643
-0.3411	0.4135	0.5360	2.2605
-0.3378	0.4136	0.5340	2.2556
-0.3362	0.4149	0.5340	2.2518
-0.3345	0.4163	0.5340	2.2477
-0.3329	0.4175	0.5340	2.2439
-0.3312	0.4189	0.5340	2.2398
-0.3296	0.4202	0.5340	2.2360
-0.3280	0.4214	0.5340	2.2321
-0.3250	0.4212	0.5320	2.2281
-0.3234	0.4224	0.5320	2.2243
-0.3217	0.4237	0.5320	2.2201
-0.3201	0.4250	0.5320	2.2163
-0.3184	0.4262	0.5320	2.2125
-0.3167	0.4275	0.5320	2.2085
-0.3151	0.4287	0.5320	2.2046
-0.3121	0.4283	0.5300	2.2005
-0.3105	0.4295	0.5300	2.1967
-0.3089	0.4307	0.5300	2.1929
-0.3071	0.4320	0.5300	2.1888
-0.3054	0.4331	0.5300	2.1850
-0.3037	0.4344	0.5300	2.1809
-0.3020	0.4355	0.5300	2.1771
-0.3003	0.4367	0.5300	2.1733
-0.2985	0.4379	0.5300	2.1691
-0.2969	0.4391	0.5300	2.1653
-0.2940	0.4386	0.5280	2.1613
-0.2923	0.4397	0.5280	2.1574
-0.2906	0.4408	0.5280	2.1536
-0.2888	0.4420	0.5280	2.1495
-0.2871	0.4431	0.5280	2.1458
-0.2853	0.4443	0.5280	2.1416
-0.2836	0.4454	0.5280	2.1378
-0.2819	0.4465	0.5280	2.1340
-0.2801	0.4476	0.5280	2.1299
-0.2784	0.4487	0.5280	2.1261
-0.2766	0.4497	0.5280	2.1223
-0.2748	0.4509	0.5280	2.1181
-0.2731	0.4519	0.5280	2.1143
-0.2712	0.4530	0.5280	2.1103
-0.2695	0.4540	0.5280	2.1064
-0.2677	0.4551	0.5280	2.1026
-0.2659	0.4562	0.5280	2.0985
-0.2642	0.4572	0.5280	2.0947
-0.2623	0.4583	0.5280	2.0906
-0.2605	0.4593	0.5280	2.0868
-0.2588	0.4603	0.5280	2.0830
-0.2569	0.4613	0.5280	2.0789
-0.2551	0.4623	0.5280	2.0751
-0.2532	0.4633	0.5280	2.0710
-0.2514	0.4643	0.5280	2.0671
-0.2497	0.4652	0.5280	2.0634
-0.2478	0.4662	0.5280	2.0593
-0.2460	0.4672	0.5280	2.0554
-0.2441	0.4682	0.5280	2.0513
-0.2423	0.4691	0.5280	2.0476
-0.2405	0.4700	0.5280	2.0437
-0.2386	0.4710	0.5280	2.0396
-0.2368	0.4719	0.5280	2.0358
-0.2349	0.4729	0.5280	2.0318
-0.2330	0.4738	0.5280	2.0279
-0.2321	0.4765	0.5300	2.0241
-0.2301	0.4774	0.5300	2.0200
-0.2274	0.4765	0.5280	2.0161
-0.2255	0.4774	0.5280	2.0121
-0.2237	0.4783	0.5280	2.0083
-0.2227	0.4809	0.5300	2.0044
-0.2215	0.4837	0.5320	2.0003
-0.2189	0.4827	0.5300	1.9966
-0.2169	0.4836	0.5300	1.9924
-0.2151	0.4844	0.5300	1.9886
-0.2132	0.4852	0.5300	1.9848
-0.2112	0.4861	0.5300	1.9808
-0.2102	0.4887	0.5320	1.9769
-0.2089	0.4914	0.5340	1.9728
-0.2070	0.4922	0.5340	1.9690
-0.2044	0.4912	0.5320	1.9652
-0.2024	0.4920	0.5320	1.9611
-0.2013	0.4946	0.5340	1.9573
-0.1992	0.4954	0.5340	1.9531
-0.1974	0.4962	0.5340	1.9494
-0.1955	0.4969	0.5340	1.9456
-0.1934	0.4977	0.5340	1.9414
-0.1915	0.4985	0.5340	1.9376
-0.1896	0.4992	0.5340	1.9338
-0.1888	0.5016	0.5360	1.9308
-0.1868	0.5024	0.5360	1.9267
-0.1849	0.5031	0.5360	1.9229
-0.1829	0.5038	0.5360	1.9191
-0.1809	0.5046	0.5360	1.9150
-0.1789	0.5053	0.5360	1.9111
-0.1776	0.5079	0.5380	1.9071
-0.1756	0.5085	0.5380	1.9033
-0.1737	0.5092	0.5380	1.8995
-0.1715	0.5099	0.5380	1.8953
-0.1703	0.5125	0.5400	1.8916
-0.1682	0.5131	0.5400	1.8875
-0.1662	0.5138	0.5400	1.8836
-0.1642	0.5144	0.5400	1.8798
-0.1622	0.5151	0.5400	1.8760
-0.1564	0.5169	0.5400	1.8646
-0.1436	0.5039	0.5240	1.8484
-0.1406	0.5027	0.5220	1.8436
-0.1357	0.4937	0.5120	1.8390
-0.1317	0.4865	0.5040	1.8351
-0.1278	0.4813	0.4980	1.8302
-0.1235	0.4742	0.4900	1.8255
-0.1199	0.4679	0.4830	1.8217
-0.1159	0.4617	0.4760	1.8168
-0.1120	0.4554	0.4690	1.8119
-0.1083	0.4491	0.4620	1.8073
-0.1044	0.4429	0.4550	1.8023
-0.1012	0.4364	0.4480	1.7986
-0.0978	0.4310	0.4420	1.7939
-0.0944	0.4257	0.4360	1.7890
-0.0912	0.4202	0.4300	1.7844
-0.0883	0.4147	0.4240	1.7806
-0.0852	0.4102	0.4190	1.7757
-0.0822	0.4058	0.4140	1.7707
-0.0794	0.4012	0.4090	1.7661
-0.0769	0.3966	0.4040	1.7623
-0.0740	0.3921	0.3990	1.7574
-0.0713	0.3875	0.3940	1.7528
-0.0687	0.3839	0.3900	1.7479
-0.0664	0.3792	0.3850	1.7440
-0.0639	0.3756	0.3810	1.7393
-0.0613	0.3710	0.3760	1.7345
-0.0588	0.3673	0.3720	1.7296
-0.0568	0.3636	0.3680	1.7257
-0.0545	0.3599	0.3640	1.7211
-0.0522	0.3562	0.3600	1.7162
-0.0499	0.3525	0.3560	1.7115
-0.0482	0.3497	0.3530	1.7077
-0.0459	0.3460	0.3490	1.7028
-0.0438	0.3422	0.3450	1.6982
-0.0417	0.3384	0.3410	1.6933
-0.0400	0.3356	0.3380	1.6895
-0.0379	0.3318	0.3340	1.6846
-0.0360	0.3290	0.3310	1.6799
-0.0345	0.3262	0.3280	1.6761
-0.0326	0.3234	0.3250	1.6712
-0.0308	0.3205	0.3220	1.6666
-0.0290	0.3177	0.3190	1.6617
-0.0275	0.3148	0.3160	1.6578
-0.0257	0.3119	0.3130	1.6530
-0.0240	0.3091	0.3100	1.6483
-0.0227	0.3072	0.3080	1.6444
-0.0209	0.3043	0.3050	1.6395
-0.0194	0.3024	0.3030	1.6349
-0.0181	0.2995	0.3000	1.6311
-0.0165	0.2975	0.2980	1.6262
-0.0150	0.2946	0.2950	1.6216
-0.0138	0.2927	0.2930	1.6178
-0.0122	0.2897	0.2900	1.6129
-0.0107	0.2878	0.2880	1.6079
-0.0095	0.2858	0.2860	1.6042
-0.0081	0.2829	0.2830	1.5995
-0.0067	0.2809	0.2810	1.5946
-0.0053	0.2789	0.2790	1.5900
-0.0042	0.2770	0.2770	1.5861
-0.0029	0.2750	0.2750	1.5812
-0.0016	0.2730	0.2730	1.5765
-0.0005	0.2710	0.2710	1.5727
0.0008	0.2690	0.2690	1.5678
0.0021	0.2670	0.2670	1.5629
0.0031	0.2650	0.2650	1.5591
0.0043	0.2640	0.2640	1.5545
0.0055	0.2609	0.2610	1.5496
0.0065	0.2599	0.2600	1.5458
0.0077	0.2579	0.2580	1.5411
0.0089	0.2558	0.2560	1.5362
0.0098	0.2548	0.2550	1.5324
0.0110	0.2528	0.2530	1.5275
0.0118	0.2507	0.2510	1.5236
0.0129	0.2497	0.2500	1.5190
0.0138	0.2486	0.2490	1.5152
0.0149	0.2465	0.2470	1.5103
0.0159	0.2445	0.2450	1.5057
0.0168	0.2434	0.2440	1.5019
0.0179	0.2423	0.2430	1.4970
0.0189	0.2403	0.2410	1.4923
0.0197	0.2392	0.2400	1.4884
0.0206	0.2381	0.2390	1.4847
0.0216	0.2370	0.2380	1.4797
0.0226	0.2349	0.2360	1.4748
0.0235	0.2328	0.2340	1.4702
0.0243	0.2317	0.2330	1.4664
0.0251	0.2306	0.2320	1.4626
0.0261	0.2295	0.2310	1.4577
0.0269	0.2274	0.2290	1.4531
0.0276	0.2263	0.2280	1.4492
0.0286	0.2252	0.2270	1.4443
0.0294	0.2231	0.2250	1.4396
0.0301	0.2220	0.2240	1.4358
0.0311	0.2208	0.2230	1.4309
0.0319	0.2207	0.2230	1.4274
0.0326	0.2196	0.2220	1.4235
0.0335	0.2184	0.2210	1.4186
0.0342	0.2163	0.2190	1.4140
0.0349	0.2152	0.2180	1.4102
0.0357	0.2151	0.2180	1.4064
0.0366	0.2139	0.2170	1.4015
0.0372	0.2118	0.2150	1.3969
0.0378	0.2106	0.2140	1.3930
0.0387	0.2095	0.2130	1.3882
0.0395	0.2093	0.2130	1.3843
0.0401	0.2082	0.2120	1.3805
0.0409	0.2080	0.2120	1.3767
0.0417	0.2068	0.2110	1.3720
0.0425	0.2057	0.2100	1.3672
0.0430	0.2045	0.2090	1.3636
0.0438	0.2044	0.2090	1.3598
0.0446	0.2032	0.2080	1.3549
0.0451	0.2020	0.2070	1.3511
0.0458	0.2008	0.2060	1.3465
0.0464	0.1997	0.2050	1.3426
0.0471	0.1985	0.2040	1.3376
0.0478	0.1973	0.2030	1.3330
0.0486	0.1971	0.2030	1.3292
0.0491	0.1959	0.2020	1.3254
0.0498	0.1947	0.2010	1.3205
0.0503	0.1936	0.2000	1.3166
0.0509	0.1924	0.1990	1.3120
0.0517	0.1922	0.1990	1.3082
0.0523	0.1910	0.1980	1.3033
0.0527	0.1898	0.1970	1.2998
0.0534	0.1886	0.1960	1.2949
0.0540	0.1874	0.1950	1.2903
0.0544	0.1862	0.1940	1.2864
0.0551	0.1850	0.1930	1.2815
0.0556	0.1838	0.1920	1.2768
0.0563	0.1835	0.1920	1.2730
0.0567	0.1824	0.1910	1.2693
0.0574	0.1822	0.1910	1.2654
0.0580	0.1809	0.1900	1.2605
0.0587	0.1807	0.1900	1.2567
0.0592	0.1795	0.1890	1.2520
0.0599	0.1793	0.1890	1.2483
0.0603	0.1781	0.1880	1.2444
0.0608	0.1768	0.1870	1.2395
0.0614	0.1766	0.1870	1.2360
0.0620	0.1754	0.1860	1.2310
0.0627	0.1751	0.1860	1.2272
0.0630	0.1740	0.1850	1.2234
0.0636	0.1737	0.1850	1.2196
0.0641	0.1725	0.1840	1.2149
0.0646	0.1712	0.1830	1.2100
0.0653	0.1710	0.1830	1.2062
0.0657	0.1697	0.1820	1.2016
0.0663	0.1695	0.1820	1.1978
0.0666	0.1683	0.1810	1.1939
0.0672	0.1680	0.1810	1.1902
0.0677	0.1668	0.1800	1.1855
0.0683	0.1665	0.1800	1.1816
0.0687	0.1653	0.1790	1.1768
0.0694	0.1650	0.1790	1.1729
0.0697	0.1638	0.1780	1.1683
0.0700	0.1626	0.1770	1.1645
0.0706	0.1623	0.1770	1.1606
0.0712	0.1621	0.1770	1.1569
0.0718	0.1618	0.1770	1.1531
0.0722	0.1605	0.1760	1.1482
0.0725	0.1593	0.1750	1.1435
0.0731	0.1590	0.1750	1.1397
0.0735	0.1577	0.1740	1.1348
0.0740	0.1575	0.1740	1.1312
0.0744	0.1562	0.1730	1.1263
0.0750	0.1559	0.1730	1.1225
0.0756	0.1556	0.1730	1.1187
0.0757	0.1544	0.1720	1.1149
0.0763	0.1541	0.1720	1.1111
0.0769	0.1538	0.1720	1.1072
0.0772	0.1526	0.1710	1.1026
0.0775	0.1513	0.1700	1.0977
0.0780	0.1510	0.1700	1.0939
0.0786	0.1508	0.1700	1.0904
0.0789	0.1495	0.1690	1.0854
0.0794	0.1492	0.1690	1.0816
0.0800	0.1489	0.1690	1.0778
0.0802	0.1476	0.1680	1.0731
0.0808	0.1473	0.1680	1.0694
0.0813	0.1470	0.1680	1.0655
0.0815	0.1457	0.1670	1.0607
0.0821	0.1454	0.1670	1.0568
0.0823	0.1442	0.1660	1.0519
0.0829	0.1438	0.1660	1.0481
0.0834	0.1435	0.1660	1.0443
0.0840	0.1432	0.1660	1.0401
0.0842	0.1419	0.1650	1.0352
0.0847	0.1416	0.1650	1.0314
0.0853	0.1412	0.1650	1.0276
0.0859	0.1409	0.1650	1.0235
0.0859	0.1397	0.1640	1.0197
0.0864	0.1394	0.1640	1.0159
0.0866	0.1381	0.1630	1.0110
0.0871	0.1378	0.1630	1.0069
0.0873	0.1365	0.1620	1.0020
0.0882	0.1371	0.1630	0.9990
0.0887	0.1367	0.1630	0.9952
0.0888	0.1355	0.1620	0.9903
0.0894	0.1351	0.1620	0.9864
0.0895	0.1338	0.1610	0.9816
0.0900	0.1335	0.1610	0.9774
0.0905	0.1331	0.1610	0.9736
0.0910	0.1328	0.1610	0.9698
0.0916	0.1324	0.1610	0.9657
0.0917	0.1311	0.1600	0.9608
0.0922	0.1308	0.1600	0.9570
0.0927	0.1304	0.1600	0.9532
0.0927	0.1292	0.1590	0.9483
0.0932	0.1288	0.1590	0.9442
0.0937	0.1284	0.1590	0.9403
0.0942	0.1281	0.1590	0.9365
0.0947	0.1277	0.1590	0.9325
0.0948	0.1264	0.1580	0.9275
0.0952	0.1261	0.1580	0.9237
0.0957	0.1257	0.1580	0.9199
0.0962	0.1253	0.1580	0.9158
0.0967	0.1249	0.1580	0.9120
0.0967	0.1237	0.1570	0.9071
0.0972	0.1233	0.1570	0.9032
0.0977	0.1229	0.1570	0.8992
0.0982	0.1225	0.1570	0.8954
0.0986	0.1222	0.1570	0.8915
0.0991	0.1217	0.1570	0.8874
0.0996	0.1214	0.1570	0.8836
0.0996	0.1201	0.1560	0.8787
0.1000	0.1197	0.1560	0.8748
0.1000	0.1185	0.1550	0.8700
0.1004	0.1181	0.1550	0.8659
0.1009	0.1177	0.1550	0.8621
0.1014	0.1173	0.1550	0.8580
0.1018	0.1169	0.1550	0.8541
0.1023	0.1165	0.1550	0.8503
0.1027	0.1161	0.1550	0.8463
0.1032	0.1157	0.1550	0.8424
0.1036	0.1153	0.1550	0.8386
0.1041	0.1148	0.1550	0.8345
0.1045	0.1145	0.1550	0.8307
0.1050	0.1141	0.1550	0.8269
0.1048	0.1128	0.1540	0.8220
0.1053	0.1124	0.1540	0.8179
0.1057	0.1120	0.1540	0.8141
0.1062	0.1116	0.1540	0.8102
0.1066	0.1111	0.1540	0.8062
0.1065	0.1099	0.1530	0.8012
0.1069	0.1095	0.1530	0.7975
0.1073	0.1091	0.1530	0.7936
0.1077	0.1086	0.1530	0.7895
0.1082	0.1082	0.1530	0.7857
0.1086	0.1078	0.1530	0.7819
0.1090	0.1074	0.1530	0.7778
0.1094	0.1069	0.1530	0.7740
0.1099	0.1065	0.1530	0.7699
0.1103	0.1061	0.1530	0.7661
0.1107	0.1057	0.1530	0.7623
0.1111	0.1052	0.1530	0.7582
0.1115	0.1048	0.1530	0.7543
0.1119	0.1043	0.1530	0.7505
0.1123	0.1039	0.1530	0.7465
0.1127	0.1035	0.1530	0.7426
0.1131	0.1030	0.1530	0.7388
0.1129	0.1018	0.1520	0.7339
0.1126	0.1006	0.1510	0.7290
0.1130	0.1001	0.1510	0.7249
0.1141	0.1005	0.1520	0.7222
0.1138	0.0993	0.1510	0.7172
0.1142	0.0988	0.1510	0.7132
0.1146	0.0984	0.1510	0.7094
0.1150	0.0979	0.1510	0.7055
0.1154	0.0974	0.1510	0.7014
0.1157	0.0970	0.1510	0.6977
0.1161	0.0965	0.1510	0.6936
0.1165	0.0961	0.1510	0.6897
0.1169	0.0956	0.1510	0.6859
0.1172	0.0952	0.1510	0.6819
0.1176	0.0947	0.1510	0.6780
0.1180	0.0943	0.1510	0.6742
0.1184	0.0938	0.1510	0.6701
0.1187	0.0933	0.1510	0.6662
0.1191	0.0929	0.1510	0.6625
0.1194	0.0924	0.1510	0.6584
0.1198	0.0919	0.1510	0.6545
0.1201	0.0915	0.1510	0.6507
0.1205	0.0910	0.1510	0.6470
0.1209	0.0905	0.1510	0.6428
0.1212	0.0901	0.1510	0.6390
0.1216	0.0896	0.1510	0.6352
0.1219	0.0891	0.1510	0.6311
0.1223	0.0886	0.1510	0.6273
0.1226	0.0882	0.1510	0.6235
0.1229	0.0877	0.1510	0.6196
0.1233	0.0872	0.1510	0.6155
0.1236	0.0867	0.1510	0.6118
0.1239	0.0862	0.1510	0.6079
0.1243	0.0857	0.1510	0.6038
0.1246	0.0853	0.1510	0.6000
0.1250	0.0848	0.1510	0.5961
0.1253	0.0843	0.1510	0.5924
0.1256	0.0838	0.1510	0.5883
0.1267	0.0840	0.1520	0.5856
0.1263	0.0828	0.1510	0.5806
0.1266	0.0823	0.1510	0.5766
0.1277	0.0825	0.1520	0.5738
0.1280	0.0820	0.1520	0.5700
0.1275	0.0809	0.1510	0.5651
0.1279	0.0803	0.1510	0.5611
0.1288	0.0789	0.1510	0.5495
0.1299	0.0790	0.1520	0.5466
0.1310	0.0791	0.1530	0.5435
0.1312	0.0786	0.1530	0.5398
0.1315	0.0781	0.1530	0.5359
0.1319	0.0776	0.1530	0.5318
0.1322	0.0771	0.1530	0.5280
0.1325	0.0766	0.1530	0.5242
0.1327	0.0761	0.1530	0.5204
0.1331	0.0755	0.1530	0.5163
0.1333	0.0750	0.1530	0.5124
0.1336	0.0745	0.1530	0.5086
0.1339	0.0740	0.1530	0.5046
0.1342	0.0735	0.1530	0.5007
0.1345	0.0729	0.1530	0.4969
0.1348	0.0724	0.1530	0.4931
0.1351	0.0719	0.1530	0.4891
0.1353	0.0714	0.1530	0.4852
0.1356	0.0708	0.1530	0.4814
0.1359	0.0703	0.1530	0.4773
0.1362	0.0698	0.1530	0.4734
0.1372	0.0698	0.1540	0.4707
0.1375	0.0693	0.1540	0.4666
0.1378	0.0688	0.1540	0.4629
0.1381	0.0682	0.1540	0.4590
0.1383	0.0677	0.1540	0.4549
0.1386	0.0671	0.1540	0.4511
0.1397	0.0672	0.1550	0.4481
0.1400	0.0666	0.1550	0.4443
0.1402	0.0661	0.1550	0.4404
0.1405	0.0655	0.1550	0.4366
0.1407	0.0650	0.1550	0.4326
0.1410	0.0644	0.1550	0.4287
0.1421	0.0644	0.1560	0.4258
0.1423	0.0639	0.1560	0.4219
0.1426	0.0633	0.1560	0.4181
0.1428	0.0628	0.1560	0.4143
0.1431	0.0622	0.1560	0.4102
0.1433	0.0617	0.1560	0.4064
0.1435	0.0611	0.1560	0.4026
0.1446	0.0611	0.1570	0.3996
0.1449	0.0605	0.1570	0.3958
0.1451	0.0599	0.1570	0.3916
0.1453	0.0594	0.1570	0.3878
0.1456	0.0588	0.1570	0.3840
0.1458	0.0583	0.1570	0.3802
0.1460	0.0577	0.1570	0.3761
0.1471	0.0576	0.1580	0.3734
0.1473	0.0570	0.1580	0.3693
0.1476	0.0565	0.1580	0.3655
0.1478	0.0559	0.1580	0.3616
0.1480	0.0553	0.1580	0.3578
0.1482	0.0547	0.1580	0.3538
0.1493	0.0547	0.1590	0.3510
0.1495	0.0541	0.1590	0.3470
0.1497	0.0535	0.1590	0.3431
0.1499	0.0529	0.1590	0.3393
0.1510	0.0528	0.1600	0.3363
0.1512	0.0522	0.1600	0.3325
0.1514	0.0516	0.1600	0.3287
0.1516	0.0510	0.1600	0.3245
0.1527	0.0509	0.1610	0.3218
0.1529	0.0503	0.1610	0.3177
0.1531	0.0497	0.1610	0.3139
0.1533	0.0491	0.1610	0.3102
0.1544	0.0490	0.1620	0.3071
0.1546	0.0484	0.1620	0.3033
0.1548	0.0478	0.1620	0.2995
0.1550	0.0472	0.1620	0.2957
0.1552	0.0466	0.1620	0.2918
0.1553	0.0460	0.1620	0.2880
0.1555	0.0454	0.1620	0.2842
0.1557	0.0448	0.1620	0.2804
0.1558	0.0442	0.1620	0.2766
0.1569	0.0440	0.1630	0.2735
0.1571	0.0434	0.1630	0.2698
0.1582	0.0433	0.1640	0.2670
0.1584	0.0427	0.1640	0.2632
0.1585	0.0421	0.1640	0.2594
0.1596	0.0417	0.1650	0.2556
0.1598	0.0411	0.1650	0.2518
0.1600	0.0405	0.1650	0.2479
0.1601	0.0399	0.1650	0.2441
0.1612	0.0397	0.1660	0.2414
0.1613	0.0391	0.1660	0.2376
0.1615	0.0384	0.1660	0.2337
0.1616	0.0378	0.1660	0.2299
0.1627	0.0376	0.1670	0.2269
0.1629	0.0369	0.1670	0.2231
0.1630	0.0363	0.1670	0.2193
0.1641	0.0361	0.1680	0.2166
0.1642	0.0355	0.1680	0.2127
0.1643	0.0348	0.1680	0.2089
0.1654	0.0346	0.1690	0.2059
0.1656	0.0339	0.1690	0.2021
0.1657	0.0333	0.1690	0.1983
0.1668	0.0330	0.1700	0.1956
0.1669	0.0324	0.1700	0.1917
0.1670	0.0318	0.1700	0.1879
0.1671	0.0311	0.1700	0.1841
0.1682	0.0308	0.1710	0.1814
0.1683	0.0302	0.1710	0.1776
0.1694	0.0299	0.1720	0.1746
0.1695	0.0292	0.1720	0.1708
0.1696	0.0286	0.1720	0.1669
0.1707	0.0281	0.1730	0.1631
0.1708	0.0274	0.1730	0.1593
0.1709	0.0268	0.1730	0.1555
0.1720	0.0265	0.1740	0.1527
0.1721	0.0258	0.1740	0.1490
0.1731	0.0255	0.1750	0.1462
0.1732	0.0248	0.1750	0.1424
0.1733	0.0242	0.1750	0.1385
0.1734	0.0235	0.1750	0.1348
0.1745	0.0231	0.1760	0.1317
0.1746	0.0225	0.1760	0.1280
0.1746	0.0218	0.1760	0.1242
0.1757	0.0214	0.1770	0.1214
0.1758	0.0208	0.1770	0.1175
0.1768	0.0202	0.1780	0.1138
0.1769	0.0195	0.1780	0.1100
0.1770	0.0189	0.1780	0.1061
0.1780	0.0184	0.1790	0.1032
0.1781	0.0178	0.1790	0.0993
0.1782	0.0171	0.1790	0.0955
0.1792	0.0167	0.1800	0.0928
0.1793	0.0160	0.1800	0.0890
0.1803	0.0156	0.1810	0.0862
0.1804	0.0149	0.1810	0.0825
0.1814	0.0143	0.1820	0.0786
0.1815	0.0136	0.1820	0.0748
0.1825	0.0131	0.1830	0.0718
0.1826	0.0124	0.1830	0.0680
0.1836	0.0120	0.1840	0.0652
0.1837	0.0113	0.1840	0.0614
0.1847	0.0108	0.1850	0.0584
0.1847	0.0101	0.1850	0.0546
0.1858	0.0094	0.1860	0.0508
0.1858	0.0087	0.1860	0.0470
0.1868	0.0083	0.1870	0.0442
0.1868	0.0075	0.1870	0.0404
0.1869	0.0068	0.1870	0.0366
0.1879	0.0064	0.1880	0.0338
0.1879	0.0056	0.1880	0.0300
0.1889	0.0050	0.1890	0.0263
0.1890	0.0042	0.1890	0.0224
0.1900	0.0037	0.1900	0.0194
0.1900	0.0030	0.1900	0.0156
0.1910	0.0025	0.1910	0.0128
0.1910	0.0017	0.1910	0.0090
0.1920	0.0010	0.1920	0.0053
0.1930	0.0005	0.1930	0.0025
0.1930	-0.0003	0.1930	-0.0013
0.1940	-0.0008	0.1940	-0.0043
0.1940	-0.0016	0.1940	-0.0081
0.1950	-0.0023	0.1950	-0.0120
0.1950	-0.0031	0.1950	-0.0157
0.1960	-0.0036	0.1960	-0.0185
0.1960	-0.0044	0.1960	-0.0223
0.1969	-0.0050	0.1970	-0.0253
0.1979	-0.0058	0.1980	-0.0291
0.1989	-0.0063	0.1990	-0.0318
0.1989	-0.0071	0.1990	-0.0357
0.1999	-0.0077	0.2000	-0.0384
0.1998	-0.0084	0.2000	-0.0422
0.2008	-0.0092	0.2010	-0.0460
0.2018	-0.0099	0.2020	-0.0491
0.2017	-0.0106	0.2020	-0.0525
0.2027	-0.0114	0.2030	-0.0564
0.2026	-0.0122	0.2030	-0.0602
0.2036	-0.0129	0.2040	-0.0632
0.2046	-0.0135	0.2050	-0.0660
0.2045	-0.0143	0.2050	-0.0698
0.2054	-0.0152	0.2060	-0.0736
0.2064	-0.0158	0.2070	-0.0763
0.2063	-0.0166	0.2070	-0.0802
0.2073	-0.0174	0.2080	-0.0840
0.2082	-0.0181	0.2090	-0.0867
0.2091	-0.0190	0.2100	-0.0905
0.2101	-0.0197	0.2110	-0.0935
0.2100	-0.0204	0.2110	-0.0970
0.2109	-0.0212	0.2120	-0.1000
0.2109	-0.0220	0.2120	-0.1038
0.2118	-0.0229	0.2130	-0.1077
0.2127	-0.0236	0.2140	-0.1104
0.2136	-0.0245	0.2150	-0.1142
0.2145	-0.0252	0.2160	-0.1170
0.2144	-0.0260	0.2160	-0.1208
0.2153	-0.0270	0.2170	-0.1245
0.2162	-0.0277	0.2180	-0.1273
0.2171	-0.0286	0.2190	-0.1312
0.2180	-0.0294	0.2200	-0.1341
0.2189	-0.0304	0.2210	-0.1380
0.2198	-0.0311	0.2220	-0.1406
0.2197	-0.0320	0.2220	-0.1445
0.2206	-0.0330	0.2230	-0.1483
0.2224	-0.0338	0.2250	-0.1510
0.2233	-0.0346	0.2260	-0.1538
0.2232	-0.0355	0.2260	-0.1576
0.2241	-0.0365	0.2270	-0.1614
0.2249	-0.0373	0.2280	-0.1644
0.2258	-0.0383	0.2290	-0.1683
0.2266	-0.0391	0.2300	-0.1709
0.2275	-0.0402	0.2310	-0.1748
0.2284	-0.0410	0.2320	-0.1775
0.2292	-0.0420	0.2330	-0.1813
0.2300	-0.0431	0.2340	-0.1851
0.2309	-0.0439	0.2350	-0.1878
0.2317	-0.0450	0.2360	-0.1917
0.2325	-0.0458	0.2370	-0.1946
0.2333	-0.0469	0.2380	-0.1982
0.2342	-0.0478	0.2390	-0.2012
0.2360	-0.0491	0.2410	-0.2051
0.2368	-0.0499	0.2420	-0.2078
0.2376	-0.0510	0.2430	-0.2116
0.2384	-0.0519	0.2440	-0.2143
0.2392	-0.0530	0.2450	-0.2181
0.2400	-0.0539	0.2460	-0.2211
0.2408	-0.0550	0.2470	-0.2246
0.2416	-0.0562	0.2480	-0.2285
0.2433	-0.0573	0.2500	-0.2314
0.2441	-0.0583	0.2510	-0.2342
0.2449	-0.0594	0.2520	-0.2381
0.2456	-0.0606	0.2530	-0.2419
0.2474	-0.0617	0.2550	-0.2446
0.2481	-0.0629	0.2560	-0.2484
0.2489	-0.0639	0.2570	-0.2511
0.2507	-0.0651	0.2590	-0.2542
0.2514	-0.0663	0.2600	-0.2579
0.2521	-0.0675	0.2610	-0.2617
0.2529	-0.0685	0.2620	-0.2645
0.2546	-0.0700	0.2640	-0.2683
0.2553	-0.0709	0.2650	-0.2710
0.2560	-0.0722	0.2660	-0.2749
0.2577	-0.0735	0.2680	-0.2778
0.2584	-0.0747	0.2690	-0.2814
0.2601	-0.0760	0.2710	-0.2844
0.2608	-0.0773	0.2720	-0.2882
0.2625	-0.0786	0.2740	-0.2910
0.2631	-0.0799	0.2750	-0.2947
0.2648	-0.0812	0.2770	-0.2975
0.2655	-0.0825	0.2780	-0.3013
0.2671	-0.0839	0.2800	-0.3043
0.2678	-0.0851	0.2810	-0.3079
0.2694	-0.0866	0.2830	-0.3108
0.2710	-0.0882	0.2850	-0.3147
0.2727	-0.0896	0.2870	-0.3173
0.2733	-0.0909	0.2880	-0.3212
0.2749	-0.0923	0.2900	-0.3240
0.2755	-0.0937	0.2910	-0.3278
0.2771	-0.0952	0.2930	-0.3308
0.2786	-0.0969	0.2950	-0.3346
0.2803	-0.0983	0.2970	-0.3373
0.2818	-0.1000	0.2990	-0.3411
0.2824	-0.1011	0.3000	-0.3438
0.2839	-0.1029	0.3020	-0.3476
0.2855	-0.1044	0.3040	-0.3504
0.2870	-0.1061	0.3060	-0.3542
0.2886	-0.1077	0.3080	-0.3572
0.2900	-0.1095	0.3100	-0.3611
0.2916	-0.1111	0.3120	-0.3640
0.2930	-0.1129	0.3140	-0.3679
0.2945	-0.1145	0.3160	-0.3708
0.2959	-0.1164	0.3180	-0.3747
0.2975	-0.1180	0.3200	-0.3776
0.2997	-0.1203	0.3230	-0.3818
0.3013	-0.1219	0.3250	-0.3845
0.3026	-0.1239	0.3270	-0.3886
0.3041	-0.1256	0.3290	-0.3915
0.3055	-0.1275	0.3310	-0.3954
0.3078	-0.1296	0.3340	-0.3984
0.3092	-0.1315	0.3360	-0.4022
0.3106	-0.1332	0.3380	-0.4052
0.3129	-0.1356	0.3410	-0.4090
0.3143	-0.1373	0.3430	-0.4120
0.3165	-0.1398	0.3460	-0.4161
0.3179	-0.1415	0.3480	-0.4189
0.3201	-0.1441	0.3510	-0.4229
0.3215	-0.1459	0.3530	-0.4260
0.3236	-0.1483	0.3560	-0.4297
0.3250	-0.1501	0.3580	-0.4328
0.3271	-0.1526	0.3610	-0.4365
0.3294	-0.1549	0.3640	-0.4396
0.3315	-0.1575	0.3670	-0.4436
0.3337	-0.1597	0.3700	-0.4464
0.3360	-0.1620	0.3730	-0.4494
0.3380	-0.1646	0.3760	-0.4532
0.3402	-0.1670	0.3790	-0.4562
0.3422	-0.1697	0.3820	-0.4603
0.3444	-0.1720	0.3850	-0.4633
0.3464	-0.1747	0.3880	-0.4671
0.3486	-0.1771	0.3910	-0.4701
0.3515	-0.1803	0.3950	-0.4739
0.3536	-0.1827	0.3980	-0.4769
0.3564	-0.1859	0.4020	-0.4807
0.3585	-0.1884	0.4050	-0.4838
0.3613	-0.1917	0.4090	-0.4878
0.3634	-0.1941	0.4120	-0.4906
0.3661	-0.1975	0.4160	-0.4946
0.3691	-0.2005	0.4200	-0.4977
0.3720	-0.2034	0.4240	-0.5004
0.3747	-0.2069	0.4280	-0.5045
0.3776	-0.2099	0.4320	-0.5075
0.3802	-0.2133	0.4360	-0.5113
0.3840	-0.2169	0.4410	-0.5143
0.3866	-0.2204	0.4450	-0.5181
0.3894	-0.2235	0.4490	-0.5211
0.3929	-0.2275	0.4540	-0.5249
0.3965	-0.2312	0.4590	-0.5279
0.4001	-0.2349	0.4640	-0.5309
0.4035	-0.2390	0.4690	-0.5347
0.4071	-0.2428	0.4740	-0.5378
0.4104	-0.2470	0.4790	-0.5418
0.4140	-0.2507	0.4840	-0.5446
0.4181	-0.2556	0.4900	-0.5487
0.4216	-0.2594	0.4950	-0.5517
0.4257	-0.2642	0.5010	-0.5555
0.4291	-0.2681	0.5060	-0.5585
0.4332	-0.2730	0.5120	-0.5623
0.4374	-0.2775	0.5180	-0.5653
0.4417	-0.2820	0.5240	-0.5682
0.4456	-0.2869	0.5300	-0.5721
0.4515	-0.2926	0.5380	-0.5751
0.4554	-0.2976	0.5440	-0.5789
0.4611	-0.3034	0.5520	-0.5820
0.4649	-0.3086	0.5580	-0.5860
0.4707	-0.3143	0.5660	-0.5888
0.4764	-0.3202	0.5740	-0.5917
0.4817	-0.3266	0.5820	-0.5959
0.4874	-0.3324	0.5900	-0.5985
0.4926	-0.3390	0.5980	-0.6027
0.4982	-0.3450	0.6060	-0.6056
0.5055	-0.3520	0.6160	-0.6083
0.5106	-0.3587	0.6240	-0.6124
0.5177	-0.3660	0.6340	-0.6154
0.5244	-0.3738	0.6440	-0.6192
0.5314	-0.3812	0.6540	-0.6223
0.5381	-0.3891	0.6640	-0.6261
0.5466	-0.3978	0.6760	-0.6291
0.5535	-0.4053	0.6860	-0.6321
0.5616	-0.4146	0.6980	-0.6359
0.5700	-0.4234	0.7100	-0.6389
0.5799	-0.4335	0.7240	-0.6419
0.5878	-0.4429	0.7360	-0.6457
0.5977	-0.4531	0.7500	-0.6487
0.6069	-0.4641	0.7640	-0.6528
0.6167	-0.4743	0.7780	-0.6556
0.6280	-0.4859	0.7940	-0.6586
0.6386	-0.4983	0.8100	-0.6627
0.6498	-0.5099	0.8260	-0.6654
0.6618	-0.5238	0.8440	-0.6695
0.6743	-0.5369	0.8620	-0.6725
0.6869	-0.5500	0.8800	-0.6751
0.7002	-0.5654	0.9000	-0.6793
0.7141	-0.5801	0.9200	-0.6822
0.7273	-0.5955	0.9400	-0.6861
0.7410	-0.6104	0.9600	-0.6890
0.7578	-0.6277	0.9840	-0.6918
-0.2606	-0.5404	0.6000	-2.0202
-0.2629	-0.5394	0.6000	-2.0243
-0.2646	-0.5363	0.5980	-2.0292
-0.2667	-0.5353	0.5980	-2.0330
-0.2680	-0.5324	0.5960	-2.0371
-0.2700	-0.5314	0.5960	-2.0409
-0.2721	-0.5302	0.5960	-2.0450
-0.2733	-0.5274	0.5940	-2.0488
-0.2754	-0.5263	0.5940	-2.0528
-0.2766	-0.5234	0.5920	-2.0570
-0.2786	-0.5223	0.5920	-2.0608
-0.2808	-0.5212	0.5920	-2.0649
-0.2827	-0.5201	0.5920	-2.0687
-0.2849	-0.5190	0.5920	-2.0728
-0.2859	-0.5161	0.5900	-2.0766
-0.2880	-0.5149	0.5900	-2.0807
-0.2899	-0.5139	0.5900	-2.0845
-0.2910	-0.5109	0.5880	-2.0886
-0.2932	-0.5097	0.5880	-2.0927
-0.2941	-0.5069	0.5860	-2.0966
-0.2961	-0.5057	0.5860	-2.1006
-0.2981	-0.5045	0.5860	-2.1044
-0.3002	-0.5033	0.5860	-2.1086
-0.3016	-0.5001	0.5840	-2.1134
-0.3035	-0.4989	0.5840	-2.1173
-0.3055	-0.4977	0.5840	-2.1213
-0.3065	-0.4948	0.5820	-2.1254
-0.3084	-0.4936	0.5820	-2.1293
-0.3104	-0.4923	0.5820	-2.1334
-0.3112	-0.4894	0.5800	-2.1371
-0.3143	-0.4898	0.5820	-2.1412
-0.3151	-0.4870	0.5800	-2.1451
-0.3171	-0.4857	0.5800	-2.1492
-0.3189	-0.4845	0.5800	-2.1529
-0.3198	-0.4815	0.5780	-2.1571
-0.3216	-0.4803	0.5780	-2.1609
-0.3236	-0.4789	0.5780	-2.1650
-0.3255	-0.4776	0.5780	-2.1690
-0.3274	-0.4764	0.5780	-2.1729
-0.3293	-0.4750	0.5780	-2.1770
-0.3300	-0.4721	0.5760	-2.1808
-0.3319	-0.4708	0.5760	-2.1849
-0.3337	-0.4695	0.5760	-2.1887
-0.3356	-0.4681	0.5760	-2.1928
-0.3374	-0.4668	0.5760	-2.1967
-0.3380	-0.4639	0.5740	-2.2004
-0.3398	-0.4626	0.5740	-2.2042
-0.3415	-0.4613	0.5740	-2.2081
-0.3433	-0.4600	0.5740	-2.2119
-0.3451	-0.4587	0.5740	-2.2157
-0.3468	-0.4574	0.5740	-2.2195
-0.3474	-0.4544	0.5720	-2.2236
-0.3492	-0.4531	0.5720	-2.2274
-0.3509	-0.4517	0.5720	-2.2313
-0.3526	-0.4504	0.5720	-2.2351
-0.3543	-0.4490	0.5720	-2.2388
-0.3560	-0.4477	0.5720	-2.2427
-0.3578	-0.4463	0.5720	-2.2465
-0.3595	-0.4449	0.5720	-2.2503
-0.3612	-0.4436	0.5720	-2.2542
-0.3629	-0.4422	0.5720	-2.2580
-0.3645	-0.4408	0.5720	-2.2618
-0.3662	-0.4394	0.5720	-2.2656
-0.3671	-0.4361	0.5700	-2.2705
-0.3687	-0.4347	0.5700	-2.2743
-0.3704	-0.4332	0.5700	-2.2782
-0.3721	-0.4318	0.5700	-2.2820
-0.3737	-0.4304	0.5700	-2.2858
-0.3753	-0.4290	0.5700	-2.2896
-0.3770	-0.4276	0.5700	-2.2934
-0.3786	-0.4261	0.5700	-2.2972
-0.3804	-0.4245	0.5700	-2.3014
-0.3820	-0.4231	0.5700	-2.3052
-0.3836	-0.4216	0.5700	-2.3089
-0.3852	-0.4202	0.5700	-2.3128
-0.3868	-0.4187	0.5700	-2.3166
-0.3884	-0.4172	0.5700	-2.3204
-0.3900	-0.4157	0.5700	-2.3243
-0.3916	-0.4142	0.5700	-2.3281
-0.3917	-0.4113	0.5680	-2.3318
-0.3947	-0.4112	0.5700	-2.3357
-0.3963	-0.4097	0.5700	-2.3395
-0.3978	-0.4082	0.5700	-2.3433
-0.3994	-0.4067	0.5700	-2.3472
-0.4009	-0.4052	0.5700	-2.3509
-0.4026	-0.4035	0.5700	-2.3550
-0.4041	-0.4020	0.5700	-2.3589
-0.4057	-0.4004	0.5700	-2.3627
-0.4072	-0.3989	0.5700	-2.3665
-0.4087	-0.3973	0.5700	-2.3703
-0.4102	-0.3958	0.5700	-2.3741
-0.4117	-0.3942	0.5700	-2.3780
-0.4132	-0.3926	0.5700	-2.3818
-0.4147	-0.3910	0.5700	-2.3856
-0.4162	-0.3894	0.5700	-2.3895
-0.4189	-0.3895	0.5720	-2.3924
-0.4203	-0.3879	0.5720	-2.3963
-0.4218	-0.3864	0.5720	-2.4000
-0.4233	-0.3847	0.5720	-2.4038
-0.4247	-0.3831	0.5720	-2.4077
-0.4262	-0.3815	0.5720	-2.4115
-0.4277	-0.3798	0.5720	-2.4153
-0.4291	-0.3782	0.5720	-2.4192
-0.4305	-0.3766	0.5720	-2.4229
-0.4335	-0.3763	0.5740	-2.4268
-0.4349	-0.3746	0.5740	-2.4306
-0.4364	-0.3729	0.5740	-2.4344
-0.4379	-0.3711	0.5740	-2.4385
-0.4393	-0.3695	0.5740	-2.4423
-0.4407	-0.3678	0.5740	-2.4461
-0.4421	-0.3661	0.5740	-2.4500
-0.4450	-0.3657	0.5760	-2.4538
-0.4449	-0.3627	0.5740	-2.4576
-0.4478	-0.3623	0.5760	-2.4614
-0.4507	-0.3618	0.5780	-2.4652
-0.4506	-0.3588	0.5760	-2.4690
-0.4519	-0.3571	0.5760	-2.4729
-0.4549	-0.3566	0.5780	-2.4767
-0.4562	-0.3549	0.5780	-2.4805
-0.4576	-0.3532	0.5780	-2.4843
-0.4589	-0.3514	0.5780	-2.4881
-0.4604	-0.3495	0.5780	-2.4922
-0.4617	-0.3477	0.5780	-2.4961
-0.4646	-0.3472	0.5800	-2.4999
-0.4659	-0.3454	0.5800	-2.5036
-0.4672	-0.3436	0.5800	-2.5075
-0.4702	-0.3430	0.5820	-2.5113
-0.4699	-0.3400	0.5800	-2.5152
-0.4728	-0.3394	0.5820	-2.5190
-0.4741	-0.3376	0.5820	-2.5227
-0.4754	-0.3358	0.5820	-2.5266
-0.4783	-0.3351	0.5840	-2.5304
-0.4796	-0.3333	0.5840	-2.5342
-0.4822	-0.3330	0.5860	-2.5372
-0.4835	-0.3311	0.5860	-2.5410
-0.4847	-0.3293	0.5860	-2.5449
-0.4860	-0.3274	0.5860	-2.5487
-0.4889	-0.3267	0.5880	-2.5525
-0.4901	-0.3248	0.5880	-2.5563
-0.4914	-0.3230	0.5880	-2.5601
-0.4944	-0.3220	0.5900	-2.5642
-0.4956	-0.3201	0.5900	-2.5681
-0.4968	-0.3183	0.5900	-2.5718
-0.4997	-0.3174	0.5920	-2.5756
-0.5009	-0.3155	0.5920	-2.5795
-0.5021	-0.3136	0.5920	-2.5833
-0.5050	-0.3127	0.5940	-2.5872
-0.5063	-0.3107	0.5940	-2.5912
-0.5075	-0.3087	0.5940	-2.5950
-0.5104	-0.3078	0.5960	-2.5989
-0.5115	-0.3059	0.5960	-2.6027
-0.5144	-0.3049	0.5980	-2.6065
-0.5156	-0.3029	0.5980	-2.6104
-0.5182	-0.3024	0.6000	-2.6133
-0.5194	-0.3004	0.6000	-2.6172
-0.5205	-0.2985	0.6000	-2.6209
-0.5234	-0.2975	0.6020	-2.6247
-0.5246	-0.2953	0.6020	-2.6289
-0.5257	-0.2933	0.6020	-2.6327
-0.5286	-0.2923	0.6040	-2.6365
-0.5297	-0.2903	0.6040	-2.6403
-0.5325	-0.2892	0.6060	-2.6441
-0.5354	-0.2881	0.6080	-2.6479
-0.5366	-0.2859	0.6080	-2.6521
-0.5377	-0.2838	0.6080	-2.6559
-0.5405	-0.2827	0.6100	-2.6596
-0.5434	-0.2816	0.6120	-2.6635
-0.5444	-0.2795	0.6120	-2.6673
-0.5455	-0.2774	0.6120	-2.6711
-0.5484	-0.2762	0.6140	-2.6750
-0.5495	-0.2740	0.6140	-2.6790
-0.5520	-0.2734	0.6160	-2.6818
-0.5549	-0.2721	0.6180	-2.6856
-0.5560	-0.2699	0.6180	-2.6896
-0.5570	-0.2678	0.6180	-2.6935
-0.5598	-0.2665	0.6200	-2.6973
-0.5626	-0.2652	0.6220	-2.7011
-0.5637	-0.2630	0.6220	-2.7050
-0.5664	-0.2618	0.6240	-2.7087
-0.5674	-0.2596	0.6240	-2.7126
-0.5703	-0.2581	0.6260	-2.7167
-0.5713	-0.2559	0.6260	-2.7205
-0.5741	-0.2545	0.6280	-2.7243
-0.5769	-0.2531	0.6300	-2.7281
-0.5779	-0.2509	0.6300	-2.7319
-0.5804	-0.2500	0.6320	-2.7349
-0.5814	-0.2478	0.6320	-2.7387
-0.5842	-0.2463	0.6340	-2.7426
-0.5870	-0.2449	0.6360	-2.7464
-0.5879	-0.2426	0.6360	-2.7502
-0.5907	-0.2410	0.6380	-2.7543
-0.5917	-0.2387	0.6380	-2.7581
-0.5944	-0.2372	0.6400	-2.7619
-0.5972	-0.2356	0.6420	-2.7658
-0.5981	-0.2333	0.6420	-2.7696
-0.6008	-0.2318	0.6440	-2.7734
-0.6036	-0.2301	0.6460	-2.7775
-0.6062	-0.2291	0.6480	-2.7802
-0.6070	-0.2268	0.6480	-2.7840
-0.6097	-0.2252	0.6500	-2.7878
-0.6125	-0.2234	0.6520	-2.7919
-0.6134	-0.2210	0.6520	-2.7958
-0.6161	-0.2193	0.6540	-2.7996
-0.6188	-0.2177	0.6560	-2.8033
-0.6216	-0.2160	0.6580	-2.8072
-0.6224	-0.2136	0.6580	-2.8110
-0.6251	-0.2118	0.6600	-2.8149
-0.6278	-0.2099	0.6620	-2.8190
-0.6305	-0.2082	0.6640	-2.8227
-0.6313	-0.2057	0.6640	-2.8266
-0.6338	-0.2045	0.6660	-2.8295
-0.6365	-0.2027	0.6680	-2.8334
-0.6392	-0.2008	0.6700	-2.8372
-0.6419	-0.1990	0.6720	-2.8410
-0.6426	-0.1965	0.6720	-2.8449
-0.6453	-0.1946	0.6740	-2.8487
-0.6479	-0.1928	0.6760	-2.8524
-0.6506	-0.1906	0.6780	-2.8566
-0.6533	-0.1887	0.6800	-2.8604
-0.6559	-0.1867	0.6820	-2.8642
-0.6584	-0.1853	0.6840	-2.8672
-0.6591	-0.1828	0.6840	-2.8710
-0.6617	-0.1808	0.6860	-2.8749
-0.6663	-0.1794	0.6900	-2.8786
-0.6689	-0.1773	0.6920	-2.8824
-0.6696	-0.1748	0.6920	-2.8863
-0.6741	-0.1732	0.6960	-2.8901
-0.6748	-0.1704	0.6960	-2.8942
-0.6774	-0.1684	0.6980	-2.8980
-0.6800	-0.1662	0.7000	-2.9018
-0.6844	-0.1651	0.7040	-2.9049
-0.6850	-0.1625	0.7040	-2.9086
-0.6875	-0.1604	0.7060	-2.9125
-0.6901	-0.1582	0.7080	-2.9163
-0.6927	-0.1560	0.7100	-2.9201
-0.6952	-0.1537	0.7120	-2.9240
-0.6978	-0.1514	0.7140	-2.9280
-0.7023	-0.1495	0.7180	-2.9318
-0.7048	-0.1472	0.7200	-2.9357
-0.7073	-0.1449	0.7220	-2.9395
-0.7097	-0.1432	0.7240	-2.9425
-0.7122	-0.1407	0.7260	-2.9466
-0.7147	-0.1383	0.7280	-2.9504
-0.7172	-0.1360	0.7300	-2.9542
-0.7197	-0.1336	0.7320	-2.9580
-0.7242	-0.1314	0.7360	-2.9621
-0.7266	-0.1290	0.7380	-2.9660
-0.7291	-0.1265	0.7400	-2.9698
-0.7316	-0.1239	0.7420	-2.9738
-0.7359	-0.1225	0.7460	-2.9766
-0.7383	-0.1199	0.7480	-2.9806
-0.7408	-0.1174	0.7500	-2.9845
-0.7452	-0.1151	0.7540	-2.9883
-0.7476	-0.1124	0.7560	-2.9924
-0.7500	-0.1099	0.7580	-2.9962
-0.7544	-0.1075	0.7620	-3.0000
-0.7568	-0.1049	0.7640	-3.0038
-0.7592	-0.1021	0.7660	-3.0079
-0.7619	-0.0966	0.7680	-3.0155
-0.6029	-0.0612	0.6060	-3.0403
-0.6051	-0.0591	0.6080	-3.0442
-0.6053	-0.0568	0.6080	-3.0480
-0.6075	-0.0547	0.6100	-3.0519
-0.6078	-0.0523	0.6100	-3.0557
-0.6099	-0.0502	0.6120	-3.0594
-0.6101	-0.0477	0.6120	-3.0636
-0.6103	-0.0454	0.6120	-3.0674
-0.6125	-0.0432	0.6140	-3.0712
-0.6146	-0.0417	0.6160	-3.0739
-0.6147	-0.0393	0.6160	-3.0777
-0.6149	-0.0369	0.6160	-3.0816
-0.6170	-0.0347	0.6180	-3.0854
-0.6191	-0.0325	0.6200	-3.0891
-0.6193	-0.0299	0.6200	-3.0933
-0.6214	-0.0277	0.6220	-3.0971
-0.6215	-0.0253	0.6220	-3.1009
-0.6236	-0.0230	0.6240	-3.1048
-0.6237	-0.0206	0.6240	-3.1085
-0.6257	-0.0183	0.6260	-3.1124
-0.6258	-0.0159	0.6260	-3.1162
-0.6279	-0.0135	0.6280	-3.1200
-0.6299	-0.0112	0.6300	-3.1239
-0.6299	-0.0088	0.6300	-3.1276
-0.6300	-0.0064	0.6300	-3.1314
-0.6320	-0.0045	0.6320	-3.1345
-0.6340	-0.0021	0.6340	-3.1382
