x	y	r	phi
-0.8060	0.0002	0.8060	3.1414
-0.8080	0.0035	0.8080	3.1373
-0.8100	0.0066	0.8100	3.1334
-0.8099	0.0099	0.8100	3.1293
-0.8099	0.0130	0.8100	3.1256
-0.8098	0.0194	0.8100	3.1176
-0.7814	0.0317	0.7820	3.1010
-0.7812	0.0349	0.7820	3.0969
-0.7671	0.0381	0.7680	3.0920
-0.7529	0.0402	0.7540	3.0882
-0.7387	0.0431	0.7400	3.0833
-0.7266	0.0452	0.7280	3.0795
-0.7124	0.0478	0.7140	3.0746
-0.7002	0.0504	0.7020	3.0697
-0.6880	0.0524	0.6900	3.0656
-0.6778	0.0550	0.6800	3.0607
-0.6656	0.0565	0.6680	3.0568
-0.6554	0.0589	0.6580	3.0520
-0.6452	0.0607	0.6480	3.0478
-0.6349	0.0628	0.6380	3.0429
-0.6246	0.0649	0.6280	3.0380
-0.6164	0.0664	0.6200	3.0342
-0.6062	0.0683	0.6100	3.0293
-0.5979	0.0697	0.6020	3.0255
-0.5897	0.0717	0.5940	3.0206
-0.5794	0.0734	0.5840	3.0156
-0.5711	0.0747	0.5760	3.0116
-0.5628	0.0764	0.5680	3.0066
-0.5566	0.0777	0.5620	3.0029
-0.5483	0.0793	0.5540	2.9979
-0.5420	0.0807	0.5480	2.9939
-0.5337	0.0821	0.5400	2.9890
-0.5254	0.0835	0.5320	2.9840
-0.5192	0.0845	0.5260	2.9802
-0.5128	0.0861	0.5200	2.9753
-0.5066	0.0871	0.5140	2.9712
-0.5002	0.0886	0.5080	2.9663
-0.4940	0.0894	0.5020	2.9625
-0.4876	0.0908	0.4960	2.9575
-0.4813	0.0920	0.4900	2.9526
-0.4760	0.0929	0.4850	2.9488
-0.4697	0.0941	0.4790	2.9439
-0.4644	0.0950	0.4740	2.9399
-0.4590	0.0963	0.4690	2.9349
-0.4538	0.0969	0.4640	2.9311
-0.4484	0.0981	0.4590	2.9262
-0.4430	0.0992	0.4540	2.9213
-0.4387	0.1001	0.4500	2.9172
-0.4343	0.1014	0.4460	2.9123
-0.4291	0.1019	0.4410	2.9084
-0.4247	0.1031	0.4370	2.9035
-0.4194	0.1036	0.4320	2.8995
-0.4150	0.1047	0.4280	2.8945
-0.4107	0.1052	0.4240	2.8908
-0.4054	0.1060	0.4190	2.8858
-0.4010	0.1070	0.4150	2.8809
-0.3967	0.1075	0.4110	2.8769
-0.3923	0.1084	0.4070	2.8719
-0.3879	0.1093	0.4030	2.8670
-0.3846	0.1099	0.4000	2.8632
-0.3802	0.1107	0.3960	2.8583
-0.3769	0.1114	0.3930	2.8542
-0.3725	0.1121	0.3890	2.8493
-0.3692	0.1127	0.3860	2.8454
-0.3648	0.1133	0.3820	2.8405
-0.3615	0.1138	0.3790	2.8365
-0.3581	0.1147	0.3760	2.8315
-0.3548	0.1151	0.3730	2.8278
-0.3514	0.1160	0.3700	2.8228
-0.3470	0.1164	0.3660	2.8179
-0.3446	0.1172	0.3640	2.8138
-0.3412	0.1179	0.3610	2.8089
-0.3379	0.1182	0.3580	2.8051
-0.3345	0.1189	0.3550	2.8002
-0.3312	0.1192	0.3520	2.7962
-0.3287	0.1202	0.3500	2.7912
-0.3255	0.1203	0.3470	2.7874
-0.3221	0.1209	0.3440	2.7824
-0.3197	0.1215	0.3420	2.7784
-0.3163	0.1220	0.3390	2.7734
-0.3129	0.1225	0.3360	2.7685
-0.3106	0.1229	0.3340	2.7647
-0.3081	0.1237	0.3320	2.7598
-0.3057	0.1242	0.3300	2.7558
-0.3034	0.1246	0.3280	2.7520
-0.3000	0.1249	0.3250	2.7471
-0.2966	0.1252	0.3220	2.7421
-0.2952	0.1260	0.3210	2.7381
-0.2928	0.1267	0.3190	2.7332
-0.2904	0.1270	0.3170	2.7293
-0.2880	0.1277	0.3150	2.7243
-0.2856	0.1280	0.3130	2.7203
-0.2823	0.1281	0.3100	2.7154
-0.2809	0.1288	0.3090	2.7116
-0.2784	0.1293	0.3070	2.7067
-0.2761	0.1296	0.3050	2.7026
-0.2736	0.1301	0.3030	2.6977
-0.2713	0.1303	0.3010	2.6939
-0.2699	0.1310	0.3000	2.6897
-0.2675	0.1314	0.2980	2.6848
-0.2650	0.1318	0.2960	2.6800
-0.2627	0.1320	0.2940	2.6761
-0.2613	0.1326	0.2930	2.6720
-0.2589	0.1330	0.2910	2.6671
-0.2575	0.1335	0.2900	2.6633
-0.2550	0.1338	0.2880	2.6584
-0.2527	0.1339	0.2860	2.6543
-0.2503	0.1342	0.2840	2.6494
-0.2489	0.1347	0.2830	2.6455
-0.2474	0.1354	0.2820	2.6407
-0.2459	0.1359	0.2810	2.6366
-0.2435	0.1362	0.2790	2.6316
-0.2412	0.1361	0.2770	2.6279
-0.2397	0.1368	0.2760	2.6229
-0.2383	0.1373	0.2750	2.6189
-0.2359	0.1375	0.2730	2.6139
-0.2345	0.1378	0.2720	2.6102
-0.2331	0.1383	0.2710	2.6060
-0.2307	0.1384	0.2690	2.6012
-0.2293	0.1388	0.2680	2.5973
-0.2277	0.1394	0.2670	2.5924
-0.2263	0.1398	0.2660	2.5883
-0.2249	0.1401	0.2650	2.5845
-0.2225	0.1402	0.2630	2.5796
-0.2211	0.1405	0.2620	2.5755
-0.2196	0.1411	0.2610	2.5706
-0.2182	0.1414	0.2600	2.5667
-0.2168	0.1417	0.2590	2.5627
-0.2144	0.1417	0.2570	2.5578
-0.2129	0.1422	0.2560	2.5528
-0.2124	0.1430	0.2560	2.5491
-0.2101	0.1427	0.2540	2.5450
-0.2086	0.1432	0.2530	2.5401
-0.2072	0.1434	0.2520	2.5362
-0.2058	0.1437	0.2510	2.5321
-0.2043	0.1441	0.2500	2.5272
-0.2029	0.1443	0.2490	2.5234
-0.2014	0.1447	0.2480	2.5185
-0.2000	0.1450	0.2470	2.5144
-0.1994	0.1457	0.2470	2.5106
-0.1980	0.1459	0.2460	2.5065
-0.1965	0.1463	0.2450	2.5016
-0.1952	0.1465	0.2440	2.4978
-0.1936	0.1468	0.2430	2.4929
-0.1922	0.1470	0.2420	2.4888
-0.1907	0.1473	0.2410	2.4839
-0.1902	0.1481	0.2410	2.4801
-0.1888	0.1482	0.2400	2.4759
-0.1864	0.1479	0.2380	2.4708
-0.1850	0.1481	0.2370	2.4666
-0.1835	0.1484	0.2360	2.4615
-0.1829	0.1492	0.2360	2.4574
-0.1815	0.1493	0.2350	2.4533
-0.1800	0.1496	0.2340	2.4481
-0.1786	0.1497	0.2330	2.4440
-0.1780	0.1504	0.2330	2.4400
-0.1766	0.1505	0.2320	2.4359
-0.1750	0.1507	0.2310	2.4307
-0.1737	0.1508	0.2300	2.4266
-0.1731	0.1515	0.2300	2.4225
-0.1716	0.1517	0.2290	2.4176
-0.1702	0.1517	0.2280	2.4135
-0.1687	0.1519	0.2270	2.4083
-0.1680	0.1526	0.2270	2.4042
-0.1674	0.1533	0.2270	2.4001
-0.1661	0.1533	0.2260	2.3961
-0.1645	0.1535	0.2250	2.3909
-0.1639	0.1542	0.2250	2.3868
-0.1616	0.1536	0.2230	2.3816
-0.1610	0.1543	0.2230	2.3775
-0.1604	0.1549	0.2230	2.3735
-0.1590	0.1549	0.2220	2.3693
-0.1575	0.1550	0.2210	2.3642
-0.1562	0.1550	0.2200	2.3600
-0.1555	0.1556	0.2200	2.3560
-0.1541	0.1557	0.2190	2.3510
-0.1527	0.1556	0.2180	2.3467
-0.1512	0.1556	0.2170	2.3418
-0.1506	0.1563	0.2170	2.3377
-0.1499	0.1569	0.2170	2.3336
-0.1493	0.1575	0.2170	2.3295
-0.1480	0.1574	0.2160	2.3254
-0.1465	0.1574	0.2150	2.3202
-0.1451	0.1573	0.2140	2.3161
-0.1436	0.1573	0.2130	2.3109
-0.1430	0.1579	0.2130	2.3069
-0.1424	0.1584	0.2130	2.3028
-0.1410	0.1583	0.2120	2.2987
-0.1404	0.1588	0.2120	2.2946
-0.1397	0.1594	0.2120	2.2905
-0.1383	0.1594	0.2110	2.2853
-0.1368	0.1593	0.2100	2.2802
-0.1361	0.1599	0.2100	2.2760
-0.1355	0.1605	0.2100	2.2720
-0.1348	0.1610	0.2100	2.2679
-0.1335	0.1608	0.2090	2.2638
-0.1320	0.1607	0.2080	2.2586
-0.1314	0.1612	0.2080	2.2546
-0.1301	0.1610	0.2070	2.2504
-0.1294	0.1615	0.2070	2.2463
-0.1288	0.1621	0.2070	2.2423
-0.1273	0.1619	0.2060	2.2370
-0.1267	0.1625	0.2060	2.2330
-0.1254	0.1622	0.2050	2.2289
-0.1247	0.1627	0.2050	2.2248
-0.1241	0.1632	0.2050	2.2207
-0.1226	0.1630	0.2040	2.2155
-0.1219	0.1636	0.2040	2.2114
-0.1205	0.1633	0.2030	2.2065
-0.1199	0.1638	0.2030	2.2024
-0.1192	0.1643	0.2030	2.1984
-0.1179	0.1640	0.2020	2.1940
-0.1172	0.1645	0.2020	2.1899
-0.1158	0.1643	0.2010	2.1850
-0.1152	0.1647	0.2010	2.1809
-0.1145	0.1652	0.2010	2.1768
-0.1132	0.1649	0.2000	2.1727
-0.1125	0.1653	0.2000	2.1684
-0.1111	0.1651	0.1990	2.1634
-0.1105	0.1655	0.1990	2.1594
-0.1091	0.1653	0.1980	2.1542
-0.1084	0.1657	0.1980	2.1501
-0.1077	0.1661	0.1980	2.1459
-0.1070	0.1666	0.1980	2.1419
-0.1063	0.1670	0.1980	2.1378
-0.1057	0.1675	0.1980	2.1337
-0.1045	0.1670	0.1970	2.1296
-0.1038	0.1675	0.1970	2.1255
-0.1030	0.1679	0.1970	2.1212
-0.1017	0.1676	0.1960	2.1162
-0.1003	0.1672	0.1950	2.1110
-0.0996	0.1676	0.1950	2.1070
-0.0984	0.1672	0.1940	2.1029
-0.0977	0.1676	0.1940	2.0988
-0.0971	0.1680	0.1940	2.0947
-0.0964	0.1684	0.1940	2.0906
-0.0957	0.1688	0.1940	2.0865
-0.0950	0.1692	0.1940	2.0825
-0.0936	0.1688	0.1930	2.0773
-0.0929	0.1692	0.1930	2.0732
-0.0916	0.1688	0.1920	2.0680
-0.0909	0.1691	0.1920	2.0639
-0.0902	0.1695	0.1920	2.0598
-0.0895	0.1699	0.1920	2.0557
-0.0888	0.1702	0.1920	2.0516
-0.0881	0.1706	0.1920	2.0476
-0.0870	0.1700	0.1910	2.0437
-0.0863	0.1704	0.1910	2.0396
-0.0856	0.1707	0.1910	2.0355
-0.0849	0.1711	0.1910	2.0315
-0.0836	0.1706	0.1900	2.0266
-0.0829	0.1709	0.1900	2.0225
-0.0822	0.1713	0.1900	2.0183
-0.0815	0.1716	0.1900	2.0143
-0.0803	0.1711	0.1890	2.0093
-0.0796	0.1714	0.1890	2.0053
-0.0789	0.1718	0.1890	2.0012
-0.0782	0.1721	0.1890	1.9973
-0.0775	0.1724	0.1890	1.9933
-0.0768	0.1727	0.1890	1.9892
-0.0757	0.1721	0.1880	1.9851
-0.0750	0.1724	0.1880	1.9810
-0.0743	0.1727	0.1880	1.9769
-0.0736	0.1730	0.1880	1.9731
-0.0729	0.1733	0.1880	1.9690
-0.0722	0.1736	0.1880	1.9649
-0.0715	0.1739	0.1880	1.9608
-0.0708	0.1742	0.1880	1.9567
-0.0695	0.1736	0.1870	1.9518
-0.0688	0.1739	0.1870	1.9478
-0.0681	0.1742	0.1870	1.9436
-0.0675	0.1744	0.1870	1.9398
-0.0667	0.1747	0.1870	1.9357
-0.0660	0.1750	0.1870	1.9317
-0.0648	0.1744	0.1860	1.9265
-0.0641	0.1746	0.1860	1.9227
-0.0634	0.1749	0.1860	1.9185
-0.0627	0.1751	0.1860	1.9144
-0.0620	0.1754	0.1860	1.9104
-0.0612	0.1756	0.1860	1.9063
-0.0606	0.1759	0.1860	1.9024
-0.0598	0.1761	0.1860	1.8984
-0.0591	0.1764	0.1860	1.8943
-0.0584	0.1766	0.1860	1.8902
-0.0574	0.1759	0.1850	1.8861
-0.0567	0.1761	0.1850	1.8823
-0.0560	0.1763	0.1850	1.8782
-0.0553	0.1766	0.1850	1.8741
-0.0545	0.1768	0.1850	1.8700
-0.0538	0.1770	0.1850	1.8659
-0.0531	0.1772	0.1850	1.8619
-0.0524	0.1774	0.1850	1.8580
-0.0517	0.1776	0.1850	1.8539
-0.0505	0.1769	0.1840	1.8487
-0.0498	0.1771	0.1840	1.8449
-0.0491	0.1773	0.1840	1.8408
-0.0484	0.1775	0.1840	1.8368
-0.0476	0.1777	0.1840	1.8326
-0.0469	0.1779	0.1840	1.8285
-0.0462	0.1781	0.1840	1.8248
-0.0455	0.1783	0.1840	1.8206
-0.0448	0.1785	0.1840	1.8165
-0.0440	0.1787	0.1840	1.8125
-0.0433	0.1788	0.1840	1.8084
-0.0426	0.1790	0.1840	1.8045
-0.0419	0.1792	0.1840	1.8005
-0.0412	0.1793	0.1840	1.7964
-0.0404	0.1795	0.1840	1.7923
-0.0397	0.1797	0.1840	1.7882
-0.0390	0.1798	0.1840	1.7841
-0.0383	0.1800	0.1840	1.7803
-0.0375	0.1801	0.1840	1.7762
-0.0368	0.1803	0.1840	1.7721
-0.0361	0.1804	0.1840	1.7680
-0.0353	0.1806	0.1840	1.7639
-0.0350	0.1817	0.1850	1.7609
-0.0342	0.1818	0.1850	1.7568
-0.0335	0.1819	0.1850	1.7531
-0.0324	0.1811	0.1840	1.7479
-0.0317	0.1813	0.1840	1.7438
-0.0313	0.1823	0.1850	1.7408
-0.0305	0.1825	0.1850	1.7367
-0.0298	0.1826	0.1850	1.7325
-0.0291	0.1827	0.1850	1.7287
-0.0284	0.1828	0.1850	1.7247
-0.0276	0.1829	0.1850	1.7206
-0.0268	0.1830	0.1850	1.7164
-0.0261	0.1831	0.1850	1.7124
-0.0254	0.1832	0.1850	1.7086
-0.0247	0.1834	0.1850	1.7044
-0.0239	0.1834	0.1850	1.7004
-0.0232	0.1835	0.1850	1.6963
-0.0224	0.1836	0.1850	1.6922
-0.0217	0.1837	0.1850	1.6883
-0.0210	0.1838	0.1850	1.6843
-0.0202	0.1839	0.1850	1.6802
-0.0194	0.1840	0.1850	1.6761
-0.0187	0.1841	0.1850	1.6720
-0.0179	0.1841	0.1850	1.6679
-0.0172	0.1842	0.1850	1.6641
-0.0166	0.1853	0.1860	1.6602
-0.0159	0.1853	0.1860	1.6562
-0.0152	0.1854	0.1860	1.6524
-0.0144	0.1854	0.1860	1.6486
-0.0137	0.1855	0.1860	1.6444
-0.0130	0.1855	0.1860	1.6407
-0.0123	0.1856	0.1860	1.6369
-0.0115	0.1856	0.1860	1.6327
-0.0108	0.1857	0.1860	1.6289
-0.0101	0.1857	0.1860	1.6252
-0.0093	0.1858	0.1860	1.6210
-0.0089	0.1868	0.1870	1.6183
-0.0079	0.1858	0.1860	1.6134
-0.0072	0.1859	0.1860	1.6093
-0.0065	0.1859	0.1860	1.6055
-0.0057	0.1859	0.1860	1.6017
-0.0050	0.1859	0.1860	1.5975
-0.0045	0.1869	0.1870	1.5949
-0.0037	0.1870	0.1870	1.5907
-0.0030	0.1870	0.1870	1.5869
-0.0023	0.1870	0.1870	1.5831
-0.0015	0.1870	0.1870	1.5790
-0.0008	0.1870	0.1870	1.5752
-0.0001	0.1870	0.1870	1.5714
0.0005	0.1880	0.1880	1.5684
0.0012	0.1880	0.1880	1.5646
0.0019	0.1880	0.1880	1.5604
0.0026	0.1880	0.1880	1.5567
0.0034	0.1880	0.1880	1.5529
0.0041	0.1880	0.1880	1.5487
0.0049	0.1879	0.1880	1.5449
0.0056	0.1879	0.1880	1.5411
0.0063	0.1879	0.1880	1.5370
0.0071	0.1879	0.1880	1.5332
0.0078	0.1888	0.1890	1.5294
0.0086	0.1888	0.1890	1.5253
0.0093	0.1888	0.1890	1.5215
0.0100	0.1887	0.1890	1.5177
0.0108	0.1887	0.1890	1.5136
0.0115	0.1886	0.1890	1.5097
0.0122	0.1896	0.1900	1.5068
0.0129	0.1896	0.1900	1.5029
0.0136	0.1895	0.1900	1.4991
0.0144	0.1895	0.1900	1.4951
0.0151	0.1894	0.1900	1.4912
0.0158	0.1893	0.1900	1.4874
0.0166	0.1893	0.1900	1.4833
0.0172	0.1902	0.1910	1.4806
0.0180	0.1902	0.1910	1.4765
0.0187	0.1901	0.1910	1.4726
0.0195	0.1910	0.1920	1.4689
0.0203	0.1909	0.1920	1.4648
0.0211	0.1908	0.1920	1.4609
0.0218	0.1908	0.1920	1.4571
0.0225	0.1917	0.1930	1.4541
0.0232	0.1916	0.1930	1.4503
0.0240	0.1915	0.1930	1.4463
0.0247	0.1924	0.1940	1.4432
0.0254	0.1923	0.1940	1.4394
0.0261	0.1922	0.1940	1.4356
0.0271	0.1931	0.1950	1.4315
0.0278	0.1930	0.1950	1.4277
0.0286	0.1929	0.1950	1.4238
0.0293	0.1928	0.1950	1.4198
0.0300	0.1937	0.1960	1.4170
0.0308	0.1936	0.1960	1.4130
0.0315	0.1934	0.1960	1.4092
0.0323	0.1933	0.1960	1.4053
0.0330	0.1942	0.1970	1.4023
0.0338	0.1941	0.1970	1.3985
0.0346	0.1939	0.1970	1.3944
0.0355	0.1948	0.1980	1.3906
0.0362	0.1947	0.1980	1.3867
0.0370	0.1945	0.1980	1.3827
0.0378	0.1954	0.1990	1.3799
0.0385	0.1952	0.1990	1.3759
0.0393	0.1951	0.1990	1.3720
0.0401	0.1959	0.2000	1.3691
0.0408	0.1958	0.2000	1.3652
0.0416	0.1956	0.2000	1.3614
0.0426	0.1964	0.2010	1.3573
0.0433	0.1963	0.2010	1.3535
0.0441	0.1961	0.2010	1.3497
0.0449	0.1959	0.2010	1.3456
0.0456	0.1968	0.2020	1.3429
0.0464	0.1966	0.2020	1.3388
0.0474	0.1974	0.2030	1.3349
0.0482	0.1972	0.2030	1.3311
0.0490	0.1980	0.2040	1.3281
0.0498	0.1978	0.2040	1.3240
0.0506	0.1976	0.2040	1.3202
0.0514	0.1984	0.2050	1.3172
0.0522	0.1982	0.2050	1.3134
0.0529	0.1980	0.2050	1.3096
0.0537	0.1978	0.2050	1.3055
0.0548	0.1986	0.2060	1.3014
0.0556	0.1983	0.2060	1.2974
0.0564	0.1981	0.2060	1.2932
0.0573	0.1989	0.2070	1.2903
0.0581	0.1987	0.2070	1.2861
0.0592	0.1994	0.2080	1.2820
0.0600	0.1991	0.2080	1.2780
0.0609	0.1989	0.2080	1.2739
0.0617	0.1997	0.2090	1.2709
0.0626	0.1994	0.2090	1.2665
0.0637	0.2001	0.2100	1.2624
0.0646	0.1998	0.2100	1.2583
0.0655	0.2006	0.2110	1.2553
0.0663	0.2003	0.2110	1.2512
0.0671	0.2000	0.2110	1.2471
0.0679	0.1998	0.2110	1.2430
0.0689	0.2005	0.2120	1.2400
0.0700	0.2012	0.2130	1.2360
0.0708	0.2009	0.2130	1.2319
0.0718	0.2016	0.2140	1.2286
0.0726	0.2013	0.2140	1.2245
0.0738	0.2019	0.2150	1.2204
0.0746	0.2016	0.2150	1.2164
0.0755	0.2013	0.2150	1.2122
0.0763	0.2010	0.2150	1.2081
0.0772	0.2017	0.2160	1.2051
0.0781	0.2014	0.2160	1.2010
0.0792	0.2020	0.2170	1.1970
0.0801	0.2017	0.2170	1.1929
0.0811	0.2024	0.2180	1.1896
0.0823	0.2029	0.2190	1.1855
0.0831	0.2026	0.2190	1.1815
0.0840	0.2023	0.2190	1.1773
0.0849	0.2029	0.2200	1.1744
0.0858	0.2026	0.2200	1.1702
0.0866	0.2022	0.2200	1.1661
0.0878	0.2028	0.2210	1.1621
0.0889	0.2034	0.2220	1.1588
0.0901	0.2040	0.2230	1.1547
0.0911	0.2046	0.2240	1.1517
0.0920	0.2042	0.2240	1.1476
0.0928	0.2039	0.2240	1.1435
0.0941	0.2044	0.2250	1.1395
0.0949	0.2040	0.2250	1.1353
0.0959	0.2046	0.2260	1.1324
0.0972	0.2051	0.2270	1.1282
0.0983	0.2057	0.2280	1.1250
0.0992	0.2053	0.2280	1.1209
0.1004	0.2058	0.2290	1.1167
0.1015	0.2064	0.2300	1.1138
0.1023	0.2060	0.2300	1.1097
0.1036	0.2065	0.2310	1.1056
0.1045	0.2060	0.2310	1.1015
0.1056	0.2066	0.2320	1.0982
0.1074	0.2079	0.2340	1.0941
0.1084	0.2085	0.2350	1.0911
0.1093	0.2080	0.2350	1.0870
0.1101	0.2076	0.2350	1.0830
0.1115	0.2080	0.2360	1.0789
0.1123	0.2076	0.2360	1.0747
0.1152	0.2071	0.2370	1.0633
0.1168	0.2085	0.2390	1.0604
0.1181	0.2089	0.2400	1.0562
0.1195	0.2093	0.2410	1.0521
0.1203	0.2088	0.2410	1.0481
0.1215	0.2093	0.2420	1.0450
0.1223	0.2088	0.2420	1.0410
0.1237	0.2092	0.2430	1.0369
0.1249	0.2096	0.2440	1.0336
0.1262	0.2100	0.2450	1.0295
0.1274	0.2105	0.2460	1.0265
0.1282	0.2099	0.2460	1.0224
0.1296	0.2103	0.2470	1.0184
0.1310	0.2106	0.2480	1.0142
0.1322	0.2110	0.2490	1.0110
0.1336	0.2113	0.2500	1.0069
0.1345	0.2108	0.2500	1.0028
0.1357	0.2112	0.2510	0.9998
0.1371	0.2115	0.2520	0.9957
0.1385	0.2117	0.2530	0.9916
0.1397	0.2121	0.2540	0.9884
0.1411	0.2124	0.2550	0.9842
0.1426	0.2126	0.2560	0.9801
0.1434	0.2120	0.2560	0.9761
0.1446	0.2124	0.2570	0.9730
0.1461	0.2127	0.2580	0.9690
0.1473	0.2131	0.2590	0.9660
0.1487	0.2133	0.2600	0.9619
0.1502	0.2135	0.2610	0.9578
0.1514	0.2138	0.2620	0.9545
0.1529	0.2140	0.2630	0.9504
0.1543	0.2142	0.2640	0.9464
0.1556	0.2145	0.2650	0.9433
0.1570	0.2147	0.2660	0.9393
0.1585	0.2149	0.2670	0.9352
0.1603	0.2160	0.2690	0.9322
0.1618	0.2161	0.2700	0.9281
0.1631	0.2164	0.2710	0.9251
0.1645	0.2166	0.2720	0.9213
0.1660	0.2167	0.2730	0.9171
0.1673	0.2170	0.2740	0.9142
0.1688	0.2171	0.2750	0.9100
0.1703	0.2172	0.2760	0.9060
0.1715	0.2175	0.2770	0.9029
0.1730	0.2176	0.2780	0.8992
0.1745	0.2177	0.2790	0.8951
0.1764	0.2187	0.2810	0.8921
0.1779	0.2188	0.2820	0.8880
0.1792	0.2190	0.2830	0.8850
0.1813	0.2199	0.2850	0.8812
0.1826	0.2201	0.2860	0.8782
0.1842	0.2201	0.2870	0.8741
0.1857	0.2201	0.2880	0.8700
0.1872	0.2202	0.2890	0.8661
0.1885	0.2204	0.2900	0.8632
0.1907	0.2211	0.2920	0.8590
0.1920	0.2213	0.2930	0.8561
0.1936	0.2213	0.2940	0.8520
0.1958	0.2220	0.2960	0.8482
0.1978	0.2229	0.2980	0.8449
0.1993	0.2229	0.2990	0.8411
0.2007	0.2230	0.3000	0.8380
0.2029	0.2237	0.3020	0.8340
0.2045	0.2236	0.3030	0.8299
0.2065	0.2244	0.3050	0.8269
0.2088	0.2251	0.3070	0.8231
0.2101	0.2252	0.3080	0.8201
0.2117	0.2251	0.3090	0.8160
0.2140	0.2257	0.3110	0.8119
0.2154	0.2257	0.3120	0.8089
0.2176	0.2264	0.3140	0.8051
0.2192	0.2262	0.3150	0.8010
0.2213	0.2270	0.3170	0.7980
0.2236	0.2275	0.3190	0.7939
0.2250	0.2275	0.3200	0.7909
0.2273	0.2281	0.3220	0.7871
0.2295	0.2287	0.3240	0.7838
0.2310	0.2286	0.3250	0.7800
0.2334	0.2290	0.3270	0.7759
0.2355	0.2297	0.3290	0.7729
0.2379	0.2301	0.3310	0.7688
0.2400	0.2308	0.3330	0.7658
0.2416	0.2306	0.3340	0.7620
0.2440	0.2310	0.3360	0.7579
0.2462	0.2316	0.3380	0.7549
0.2486	0.2320	0.3400	0.7508
0.2507	0.2326	0.3420	0.7478
0.2531	0.2330	0.3440	0.7440
0.2555	0.2333	0.3460	0.7399
0.2577	0.2339	0.3480	0.7369
0.2601	0.2341	0.3500	0.7329
0.2624	0.2347	0.3520	0.7298
0.2648	0.2350	0.3540	0.7258
0.2672	0.2353	0.3560	0.7219
0.2702	0.2364	0.3590	0.7189
0.2726	0.2366	0.3610	0.7148
0.2749	0.2371	0.3630	0.7118
0.2773	0.2373	0.3650	0.7077
0.2798	0.2375	0.3670	0.7039
0.2828	0.2386	0.3700	0.7009
0.2853	0.2387	0.3720	0.6968
0.2883	0.2398	0.3750	0.6938
0.2908	0.2399	0.3770	0.6897
0.2931	0.2403	0.3790	0.6867
0.2963	0.2411	0.3820	0.6829
0.2989	0.2411	0.3840	0.6788
0.3019	0.2421	0.3870	0.6758
0.3045	0.2421	0.3890	0.6717
0.3076	0.2430	0.3920	0.6687
0.3101	0.2430	0.3940	0.6646
0.3132	0.2439	0.3970	0.6616
0.3165	0.2445	0.4000	0.6578
0.3199	0.2451	0.4030	0.6538
0.3230	0.2459	0.4060	0.6507
0.3264	0.2464	0.4090	0.6467
0.3296	0.2472	0.4120	0.6436
0.3321	0.2472	0.4140	0.6399
0.3347	0.2470	0.4160	0.6357
0.3387	0.2484	0.4200	0.6328
0.3427	0.2497	0.4240	0.6297
0.3453	0.2495	0.4260	0.6257
0.3487	0.2499	0.4290	0.6218
0.3528	0.2511	0.4330	0.6186
0.3562	0.2515	0.4360	0.6147
0.3597	0.2517	0.4390	0.6106
0.3637	0.2529	0.4430	0.6076
0.3672	0.2531	0.4460	0.6035
0.3713	0.2543	0.4500	0.6006
0.3747	0.2546	0.4530	0.5967
0.3788	0.2557	0.4570	0.5937
0.3832	0.2563	0.4610	0.5896
0.3863	0.2570	0.4640	0.5869
0.3907	0.2577	0.4680	0.5831
0.3951	0.2583	0.4720	0.5790
0.3991	0.2594	0.4760	0.5763
0.4035	0.2599	0.4800	0.5722
0.4076	0.2610	0.4840	0.5695
0.4120	0.2616	0.4880	0.5657
0.4170	0.2630	0.4930	0.5627
0.4214	0.2635	0.4970	0.5588
0.4264	0.2649	0.5020	0.5558
0.4308	0.2654	0.5060	0.5520
0.4361	0.2663	0.5110	0.5482
0.4395	0.2666	0.5140	0.5452
0.4456	0.2680	0.5200	0.5414
0.4499	0.2687	0.5240	0.5383
0.4561	0.2700	0.5300	0.5346
0.4605	0.2703	0.5340	0.5308
0.4665	0.2719	0.5400	0.5277
0.4728	0.2732	0.5460	0.5240
0.4788	0.2747	0.5520	0.5209
0.4833	0.2749	0.5560	0.5171
0.4894	0.2764	0.5620	0.5141
0.4957	0.2774	0.5680	0.5102
0.5016	0.2790	0.5740	0.5076
0.5080	0.2798	0.5800	0.5034
0.5141	0.2813	0.5860	0.5007
0.5204	0.2822	0.5920	0.4969
0.5283	0.2845	0.6000	0.4939
0.5347	0.2853	0.6060	0.4901
0.5411	0.2859	0.6120	0.4860
0.5490	0.2881	0.6200	0.4833
0.5554	0.2888	0.6260	0.4795
0.5634	0.2908	0.6340	0.4765
0.5716	0.2923	0.6420	0.4727
0.5796	0.2942	0.6500	0.4697
0.5879	0.2956	0.6580	0.4659
0.5959	0.2974	0.6660	0.4629
0.6042	0.2986	0.6740	0.4590
0.6141	0.3012	0.6840	0.4560
0.6224	0.3024	0.6920	0.4522
0.6326	0.3043	0.7020	0.4484
0.6426	0.3067	0.7120	0.4453
0.6527	0.3086	0.7220	0.4416
0.6609	0.3100	0.7300	0.4385
0.6730	0.3125	0.7420	0.4348
0.6829	0.3149	0.7520	0.4320
0.6951	0.3170	0.7640	0.4279
0.7051	0.3193	0.7740	0.4252
0.7172	0.3215	0.7860	0.4214
0.7292	0.3242	0.7980	0.4184
0.7414	0.3263	0.8100	0.4146
0.7552	0.3297	0.8240	0.4116
0.7675	0.3315	0.8360	0.4078
0.7813	0.3347	0.8500	0.4048
0.7955	0.3372	0.8640	0.4009
0.8097	0.3396	0.8780	0.3971
0.8255	0.3433	0.8940	0.3941
0.8416	0.3462	0.9100	0.3903
0.8574	0.3498	0.9260	0.3873
0.8736	0.3525	0.9420	0.3835
0.8914	0.3565	0.9600	0.3804
0.9094	0.3598	0.9780	0.3767
0.9290	0.3645	0.9980	0.3739
0.0002	-0.5420	0.5420	-1.5705
-0.0020	-0.5460	0.5460	-1.5745
-0.0043	-0.5460	0.5460	-1.5787
-0.0064	-0.5460	0.5460	-1.5825
-0.0080	-0.5479	0.5480	-1.5855
-0.0103	-0.5479	0.5480	-1.5896
-0.0125	-0.5479	0.5480	-1.5936
-0.0148	-0.5478	0.5480	-1.5977
-0.0170	-0.5477	0.5480	-1.6019
-0.0192	-0.5497	0.5500	-1.6057
-0.0214	-0.5496	0.5500	-1.6097
-0.0237	-0.5495	0.5500	-1.6138
-0.0260	-0.5514	0.5520	-1.6180
-0.0281	-0.5513	0.5520	-1.6217
-0.0304	-0.5512	0.5520	-1.6258
-0.0326	-0.5510	0.5520	-1.6300
-0.0349	-0.5509	0.5520	-1.6340
-0.0373	-0.5527	0.5540	-1.6381
-0.0394	-0.5526	0.5540	-1.6419
-0.0418	-0.5544	0.5560	-1.6461
-0.0440	-0.5543	0.5560	-1.6501
-0.0463	-0.5541	0.5560	-1.6542
-0.0486	-0.5559	0.5580	-1.6580
-0.0509	-0.5557	0.5580	-1.6621
-0.0531	-0.5555	0.5580	-1.6662
-0.0554	-0.5552	0.5580	-1.6703
-0.0573	-0.5571	0.5600	-1.6733
-0.0598	-0.5548	0.5580	-1.6782
-0.0617	-0.5566	0.5600	-1.6812
-0.0642	-0.5583	0.5620	-1.6853
-0.0665	-0.5581	0.5620	-1.6894
-0.0688	-0.5578	0.5620	-1.6935
-0.0713	-0.5595	0.5640	-1.6975
-0.0734	-0.5592	0.5640	-1.7014
-0.0757	-0.5589	0.5640	-1.7055
-0.0783	-0.5606	0.5660	-1.7095
-0.0806	-0.5602	0.5660	-1.7136
-0.0830	-0.5619	0.5680	-1.7175
-0.0853	-0.5616	0.5680	-1.7215
-0.0876	-0.5612	0.5680	-1.7256
-0.0902	-0.5628	0.5700	-1.7298
-0.0924	-0.5625	0.5700	-1.7336
-0.0946	-0.5621	0.5700	-1.7376
-0.0967	-0.5638	0.5720	-1.7407
-0.0993	-0.5653	0.5740	-1.7447
-0.1017	-0.5649	0.5740	-1.7488
-0.1040	-0.5645	0.5740	-1.7530
-0.1065	-0.5661	0.5760	-1.7567
-0.1088	-0.5656	0.5760	-1.7608
-0.1111	-0.5652	0.5760	-1.7649
-0.1138	-0.5667	0.5780	-1.7690
-0.1164	-0.5682	0.5800	-1.7728
-0.1187	-0.5677	0.5800	-1.7769
-0.1210	-0.5672	0.5800	-1.7810
-0.1238	-0.5687	0.5820	-1.7851
-0.1259	-0.5682	0.5820	-1.7889
-0.1287	-0.5696	0.5840	-1.7930
-0.1310	-0.5691	0.5840	-1.7971
-0.1332	-0.5707	0.5860	-1.8001
-0.1355	-0.5701	0.5860	-1.8042
-0.1383	-0.5715	0.5880	-1.8083
-0.1405	-0.5710	0.5880	-1.8121
-0.1434	-0.5723	0.5900	-1.8162
-0.1457	-0.5717	0.5900	-1.8203
-0.1485	-0.5731	0.5920	-1.8244
-0.1512	-0.5744	0.5940	-1.8282
-0.1535	-0.5738	0.5940	-1.8322
-0.1559	-0.5732	0.5940	-1.8364
-0.1588	-0.5745	0.5960	-1.8405
-0.1609	-0.5739	0.5960	-1.8442
-0.1639	-0.5751	0.5980	-1.8484
-0.1662	-0.5744	0.5980	-1.8525
-0.1685	-0.5759	0.6000	-1.8554
-0.1714	-0.5771	0.6020	-1.8596
-0.1738	-0.5764	0.6020	-1.8636
-0.1766	-0.5776	0.6040	-1.8674
-0.1789	-0.5769	0.6040	-1.8716
-0.1819	-0.5781	0.6060	-1.8757
-0.1848	-0.5792	0.6080	-1.8797
-0.1871	-0.5785	0.6080	-1.8835
-0.1901	-0.5796	0.6100	-1.8877
-0.1930	-0.5808	0.6120	-1.8917
-0.1954	-0.5800	0.6120	-1.8958
-0.1985	-0.5810	0.6140	-1.8999
-0.2007	-0.5803	0.6140	-1.9038
-0.2031	-0.5816	0.6160	-1.9067
-0.2061	-0.5826	0.6180	-1.9109
-0.2092	-0.5837	0.6200	-1.9149
-0.2116	-0.5828	0.6200	-1.9190
-0.2145	-0.5839	0.6220	-1.9228
-0.2168	-0.5830	0.6220	-1.9269
-0.2199	-0.5840	0.6240	-1.9310
-0.2231	-0.5849	0.6260	-1.9351
-0.2261	-0.5859	0.6280	-1.9391
-0.2284	-0.5850	0.6280	-1.9430
-0.2315	-0.5859	0.6300	-1.9471
-0.2340	-0.5871	0.6320	-1.9501
-0.2364	-0.5861	0.6320	-1.9542
-0.2403	-0.5889	0.6360	-1.9582
-0.2427	-0.5879	0.6360	-1.9623
-0.2457	-0.5888	0.6380	-1.9662
-0.2482	-0.5878	0.6380	-1.9703
-0.2521	-0.5904	0.6420	-1.9743
-0.2553	-0.5912	0.6440	-1.9785
-0.2576	-0.5902	0.6440	-1.9823
-0.2608	-0.5910	0.6460	-1.9863
-0.2634	-0.5921	0.6480	-1.9894
-0.2658	-0.5910	0.6480	-1.9934
-0.2690	-0.5917	0.6500	-1.9975
-0.2731	-0.5942	0.6540	-2.0017
-0.2763	-0.5950	0.6560	-2.0055
-0.2787	-0.5939	0.6560	-2.0095
-0.2820	-0.5945	0.6580	-2.0136
-0.2853	-0.5952	0.6600	-2.0178
-0.2884	-0.5959	0.6620	-2.0215
-0.2917	-0.5965	0.6640	-2.0256
-0.2944	-0.5974	0.6660	-2.0286
-0.2977	-0.5980	0.6680	-2.0327
-0.3011	-0.5985	0.6700	-2.0368
-0.3044	-0.5991	0.6720	-2.0409
-0.3076	-0.5997	0.6740	-2.0447
-0.3110	-0.6002	0.6760	-2.0488
-0.3134	-0.5990	0.6760	-2.0528
-0.3177	-0.6012	0.6800	-2.0570
-0.3210	-0.6017	0.6820	-2.0608
-0.3235	-0.6004	0.6820	-2.0649
-0.3271	-0.6030	0.6860	-2.0679
-0.3306	-0.6034	0.6880	-2.0720
-0.3340	-0.6038	0.6900	-2.0761
-0.3373	-0.6042	0.6920	-2.0799
-0.3406	-0.6047	0.6940	-2.0837
-0.3450	-0.6068	0.6980	-2.0878
-0.3483	-0.6072	0.7000	-2.0916
-0.3516	-0.6076	0.7020	-2.0954
-0.3555	-0.6100	0.7060	-2.0985
-0.3588	-0.6104	0.7080	-2.1022
-0.3611	-0.6090	0.7080	-2.1061
-0.3655	-0.6110	0.7120	-2.1099
-0.3699	-0.6130	0.7160	-2.1137
-0.3724	-0.6115	0.7160	-2.1178
-0.3758	-0.6118	0.7180	-2.1216
-0.3802	-0.6138	0.7220	-2.1254
-0.3842	-0.6160	0.7260	-2.1284
-0.3865	-0.6146	0.7260	-2.1322
-0.3910	-0.6164	0.7300	-2.1361
-0.3955	-0.6183	0.7340	-2.1399
-0.3992	-0.6184	0.7360	-2.1440
-0.4026	-0.6185	0.7380	-2.1478
-0.4060	-0.6187	0.7400	-2.1516
-0.4106	-0.6204	0.7440	-2.1554
-0.4136	-0.6209	0.7460	-2.1584
-0.4182	-0.6226	0.7500	-2.1622
-0.4217	-0.6226	0.7520	-2.1661
-0.4265	-0.6242	0.7560	-2.1702
-0.4311	-0.6259	0.7600	-2.1739
-0.4346	-0.6259	0.7620	-2.1778
-0.4382	-0.6259	0.7640	-2.1816
-0.4429	-0.6274	0.7680	-2.1854
-0.4471	-0.6294	0.7720	-2.1884
-0.4518	-0.6309	0.7760	-2.1923
-0.4556	-0.6307	0.7780	-2.1964
-0.4591	-0.6306	0.7800	-2.2001
-0.4639	-0.6320	0.7840	-2.2039
-0.4675	-0.6319	0.7860	-2.2078
-0.4723	-0.6333	0.7900	-2.2116
-0.4766	-0.6351	0.7940	-2.2146
-0.4814	-0.6364	0.7980	-2.2184
-0.4851	-0.6362	0.8000	-2.2223
-0.4901	-0.6373	0.8040	-2.2264
-0.4950	-0.6386	0.8080	-2.2301
-0.4999	-0.6399	0.8120	-2.2340
-0.5048	-0.6411	0.8160	-2.2378
-0.5087	-0.6406	0.8180	-2.2419
-0.5141	-0.6439	0.8240	-2.2446
-0.5191	-0.6451	0.8280	-2.2484
-0.5230	-0.6445	0.8300	-2.2526
-0.5280	-0.6456	0.8340	-2.2563
-0.5330	-0.6467	0.8380	-2.2601
-0.5380	-0.6477	0.8420	-2.2640
-0.5433	-0.6485	0.8460	-2.2681
-0.5489	-0.6517	0.8520	-2.2708
-0.5539	-0.6526	0.8560	-2.2746
-0.5592	-0.6533	0.8600	-2.2787
-0.5643	-0.6542	0.8640	-2.2826
-0.5694	-0.6551	0.8680	-2.2863
-0.5746	-0.6560	0.8720	-2.2901
-0.5810	-0.6582	0.8780	-2.2940
-0.5856	-0.6595	0.8820	-2.2969
-0.5895	-0.6587	0.8840	-2.3008
-0.5962	-0.6608	0.8900	-2.3049
-0.6015	-0.6614	0.8940	-2.3087
-0.6066	-0.6621	0.8980	-2.3125
-0.6132	-0.6642	0.9040	-2.3163
-0.6199	-0.6662	0.9100	-2.3201
-0.6232	-0.6659	0.9120	-2.3231
-0.6299	-0.6678	0.9180	-2.3270
-0.6368	-0.6696	0.9240	-2.3311
-0.6435	-0.6715	0.9300	-2.3349
-0.6487	-0.6719	0.9340	-2.3386
-0.6555	-0.6737	0.9400	-2.3425
-0.6609	-0.6741	0.9440	-2.3463
-0.6671	-0.6764	0.9500	-2.3493
-0.6739	-0.6781	0.9560	-2.3531
-0.6793	-0.6783	0.9600	-2.3570
-0.6915	-0.6745	0.9660	-2.3687
-0.7038	-0.6704	0.9720	-2.3805
-0.7118	-0.6678	0.9760	-2.3880
-0.7114	-0.6624	0.9720	-2.3919
-0.7112	-0.6567	0.9680	-2.3960
-0.7122	-0.6526	0.9660	-2.3998
-0.7132	-0.6486	0.9640	-2.4036
-0.7142	-0.6445	0.9620	-2.4074
-0.7153	-0.6403	0.9600	-2.4115
-0.7163	-0.6362	0.9580	-2.4153
-0.7172	-0.6321	0.9560	-2.4192
-0.7166	-0.6268	0.9520	-2.4229
-0.7190	-0.6240	0.9520	-2.4268
-0.7200	-0.6198	0.9500	-2.4309
-0.7209	-0.6157	0.9480	-2.4347
-0.7208	-0.6096	0.9440	-2.4396
-0.7218	-0.6053	0.9420	-2.4437
-0.7240	-0.6026	0.9420	-2.4475
-0.7250	-0.5983	0.9400	-2.4516
-0.7243	-0.5928	0.9360	-2.4557
-0.7252	-0.5886	0.9340	-2.4597
-0.7260	-0.5844	0.9320	-2.4639
-0.7269	-0.5801	0.9300	-2.4680
-0.7276	-0.5760	0.9280	-2.4720
-0.7300	-0.5730	0.9280	-2.4761
-0.7306	-0.5689	0.9260	-2.4800
-0.7314	-0.5647	0.9240	-2.4841
-0.7320	-0.5605	0.9220	-2.4881
-0.7328	-0.5563	0.9200	-2.4922
-0.7334	-0.5521	0.9180	-2.4964
-0.7341	-0.5479	0.9160	-2.5004
-0.7363	-0.5449	0.9160	-2.5045
-0.7369	-0.5407	0.9140	-2.5086
-0.7375	-0.5365	0.9120	-2.5127
-0.7385	-0.5317	0.9100	-2.5175
-0.7390	-0.5275	0.9080	-2.5217
-0.7396	-0.5233	0.9060	-2.5258
-0.7400	-0.5192	0.9040	-2.5298
-0.7405	-0.5150	0.9020	-2.5339
-0.7425	-0.5121	0.9020	-2.5378
-0.7430	-0.5079	0.9000	-2.5419
-0.7433	-0.5038	0.8980	-2.5459
-0.7438	-0.4996	0.8960	-2.5501
-0.7458	-0.4966	0.8960	-2.5542
-0.7461	-0.4925	0.8940	-2.5582
-0.7465	-0.4883	0.8920	-2.5623
-0.7468	-0.4841	0.8900	-2.5664
-0.7488	-0.4811	0.8900	-2.5705
-0.7489	-0.4772	0.8880	-2.5743
-0.7492	-0.4730	0.8860	-2.5784
-0.7494	-0.4689	0.8840	-2.5825
-0.7513	-0.4658	0.8840	-2.5866
-0.7515	-0.4617	0.8820	-2.5907
-0.7517	-0.4576	0.8800	-2.5947
-0.7535	-0.4545	0.8800	-2.5989
-0.7540	-0.4498	0.8780	-2.6037
-0.7559	-0.4467	0.8780	-2.6079
-0.7560	-0.4426	0.8760	-2.6120
-0.7560	-0.4385	0.8740	-2.6160
-0.7578	-0.4354	0.8740	-2.6201
-0.7579	-0.4313	0.8720	-2.6243
-0.7595	-0.4284	0.8720	-2.6280
-0.7595	-0.4243	0.8700	-2.6321
-0.7595	-0.4202	0.8680	-2.6362
-0.7612	-0.4171	0.8680	-2.6403
-0.7611	-0.4131	0.8660	-2.6444
-0.7628	-0.4099	0.8660	-2.6485
-0.7627	-0.4059	0.8640	-2.6525
-0.7626	-0.4018	0.8620	-2.6567
-0.7643	-0.3987	0.8620	-2.6608
-0.7640	-0.3948	0.8600	-2.6646
-0.7656	-0.3917	0.8600	-2.6686
-0.7654	-0.3877	0.8580	-2.6728
-0.7670	-0.3845	0.8580	-2.6769
-0.7668	-0.3805	0.8560	-2.6809
-0.7683	-0.3774	0.8560	-2.6850
-0.7681	-0.3733	0.8540	-2.6892
-0.7696	-0.3702	0.8540	-2.6932
-0.7693	-0.3662	0.8520	-2.6973
-0.7707	-0.3632	0.8520	-2.7011
-0.7703	-0.3593	0.8500	-2.7052
-0.7718	-0.3561	0.8500	-2.7093
-0.7733	-0.3529	0.8500	-2.7134
-0.7729	-0.3490	0.8480	-2.7174
-0.7743	-0.3458	0.8480	-2.7216
-0.7741	-0.3412	0.8460	-2.7265
-0.7755	-0.3380	0.8460	-2.7306
-0.7751	-0.3340	0.8440	-2.7347
-0.7764	-0.3309	0.8440	-2.7387
-0.7778	-0.3277	0.8440	-2.7429
-0.7773	-0.3237	0.8420	-2.7470
-0.7786	-0.3206	0.8420	-2.7510
-0.7780	-0.3166	0.8400	-2.7551
-0.7793	-0.3136	0.8400	-2.7590
-0.7805	-0.3105	0.8400	-2.7630
-0.7818	-0.3073	0.8400	-2.7671
-0.7812	-0.3033	0.8380	-2.7712
-0.7824	-0.3002	0.8380	-2.7753
-0.7836	-0.2969	0.8380	-2.7794
-0.7830	-0.2930	0.8360	-2.7835
-0.7841	-0.2899	0.8360	-2.7875
-0.7853	-0.2868	0.8360	-2.7914
-0.7845	-0.2829	0.8340	-2.7955
-0.7857	-0.2797	0.8340	-2.7996
-0.7868	-0.2765	0.8340	-2.8036
-0.7861	-0.2726	0.8320	-2.8078
-0.7872	-0.2694	0.8320	-2.8119
-0.7883	-0.2662	0.8320	-2.8159
-0.7875	-0.2623	0.8300	-2.8200
-0.7885	-0.2591	0.8300	-2.8242
-0.7895	-0.2561	0.8300	-2.8279
-0.7905	-0.2529	0.8300	-2.8320
-0.7897	-0.2490	0.8280	-2.8361
-0.7907	-0.2458	0.8280	-2.8402
-0.7936	-0.2431	0.8300	-2.8443
-0.7927	-0.2393	0.8280	-2.8484
-0.7936	-0.2363	0.8280	-2.8522
-0.7945	-0.2331	0.8280	-2.8563
-0.7955	-0.2298	0.8280	-2.8604
-0.7945	-0.2259	0.8260	-2.8645
-0.7954	-0.2227	0.8260	-2.8685
-0.7963	-0.2195	0.8260	-2.8727
-0.7971	-0.2164	0.8260	-2.8765
-0.7980	-0.2132	0.8260	-2.8805
-0.7989	-0.2099	0.8260	-2.8847
-0.7978	-0.2061	0.8240	-2.8888
-0.7986	-0.2029	0.8240	-2.8928
-0.7994	-0.1998	0.8240	-2.8966
-0.8022	-0.1970	0.8260	-2.9008
-0.8010	-0.1932	0.8240	-2.9049
-0.7998	-0.1895	0.8220	-2.9089
-0.8026	-0.1867	0.8240	-2.9130
-0.8033	-0.1836	0.8240	-2.9169
-0.8040	-0.1804	0.8240	-2.9209
-0.8028	-0.1766	0.8220	-2.9250
-0.8035	-0.1733	0.8220	-2.9291
-0.8042	-0.1701	0.8220	-2.9332
-0.8049	-0.1668	0.8220	-2.9373
-0.8075	-0.1641	0.8240	-2.9411
-0.8082	-0.1608	0.8240	-2.9452
-0.8068	-0.1571	0.8220	-2.9493
-0.8075	-0.1538	0.8220	-2.9534
-0.8081	-0.1505	0.8220	-2.9575
-0.8087	-0.1474	0.8220	-2.9613
-0.8112	-0.1445	0.8240	-2.9654
-0.8099	-0.1408	0.8220	-2.9695
-0.8104	-0.1375	0.8220	-2.9735
-0.8110	-0.1342	0.8220	-2.9776
-0.8135	-0.1314	0.8240	-2.9815
-0.8140	-0.1281	0.8240	-2.9855
-0.8125	-0.1244	0.8220	-2.9896
-0.8150	-0.1214	0.8240	-2.9938
-0.8155	-0.1181	0.8240	-2.9978
-0.8140	-0.1145	0.8220	-3.0019
-0.8164	-0.1116	0.8240	-3.0057
-0.8169	-0.1082	0.8240	-3.0099
-0.8153	-0.1047	0.8220	-3.0139
-0.8177	-0.1016	0.8240	-3.0180
-0.8181	-0.0982	0.8240	-3.0221
-0.8165	-0.0949	0.8220	-3.0259
-0.7928	-0.0906	0.7980	-3.0278
-0.7932	-0.0873	0.7980	-3.0319
-0.7935	-0.0843	0.7980	-3.0357
-0.7939	-0.0810	0.7980	-3.0399
-0.7942	-0.0781	0.7980	-3.0436
-0.7965	-0.0752	0.8000	-3.0474
-0.7948	-0.0717	0.7980	-3.0516
-0.7970	-0.0689	0.8000	-3.0554
-0.7973	-0.0657	0.8000	-3.0594
-0.7956	-0.0624	0.7980	-3.0633
-0.7978	-0.0593	0.8000	-3.0674
-0.7980	-0.0563	0.8000	-3.0712
-0.7982	-0.0533	0.8000	-3.0750
-0.7984	-0.0500	0.8000	-3.0791
-0.8006	-0.0470	0.8020	-3.0829
-0.8008	-0.0437	0.8020	-3.0870
-0.8010	-0.0407	0.8020	-3.0908
-0.8011	-0.0377	0.8020	-3.0946
-0.8013	-0.0344	0.8020	-3.0987
-0.8014	-0.0313	0.8020	-3.1026
-0.8035	-0.0281	0.8040	-3.1066
-0.8036	-0.0250	0.8040	-3.1104
-0.8037	-0.0217	0.8040	-3.1146
-0.8038	-0.0187	0.8040	-3.1184
-0.8038	-0.0156	0.8040	-3.1222
-0.8059	-0.0124	0.8060	-3.1263
-0.8059	-0.0093	0.8060	-3.1301
-0.8080	-0.0060	0.8080	-3.1342
-0.8060	-0.0029	0.8060	-3.1380
-0.5596	-0.0218	0.5600	-3.1026
-0.5577	-0.0190	0.5580	-3.1075
-0.5577	-0.0167	0.5580	-3.1116
-0.5578	-0.0145	0.5580	-3.1156
-0.5559	-0.0123	0.5560	-3.1194
-0.5559	-0.0100	0.5560	-3.1236
-0.5559	-0.0078	0.5560	-3.1276
-0.5540	-0.0056	0.5540	-3.1314
-0.5540	-0.0033	0.5540	-3.1356
-0.5520	-0.0011	0.5520	-3.1397
-0.7197	-0.1336	0.7320	-2.9580
-0.7242	-0.1314	0.7360	-2.9621
-0.7266	-0.1290	0.7380	-2.9660
-0.7291	-0.1265	0.7400	-2.9698
-0.7316	-0.1239	0.7420	-2.9738
-0.7359	-0.1225	0.7460	-2.9766
-0.7383	-0.1199	0.7480	-2.9806
-0.7408	-0.1174	0.7500	-2.9845
-0.7452	-0.1151	0.7540	-2.9883
-0.7476	-0.1124	0.7560	-2.9924
-0.7500	-0.1099	0.7580	-2.9962
-0.7544	-0.1075	0.7620	-3.0000
-0.7568	-0.1049	0.7640	-3.0038
-0.7592	-0.1021	0.7660	-3.0079
-0.7619	-0.0966	0.7680	-3.0155
-0.6029	-0.0612	0.6060	-3.0403
-0.6051	-0.0591	0.6080	-3.0442
-0.6053	-0.0568	0.6080	-3.0480
-0.6075	-0.0547	0.6100	-3.0519
-0.6078	-0.0523	0.6100	-3.0557
-0.6099	-0.0502	0.6120	-3.0594
-0.6101	-0.0477	0.6120	-3.0636
-0.6103	-0.0454	0.6120	-3.0674
-0.6125	-0.0432	0.6140	-3.0712
-0.6146	-0.0417	0.6160	-3.0739
-0.6147	-0.0393	0.6160	-3.0777
-0.6149	-0.0369	0.6160	-3.0816
-0.6170	-0.0347	0.6180	-3.0854
-0.6191	-0.0325	0.6200	-3.0891
-0.6193	-0.0299	0.6200	-3.0933
-0.6214	-0.0277	0.6220	-3.0971
-0.6215	-0.0253	0.6220	-3.1009
-0.6236	-0.0230	0.6240	-3.1048
-0.6237	-0.0206	0.6240	-3.1085
-0.6257	-0.0183	0.6260	-3.1124
-0.6258	-0.0159	0.6260	-3.1162
-0.6279	-0.0135	0.6280	-3.1200
-0.6299	-0.0112	0.6300	-3.1239
-0.6299	-0.0088	0.6300	-3.1276
-0.6300	-0.0064	0.6300	-3.1314
-0.6320	-0.0045	0.6320	-3.1345
-0.6340	-0.0021	0.6340	-3.1382
