x	y	r	phi
-0.8360	0.0014	0.8360	3.1400
-0.8360	0.0047	0.8360	3.1359
-0.8359	0.0147	0.8360	3.1240
-0.8076	0.0249	0.8080	3.1108
-0.8035	0.0281	0.8040	3.1067
-0.7894	0.0314	0.7900	3.1018
-0.7753	0.0340	0.7760	3.0978
-0.7611	0.0374	0.7620	3.0925
-0.7470	0.0395	0.7480	3.0888
-0.7328	0.0426	0.7340	3.0836
-0.7206	0.0454	0.7220	3.0786
-0.7084	0.0475	0.7100	3.0746
-0.6962	0.0501	0.6980	3.0697
-0.6860	0.0523	0.6880	3.0656
-0.6738	0.0548	0.6760	3.0604
-0.6636	0.0566	0.6660	3.0566
-0.6514	0.0587	0.6540	3.0517
-0.6431	0.0612	0.6460	3.0468
-0.6329	0.0626	0.6360	3.0429
-0.6226	0.0647	0.6260	3.0380
-0.6144	0.0662	0.6180	3.0342
-0.6042	0.0681	0.6080	3.0293
-0.5959	0.0697	0.6000	3.0252
-0.5877	0.0715	0.5920	3.0206
-0.5794	0.0734	0.5840	3.0156
-0.5712	0.0745	0.5760	3.0119
-0.5629	0.0763	0.5680	3.0069
-0.5566	0.0777	0.5620	3.0029
-0.5483	0.0792	0.5540	2.9982
-0.5400	0.0807	0.5460	2.9933
-0.5338	0.0818	0.5400	2.9894
-0.5274	0.0835	0.5340	2.9846
-0.5212	0.0847	0.5280	2.9804
-0.5148	0.0861	0.5220	2.9758
-0.5066	0.0869	0.5140	2.9717
-0.5013	0.0884	0.5090	2.9671
-0.4950	0.0894	0.5030	2.9630
-0.4896	0.0909	0.4980	2.9581
-0.4844	0.0918	0.4930	2.9543
-0.4780	0.0930	0.4870	2.9494
-0.4727	0.0943	0.4820	2.9448
-0.4674	0.0952	0.4770	2.9406
-0.4620	0.0965	0.4720	2.9358
-0.4578	0.0974	0.4680	2.9319
-0.4524	0.0986	0.4630	2.9270
-0.4471	0.0992	0.4580	2.9232
-0.4418	0.1003	0.4530	2.9183
-0.4365	0.1009	0.4480	2.9145
-0.4311	0.1019	0.4430	2.9096
-0.4267	0.1030	0.4390	2.9047
-0.4215	0.1035	0.4340	2.9009
-0.4171	0.1046	0.4300	2.8960
-0.4128	0.1052	0.4260	2.8921
-0.4084	0.1062	0.4220	2.8872
-0.4041	0.1067	0.4180	2.8834
-0.4007	0.1079	0.4150	2.8785
-0.3964	0.1084	0.4110	2.8747
-0.3921	0.1093	0.4070	2.8698
-0.3877	0.1101	0.4030	2.8648
-0.3844	0.1107	0.4000	2.8611
-0.3800	0.1115	0.3960	2.8561
-0.3767	0.1121	0.3930	2.8523
-0.3723	0.1128	0.3890	2.8474
-0.3690	0.1133	0.3860	2.8436
-0.3646	0.1140	0.3820	2.8386
-0.3613	0.1145	0.3790	2.8348
-0.3579	0.1153	0.3760	2.8299
-0.3546	0.1157	0.3730	2.8261
-0.3512	0.1165	0.3700	2.8212
-0.3478	0.1173	0.3670	2.8163
-0.3445	0.1177	0.3640	2.8125
-0.3410	0.1184	0.3610	2.8076
-0.3387	0.1190	0.3590	2.8037
-0.3353	0.1196	0.3560	2.7988
-0.3329	0.1203	0.3540	2.7947
-0.3295	0.1208	0.3510	2.7901
-0.3262	0.1212	0.3480	2.7860
-0.3229	0.1216	0.3450	2.7814
-0.3205	0.1222	0.3430	2.7773
-0.3180	0.1231	0.3410	2.7724
-0.3148	0.1232	0.3380	2.7685
-0.3123	0.1240	0.3360	2.7637
-0.3100	0.1244	0.3340	2.7598
-0.3075	0.1252	0.3320	2.7549
-0.3052	0.1256	0.3300	2.7511
-0.3028	0.1260	0.3280	2.7473
-0.2994	0.1263	0.3250	2.7424
-0.2970	0.1270	0.3230	2.7375
-0.2947	0.1273	0.3210	2.7336
-0.2922	0.1280	0.3190	2.7288
-0.2899	0.1283	0.3170	2.7249
-0.2874	0.1289	0.3150	2.7200
-0.2851	0.1292	0.3130	2.7162
-0.2837	0.1299	0.3120	2.7121
-0.2812	0.1304	0.3100	2.7075
-0.2789	0.1307	0.3080	2.7034
-0.2764	0.1312	0.3060	2.6985
-0.2750	0.1318	0.3050	2.6946
-0.2726	0.1323	0.3030	2.6897
-0.2703	0.1325	0.3010	2.6859
-0.2678	0.1329	0.2990	2.6810
-0.2664	0.1335	0.2980	2.6772
-0.2640	0.1339	0.2960	2.6723
-0.2617	0.1340	0.2940	2.6685
-0.2603	0.1345	0.2930	2.6647
-0.2579	0.1349	0.2910	2.6597
-0.2565	0.1354	0.2900	2.6560
-0.2540	0.1357	0.2880	2.6510
-0.2517	0.1358	0.2860	2.6470
-0.2502	0.1365	0.2850	2.6423
-0.2488	0.1370	0.2840	2.6383
-0.2464	0.1372	0.2820	2.6336
-0.2450	0.1377	0.2810	2.6295
-0.2435	0.1382	0.2800	2.6254
-0.2411	0.1385	0.2780	2.6202
-0.2396	0.1390	0.2770	2.6161
-0.2381	0.1396	0.2760	2.6112
-0.2358	0.1396	0.2740	2.6071
-0.2342	0.1403	0.2730	2.6019
-0.2328	0.1407	0.2720	2.5979
-0.2313	0.1411	0.2710	2.5938
-0.2298	0.1417	0.2700	2.5889
-0.2275	0.1416	0.2680	2.5848
-0.2260	0.1422	0.2670	2.5799
-0.2245	0.1426	0.2660	2.5757
-0.2231	0.1430	0.2650	2.5717
-0.2215	0.1436	0.2640	2.5665
-0.2201	0.1439	0.2630	2.5624
-0.2187	0.1443	0.2620	2.5583
-0.2171	0.1448	0.2610	2.5534
-0.2149	0.1446	0.2590	2.5493
-0.2133	0.1451	0.2580	2.5441
-0.2109	0.1450	0.2560	2.5392
-0.2103	0.1459	0.2560	2.5351
-0.2089	0.1462	0.2550	2.5311
-0.2075	0.1465	0.2540	2.5269
-0.2059	0.1470	0.2530	2.5218
-0.2046	0.1472	0.2520	2.5179
-0.2032	0.1474	0.2510	2.5139
-0.2016	0.1479	0.2500	2.5087
-0.2002	0.1481	0.2490	2.5046
-0.1986	0.1485	0.2480	2.4997
-0.1972	0.1487	0.2470	2.4956
-0.1966	0.1495	0.2470	2.4915
-0.1952	0.1497	0.2460	2.4874
-0.1936	0.1501	0.2450	2.4823
-0.1922	0.1503	0.2440	2.4781
-0.1907	0.1506	0.2430	2.4733
-0.1893	0.1507	0.2420	2.4691
-0.1878	0.1511	0.2410	2.4640
-0.1872	0.1518	0.2410	2.4601
-0.1866	0.1526	0.2410	2.4561
-0.1852	0.1527	0.2400	2.4520
-0.1828	0.1524	0.2380	2.4468
-0.1814	0.1525	0.2370	2.4427
-0.1808	0.1532	0.2370	2.4386
-0.1793	0.1535	0.2360	2.4337
-0.1779	0.1535	0.2350	2.4296
-0.1773	0.1543	0.2350	2.4255
-0.1757	0.1545	0.2340	2.4203
-0.1743	0.1546	0.2330	2.4162
-0.1737	0.1552	0.2330	2.4124
-0.1724	0.1553	0.2320	2.4083
-0.1708	0.1555	0.2310	2.4032
-0.1695	0.1555	0.2300	2.3990
-0.1688	0.1562	0.2300	2.3949
-0.1682	0.1569	0.2300	2.3909
-0.1667	0.1570	0.2290	2.3860
-0.1644	0.1565	0.2270	2.3807
-0.1638	0.1572	0.2270	2.3767
-0.1624	0.1572	0.2260	2.3726
-0.1618	0.1578	0.2260	2.3685
-0.1612	0.1584	0.2260	2.3647
-0.1596	0.1586	0.2250	2.3595
-0.1583	0.1585	0.2240	2.3554
-0.1568	0.1586	0.2230	2.3505
-0.1554	0.1585	0.2220	2.3464
-0.1548	0.1591	0.2220	2.3423
-0.1541	0.1598	0.2220	2.3383
-0.1526	0.1598	0.2210	2.3331
-0.1520	0.1605	0.2210	2.3290
-0.1513	0.1611	0.2210	2.3248
-0.1500	0.1610	0.2200	2.3208
-0.1478	0.1602	0.2180	2.3159
-0.1472	0.1608	0.2180	2.3118
-0.1457	0.1609	0.2170	2.3066
-0.1450	0.1614	0.2170	2.3028
-0.1444	0.1620	0.2170	2.2987
-0.1437	0.1626	0.2170	2.2946
-0.1424	0.1624	0.2160	2.2905
-0.1417	0.1630	0.2160	2.2864
-0.1402	0.1630	0.2150	2.2812
-0.1389	0.1628	0.2140	2.2772
-0.1374	0.1627	0.2130	2.2722
-0.1368	0.1633	0.2130	2.2682
-0.1355	0.1631	0.2120	2.2641
-0.1348	0.1636	0.2120	2.2599
-0.1341	0.1642	0.2120	2.2559
-0.1335	0.1647	0.2120	2.2518
-0.1328	0.1653	0.2120	2.2477
-0.1321	0.1658	0.2120	2.2436
-0.1307	0.1657	0.2110	2.2387
-0.1292	0.1656	0.2100	2.2335
-0.1279	0.1653	0.2090	2.2294
-0.1272	0.1658	0.2090	2.2253
-0.1258	0.1656	0.2080	2.2204
-0.1251	0.1661	0.2080	2.2163
-0.1245	0.1667	0.2080	2.2123
-0.1238	0.1672	0.2080	2.2082
-0.1225	0.1669	0.2070	2.2040
-0.1218	0.1674	0.2070	2.2000
-0.1211	0.1679	0.2070	2.1959
-0.1197	0.1676	0.2060	2.1910
-0.1185	0.1673	0.2050	2.1869
-0.1178	0.1678	0.2050	2.1828
-0.1171	0.1683	0.2050	2.1787
-0.1164	0.1688	0.2050	2.1746
-0.1150	0.1685	0.2040	2.1697
-0.1143	0.1690	0.2040	2.1656
-0.1136	0.1694	0.2040	2.1616
-0.1122	0.1692	0.2030	2.1566
-0.1115	0.1696	0.2030	2.1526
-0.1108	0.1701	0.2030	2.1484
-0.1096	0.1697	0.2020	2.1443
-0.1082	0.1694	0.2010	2.1391
-0.1075	0.1698	0.2010	2.1351
-0.1068	0.1702	0.2010	2.1313
-0.1061	0.1707	0.2010	2.1272
-0.1054	0.1711	0.2010	2.1230
-0.1042	0.1707	0.2000	2.1190
-0.1035	0.1711	0.2000	2.1149
-0.1028	0.1715	0.2000	2.1108
-0.1015	0.1712	0.1990	2.1059
-0.1008	0.1716	0.1990	2.1018
-0.1001	0.1720	0.1990	2.0977
-0.0994	0.1724	0.1990	2.0936
-0.0987	0.1728	0.1990	2.0896
-0.0973	0.1725	0.1980	2.0844
-0.0966	0.1728	0.1980	2.0806
-0.0954	0.1723	0.1970	2.0764
-0.0947	0.1727	0.1970	2.0723
-0.0940	0.1731	0.1970	2.0683
-0.0933	0.1735	0.1970	2.0642
-0.0920	0.1731	0.1960	2.0593
-0.0913	0.1735	0.1960	2.0552
-0.0906	0.1738	0.1960	2.0511
-0.0898	0.1742	0.1960	2.0470
-0.0891	0.1746	0.1960	2.0429
-0.0878	0.1741	0.1950	2.0377
-0.0871	0.1745	0.1950	2.0339
-0.0864	0.1748	0.1950	2.0298
-0.0857	0.1752	0.1950	2.0257
-0.0850	0.1755	0.1950	2.0216
-0.0843	0.1759	0.1950	2.0176
-0.0831	0.1753	0.1940	2.0134
-0.0824	0.1756	0.1940	2.0093
-0.0817	0.1760	0.1940	2.0053
-0.0804	0.1755	0.1930	2.0003
-0.0797	0.1758	0.1930	1.9963
-0.0789	0.1761	0.1930	1.9922
-0.0782	0.1764	0.1930	1.9880
-0.0775	0.1768	0.1930	1.9840
-0.0762	0.1762	0.1920	1.9791
-0.0755	0.1765	0.1920	1.9750
-0.0748	0.1768	0.1920	1.9709
-0.0741	0.1771	0.1920	1.9669
-0.0733	0.1774	0.1920	1.9627
-0.0726	0.1777	0.1920	1.9586
-0.0719	0.1780	0.1920	1.9546
-0.0712	0.1783	0.1920	1.9505
-0.0705	0.1786	0.1920	1.9466
-0.0697	0.1789	0.1920	1.9425
-0.0690	0.1792	0.1920	1.9385
-0.0679	0.1785	0.1910	1.9343
-0.0672	0.1788	0.1910	1.9302
-0.0665	0.1791	0.1910	1.9262
-0.0657	0.1793	0.1910	1.9221
-0.0650	0.1796	0.1910	1.9180
-0.0643	0.1799	0.1910	1.9139
-0.0635	0.1801	0.1910	1.9098
-0.0628	0.1804	0.1910	1.9060
-0.0621	0.1806	0.1910	1.9019
-0.0608	0.1800	0.1900	1.8968
-0.0606	0.1811	0.1910	1.8937
-0.0599	0.1814	0.1910	1.8897
-0.0591	0.1816	0.1910	1.8855
-0.0584	0.1819	0.1910	1.8814
-0.0572	0.1812	0.1900	1.8765
-0.0564	0.1814	0.1900	1.8724
-0.0557	0.1816	0.1900	1.8684
-0.0550	0.1819	0.1900	1.8643
-0.0542	0.1821	0.1900	1.8601
-0.0535	0.1823	0.1900	1.8561
-0.0527	0.1825	0.1900	1.8520
-0.0520	0.1828	0.1900	1.8479
-0.0513	0.1829	0.1900	1.8441
-0.0505	0.1832	0.1900	1.8400
-0.0498	0.1834	0.1900	1.8359
-0.0486	0.1827	0.1890	1.8307
-0.0478	0.1828	0.1890	1.8267
-0.0475	0.1840	0.1900	1.8236
-0.0468	0.1841	0.1900	1.8196
-0.0460	0.1843	0.1900	1.8155
-0.0453	0.1845	0.1900	1.8113
-0.0446	0.1847	0.1900	1.8075
-0.0439	0.1849	0.1900	1.8038
-0.0427	0.1841	0.1890	1.7988
-0.0420	0.1843	0.1890	1.7948
-0.0417	0.1854	0.1900	1.7920
-0.0409	0.1855	0.1900	1.7880
-0.0402	0.1857	0.1900	1.7841
-0.0395	0.1858	0.1900	1.7803
-0.0384	0.1851	0.1890	1.7754
-0.0376	0.1852	0.1890	1.7713
-0.0369	0.1854	0.1890	1.7674
-0.0362	0.1855	0.1890	1.7637
-0.0355	0.1856	0.1890	1.7599
-0.0348	0.1858	0.1890	1.7557
-0.0340	0.1859	0.1890	1.7519
-0.0333	0.1860	0.1890	1.7481
-0.0326	0.1862	0.1890	1.7440
-0.0319	0.1863	0.1890	1.7402
-0.0312	0.1864	0.1890	1.7364
-0.0304	0.1865	0.1890	1.7322
-0.0297	0.1867	0.1890	1.7285
-0.0290	0.1868	0.1890	1.7247
-0.0282	0.1869	0.1890	1.7206
-0.0275	0.1870	0.1890	1.7167
-0.0268	0.1871	0.1890	1.7129
-0.0260	0.1872	0.1890	1.7089
-0.0253	0.1873	0.1890	1.7050
-0.0246	0.1874	0.1890	1.7012
-0.0238	0.1875	0.1890	1.6971
-0.0231	0.1876	0.1890	1.6933
-0.0224	0.1877	0.1890	1.6895
-0.0216	0.1878	0.1890	1.6854
-0.0209	0.1878	0.1890	1.6815
-0.0202	0.1879	0.1890	1.6778
-0.0197	0.1890	0.1900	1.6747
-0.0190	0.1890	0.1900	1.6709
-0.0182	0.1891	0.1900	1.6669
-0.0175	0.1892	0.1900	1.6630
-0.0168	0.1893	0.1900	1.6592
-0.0160	0.1893	0.1900	1.6551
-0.0153	0.1894	0.1900	1.6513
-0.0146	0.1894	0.1900	1.6475
-0.0138	0.1895	0.1900	1.6434
-0.0131	0.1896	0.1900	1.6395
-0.0123	0.1896	0.1900	1.6357
-0.0116	0.1896	0.1900	1.6320
-0.0108	0.1897	0.1900	1.6278
-0.0101	0.1897	0.1900	1.6240
-0.0094	0.1898	0.1900	1.6202
-0.0089	0.1908	0.1910	1.6172
-0.0081	0.1908	0.1910	1.6131
-0.0074	0.1909	0.1910	1.6093
-0.0066	0.1909	0.1910	1.6055
-0.0059	0.1909	0.1910	1.6017
-0.0051	0.1909	0.1910	1.5975
-0.0044	0.1909	0.1910	1.5937
-0.0037	0.1920	0.1920	1.5900
-0.0029	0.1920	0.1920	1.5858
-0.0022	0.1920	0.1920	1.5820
-0.0014	0.1920	0.1920	1.5782
-0.0006	0.1920	0.1920	1.5742
-0.0001	0.1930	0.1930	1.5714
0.0007	0.1930	0.1930	1.5673
0.0014	0.1930	0.1930	1.5635
0.0021	0.1930	0.1930	1.5597
0.0027	0.1940	0.1940	1.5567
0.0035	0.1940	0.1940	1.5529
0.0043	0.1940	0.1940	1.5487
0.0050	0.1939	0.1940	1.5449
0.0058	0.1939	0.1940	1.5411
0.0065	0.1939	0.1940	1.5370
0.0073	0.1949	0.1950	1.5332
0.0081	0.1948	0.1950	1.5294
0.0089	0.1948	0.1950	1.5253
0.0096	0.1948	0.1950	1.5215
0.0104	0.1947	0.1950	1.5177
0.0110	0.1957	0.1960	1.5147
0.0117	0.1956	0.1960	1.5109
0.0125	0.1956	0.1960	1.5068
0.0133	0.1955	0.1960	1.5029
0.0139	0.1965	0.1970	1.4999
0.0147	0.1965	0.1970	1.4961
0.0155	0.1964	0.1970	1.4923
0.0162	0.1963	0.1970	1.4882
0.0170	0.1963	0.1970	1.4844
0.0178	0.1972	0.1980	1.4806
0.0187	0.1971	0.1980	1.4765
0.0194	0.1970	0.1980	1.4726
0.0201	0.1970	0.1980	1.4689
0.0209	0.1979	0.1990	1.4658
0.0216	0.1978	0.1990	1.4621
0.0224	0.1977	0.1990	1.4580
0.0231	0.1987	0.2000	1.4552
0.0239	0.1986	0.2000	1.4511
0.0246	0.1985	0.2000	1.4473
0.0254	0.1984	0.2000	1.4435
0.0262	0.1983	0.2000	1.4394
0.0270	0.1982	0.2000	1.4353
0.0280	0.1990	0.2010	1.4312
0.0287	0.1989	0.2010	1.4274
0.0295	0.1988	0.2010	1.4233
0.0304	0.1987	0.2010	1.4192
0.0311	0.1996	0.2020	1.4162
0.0319	0.1995	0.2020	1.4121
0.0327	0.1993	0.2020	1.4080
0.0337	0.2002	0.2030	1.4043
0.0345	0.2001	0.2030	1.4001
0.0352	0.2009	0.2040	1.3972
0.0361	0.2008	0.2040	1.3930
0.0369	0.2006	0.2040	1.3889
0.0377	0.2015	0.2050	1.3860
0.0385	0.2014	0.2050	1.3818
0.0393	0.2012	0.2050	1.3780
0.0401	0.2010	0.2050	1.3740
0.0411	0.2019	0.2060	1.3698
0.0419	0.2017	0.2060	1.3657
0.0427	0.2015	0.2060	1.3620
0.0435	0.2024	0.2070	1.3589
0.0443	0.2022	0.2070	1.3549
0.0452	0.2020	0.2070	1.3508
0.0462	0.2028	0.2080	1.3466
0.0470	0.2026	0.2080	1.3429
0.0478	0.2024	0.2080	1.3388
0.0487	0.2033	0.2090	1.3358
0.0495	0.2031	0.2090	1.3317
0.0503	0.2028	0.2090	1.3276
0.0514	0.2036	0.2100	1.3235
0.0523	0.2044	0.2110	1.3205
0.0531	0.2042	0.2110	1.3164
0.0540	0.2050	0.2120	1.3134
0.0547	0.2048	0.2120	1.3096
0.0556	0.2046	0.2120	1.3055
0.0564	0.2044	0.2120	1.3014
0.0572	0.2041	0.2120	1.2974
0.0583	0.2049	0.2130	1.2935
0.0591	0.2046	0.2130	1.2894
0.0600	0.2044	0.2130	1.2853
0.0608	0.2041	0.2130	1.2813
0.0617	0.2049	0.2140	1.2782
0.0628	0.2056	0.2150	1.2742
0.0638	0.2064	0.2160	1.2711
0.0645	0.2061	0.2160	1.2674
0.0657	0.2068	0.2170	1.2632
0.0665	0.2065	0.2170	1.2591
0.0674	0.2063	0.2170	1.2551
0.0682	0.2060	0.2170	1.2512
0.0692	0.2067	0.2180	1.2480
0.0699	0.2065	0.2180	1.2442
0.0711	0.2071	0.2190	1.2400
0.0721	0.2079	0.2200	1.2371
0.0733	0.2085	0.2210	1.2329
0.0741	0.2082	0.2210	1.2289
0.0749	0.2079	0.2210	1.2251
0.0759	0.2086	0.2220	1.2218
0.0767	0.2083	0.2220	1.2180
0.0776	0.2080	0.2220	1.2139
0.0784	0.2077	0.2220	1.2097
0.0796	0.2083	0.2230	1.2057
0.0806	0.2090	0.2240	1.2026
0.0818	0.2096	0.2250	1.1986
0.0826	0.2093	0.2250	1.1948
0.0836	0.2100	0.2260	1.1918
0.0849	0.2105	0.2270	1.1877
0.0857	0.2102	0.2270	1.1836
0.0866	0.2098	0.2270	1.1795
0.0876	0.2105	0.2280	1.1765
0.0884	0.2101	0.2280	1.1724
0.0896	0.2107	0.2290	1.1686
0.0907	0.2114	0.2300	1.1653
0.0915	0.2110	0.2300	1.1615
0.0924	0.2106	0.2300	1.1574
0.0937	0.2112	0.2310	1.1534
0.0947	0.2118	0.2320	1.1503
0.0960	0.2123	0.2330	1.1463
0.0968	0.2119	0.2330	1.1424
0.0981	0.2125	0.2340	1.1383
0.0991	0.2131	0.2350	1.1353
0.1000	0.2127	0.2350	1.1312
0.1013	0.2132	0.2360	1.1272
0.1022	0.2127	0.2360	1.1231
0.1032	0.2133	0.2370	1.1201
0.1041	0.2129	0.2370	1.1163
0.1054	0.2134	0.2380	1.1121
0.1065	0.2140	0.2390	1.1092
0.1078	0.2144	0.2400	1.1050
0.1091	0.2149	0.2410	1.1010
0.1100	0.2144	0.2410	1.0969
0.1111	0.2150	0.2420	1.0939
0.1120	0.2145	0.2420	1.0898
0.1133	0.2150	0.2430	1.0860
0.1144	0.2155	0.2440	1.0830
0.1157	0.2159	0.2450	1.0789
0.1168	0.2165	0.2460	1.0759
0.1177	0.2160	0.2460	1.0718
0.1191	0.2164	0.2470	1.0677
0.1200	0.2159	0.2470	1.0636
0.1213	0.2163	0.2480	1.0595
0.1225	0.2168	0.2490	1.0565
0.1239	0.2172	0.2500	1.0524
0.1247	0.2167	0.2500	1.0484
0.1259	0.2171	0.2510	1.0453
0.1273	0.2175	0.2520	1.0413
0.1287	0.2178	0.2530	1.0372
0.1299	0.2183	0.2540	1.0342
0.1313	0.2186	0.2550	1.0301
0.1326	0.2190	0.2560	1.0262
0.1335	0.2184	0.2560	1.0221
0.1348	0.2188	0.2570	1.0189
0.1361	0.2192	0.2580	1.0151
0.1374	0.2196	0.2590	1.0118
0.1387	0.2199	0.2600	1.0080
0.1402	0.2202	0.2610	1.0039
0.1414	0.2206	0.2620	1.0006
0.1428	0.2209	0.2630	0.9968
0.1443	0.2211	0.2640	0.9927
0.1452	0.2205	0.2640	0.9887
0.1464	0.2209	0.2650	0.9856
0.1478	0.2211	0.2660	0.9816
0.1493	0.2214	0.2670	0.9774
0.1511	0.2226	0.2690	0.9745
0.1526	0.2228	0.2700	0.9703
0.1535	0.2221	0.2700	0.9662
0.1547	0.2225	0.2710	0.9632
0.1568	0.2235	0.2730	0.9591
0.1580	0.2239	0.2740	0.9561
0.1589	0.2232	0.2740	0.9520
0.1604	0.2234	0.2750	0.9480
0.1623	0.2245	0.2770	0.9449
0.1638	0.2246	0.2780	0.9409
0.1653	0.2248	0.2790	0.9368
0.1665	0.2251	0.2800	0.9338
0.1681	0.2252	0.2810	0.9297
0.1696	0.2253	0.2820	0.9257
0.1715	0.2264	0.2840	0.9226
0.1730	0.2265	0.2850	0.9186
0.1743	0.2268	0.2860	0.9155
0.1758	0.2268	0.2870	0.9115
0.1780	0.2277	0.2890	0.9073
0.1793	0.2280	0.2900	0.9044
0.1808	0.2280	0.2910	0.9003
0.1828	0.2290	0.2930	0.8973
0.1843	0.2290	0.2940	0.8932
0.1859	0.2291	0.2950	0.8890
0.1878	0.2301	0.2970	0.8861
0.1894	0.2300	0.2980	0.8819
0.1909	0.2301	0.2990	0.8782
0.1930	0.2310	0.3010	0.8748
0.1945	0.2310	0.3020	0.8708
0.1961	0.2310	0.3030	0.8670
0.1981	0.2319	0.3050	0.8637
0.1997	0.2319	0.3060	0.8599
0.2013	0.2318	0.3070	0.8558
0.2034	0.2327	0.3090	0.8525
0.2056	0.2334	0.3110	0.8487
0.2070	0.2335	0.3120	0.8454
0.2092	0.2341	0.3140	0.8416
0.2108	0.2340	0.3150	0.8376
0.2129	0.2349	0.3170	0.8345
0.2152	0.2355	0.3190	0.8305
0.2166	0.2355	0.3200	0.8272
0.2189	0.2362	0.3220	0.8234
0.2205	0.2360	0.3230	0.8192
0.2226	0.2368	0.3250	0.8163
0.2250	0.2373	0.3270	0.8121
0.2264	0.2373	0.3280	0.8089
0.2287	0.2379	0.3300	0.8051
0.2311	0.2384	0.3320	0.8010
0.2325	0.2384	0.3330	0.7980
0.2349	0.2389	0.3350	0.7939
0.2370	0.2395	0.3370	0.7907
0.2394	0.2401	0.3390	0.7868
0.2418	0.2405	0.3410	0.7827
0.2439	0.2412	0.3430	0.7797
0.2463	0.2416	0.3450	0.7756
0.2485	0.2421	0.3470	0.7724
0.2509	0.2426	0.3490	0.7685
0.2534	0.2429	0.3510	0.7644
0.2555	0.2436	0.3530	0.7614
0.2580	0.2439	0.3550	0.7574
0.2602	0.2444	0.3570	0.7540
0.2626	0.2448	0.3590	0.7503
0.2651	0.2451	0.3610	0.7462
0.2673	0.2456	0.3630	0.7432
0.2705	0.2465	0.3660	0.7391
0.2727	0.2471	0.3680	0.7361
0.2752	0.2473	0.3700	0.7320
0.2777	0.2475	0.3720	0.7279
0.2807	0.2486	0.3750	0.7249
0.2832	0.2488	0.3770	0.7208
0.2855	0.2493	0.3790	0.7178
0.2887	0.2501	0.3820	0.7140
0.2912	0.2503	0.3840	0.7101
0.2934	0.2508	0.3860	0.7072
0.2968	0.2515	0.3890	0.7030
0.2990	0.2519	0.3910	0.7001
0.3023	0.2527	0.3940	0.6962
0.3048	0.2528	0.3960	0.6925
0.3079	0.2538	0.3990	0.6894
0.3112	0.2545	0.4020	0.6854
0.3142	0.2555	0.4050	0.6826
0.3169	0.2554	0.4070	0.6785
0.3200	0.2564	0.4100	0.6755
0.3233	0.2570	0.4130	0.6717
0.3267	0.2576	0.4160	0.6677
0.3297	0.2585	0.4190	0.6649
0.3332	0.2590	0.4220	0.6609
0.3363	0.2598	0.4250	0.6578
0.3397	0.2604	0.4280	0.6540
0.3431	0.2609	0.4310	0.6502
0.3462	0.2617	0.4340	0.6471
0.3505	0.2627	0.4380	0.6431
0.3537	0.2634	0.4410	0.6401
0.3571	0.2638	0.4440	0.6363
0.3611	0.2651	0.4480	0.6332
0.3646	0.2655	0.4510	0.6294
0.3689	0.2664	0.4550	0.6254
0.3721	0.2671	0.4580	0.6226
0.3764	0.2679	0.4620	0.6186
0.3805	0.2691	0.4660	0.6155
0.3839	0.2694	0.4690	0.6118
0.3880	0.2705	0.4730	0.6087
0.3924	0.2712	0.4770	0.6049
0.3968	0.2719	0.4810	0.6008
0.4009	0.2730	0.4850	0.5979
0.4052	0.2737	0.4890	0.5940
0.4102	0.2752	0.4940	0.5910
0.4146	0.2759	0.4980	0.5872
0.4188	0.2769	0.5020	0.5842
0.4240	0.2779	0.5070	0.5801
0.4285	0.2785	0.5110	0.5763
0.4335	0.2799	0.5160	0.5733
0.4379	0.2804	0.5200	0.5695
0.4422	0.2812	0.5240	0.5664
0.4483	0.2827	0.5300	0.5627
0.4528	0.2830	0.5340	0.5586
0.4588	0.2848	0.5400	0.5556
0.4633	0.2852	0.5440	0.5518
0.4692	0.2869	0.5500	0.5488
0.4755	0.2882	0.5560	0.5449
0.4815	0.2898	0.5620	0.5419
0.4861	0.2900	0.5660	0.5379
0.4921	0.2917	0.5720	0.5351
0.4984	0.2927	0.5780	0.5310
0.5062	0.2952	0.5860	0.5280
0.5125	0.2963	0.5920	0.5242
0.5188	0.2973	0.5980	0.5204
0.5250	0.2987	0.6040	0.5173
0.5314	0.2995	0.6100	0.5133
0.5393	0.3018	0.6180	0.5102
0.5474	0.3037	0.6260	0.5065
0.5536	0.3049	0.6320	0.5034
0.5617	0.3067	0.6400	0.4997
0.5697	0.3087	0.6480	0.4966
0.5762	0.3094	0.6540	0.4928
0.5845	0.3108	0.6620	0.4888
0.5925	0.3128	0.6700	0.4857
0.6025	0.3152	0.6800	0.4820
0.6106	0.3170	0.6880	0.4789
0.6189	0.3184	0.6960	0.4752
0.6288	0.3210	0.7060	0.4721
0.6390	0.3230	0.7160	0.4681
0.6470	0.3248	0.7240	0.4653
0.6573	0.3266	0.7340	0.4612
0.6691	0.3300	0.7460	0.4582
0.6793	0.3318	0.7560	0.4543
0.6896	0.3334	0.7660	0.4503
0.6996	0.3358	0.7760	0.4475
0.7118	0.3381	0.7880	0.4435
0.7236	0.3411	0.8000	0.4404
0.7376	0.3442	0.8140	0.4366
0.7495	0.3471	0.8260	0.4336
0.7618	0.3492	0.8380	0.4298
0.7756	0.3527	0.8520	0.4268
0.7898	0.3553	0.8660	0.4227
0.8035	0.3588	0.8800	0.4200
0.8178	0.3612	0.8940	0.4159
0.8338	0.3645	0.9100	0.4121
0.8496	0.3683	0.9260	0.4091
0.8657	0.3714	0.9420	0.4053
0.8834	0.3759	0.9600	0.4023
0.9015	0.3792	0.9780	0.3982
0.9192	0.3834	0.9960	0.3952
-0.0145	-0.5498	0.5500	-1.5972
-0.0171	-0.5437	0.5440	-1.6021
-0.0192	-0.5437	0.5440	-1.6062
-0.0216	-0.5456	0.5460	-1.6103
-0.0233	-0.5475	0.5480	-1.6133
-0.0255	-0.5474	0.5480	-1.6174
-0.0278	-0.5473	0.5480	-1.6215
-0.0300	-0.5472	0.5480	-1.6255
-0.0324	-0.5490	0.5500	-1.6297
-0.0346	-0.5489	0.5500	-1.6338
-0.0367	-0.5488	0.5500	-1.6375
-0.0391	-0.5506	0.5520	-1.6416
-0.0413	-0.5504	0.5520	-1.6458
-0.0436	-0.5503	0.5520	-1.6498
-0.0460	-0.5521	0.5540	-1.6539
-0.0483	-0.5519	0.5540	-1.6580
-0.0505	-0.5517	0.5540	-1.6621
-0.0530	-0.5535	0.5560	-1.6662
-0.0551	-0.5533	0.5560	-1.6700
-0.0574	-0.5530	0.5560	-1.6741
-0.0598	-0.5548	0.5580	-1.6782
-0.0621	-0.5545	0.5580	-1.6823
-0.0644	-0.5543	0.5580	-1.6864
-0.0663	-0.5561	0.5600	-1.6894
-0.0685	-0.5558	0.5600	-1.6935
-0.0710	-0.5575	0.5620	-1.6975
-0.0733	-0.5572	0.5620	-1.7017
-0.0756	-0.5569	0.5620	-1.7058
-0.0779	-0.5566	0.5620	-1.7098
-0.0802	-0.5563	0.5620	-1.7139
-0.0826	-0.5579	0.5640	-1.7178
-0.0851	-0.5596	0.5660	-1.7218
-0.0874	-0.5592	0.5660	-1.7259
-0.0898	-0.5588	0.5660	-1.7300
-0.0923	-0.5604	0.5680	-1.7341
-0.0946	-0.5601	0.5680	-1.7382
-0.0973	-0.5616	0.5700	-1.7423
-0.0995	-0.5612	0.5700	-1.7463
-0.1016	-0.5629	0.5720	-1.7494
-0.1039	-0.5625	0.5720	-1.7534
-0.1062	-0.5621	0.5720	-1.7576
-0.1087	-0.5636	0.5740	-1.7614
-0.1110	-0.5632	0.5740	-1.7654
-0.1137	-0.5647	0.5760	-1.7695
-0.1161	-0.5642	0.5760	-1.7737
-0.1187	-0.5657	0.5780	-1.7777
-0.1211	-0.5652	0.5780	-1.7818
-0.1238	-0.5666	0.5800	-1.7859
-0.1261	-0.5661	0.5800	-1.7900
-0.1287	-0.5676	0.5820	-1.7938
-0.1311	-0.5671	0.5820	-1.7979
-0.1338	-0.5685	0.5840	-1.8020
-0.1361	-0.5679	0.5840	-1.8061
-0.1383	-0.5694	0.5860	-1.8091
-0.1406	-0.5689	0.5860	-1.8132
-0.1435	-0.5702	0.5880	-1.8173
-0.1463	-0.5716	0.5900	-1.8214
-0.1486	-0.5710	0.5900	-1.8254
-0.1510	-0.5704	0.5900	-1.8296
-0.1538	-0.5717	0.5920	-1.8337
-0.1565	-0.5730	0.5940	-1.8374
-0.1589	-0.5724	0.5940	-1.8415
-0.1612	-0.5717	0.5940	-1.8457
-0.1646	-0.5749	0.5980	-1.8497
-0.1670	-0.5742	0.5980	-1.8538
-0.1694	-0.5735	0.5980	-1.8579
-0.1716	-0.5749	0.6000	-1.8609
-0.1746	-0.5761	0.6020	-1.8650
-0.1769	-0.5754	0.6020	-1.8691
-0.1799	-0.5766	0.6040	-1.8732
-0.1822	-0.5758	0.6040	-1.8773
-0.1852	-0.5770	0.6060	-1.8813
-0.1874	-0.5763	0.6060	-1.8852
-0.1910	-0.5793	0.6100	-1.8893
-0.1933	-0.5785	0.6100	-1.8933
-0.1964	-0.5796	0.6120	-1.8974
-0.1988	-0.5788	0.6120	-1.9016
-0.2017	-0.5799	0.6140	-1.9056
-0.2042	-0.5812	0.6160	-1.9087
-0.2065	-0.5803	0.6160	-1.9127
-0.2096	-0.5814	0.6180	-1.9168
-0.2127	-0.5824	0.6200	-1.9209
-0.2150	-0.5815	0.6200	-1.9250
-0.2179	-0.5826	0.6220	-1.9288
-0.2211	-0.5835	0.6240	-1.9329
-0.2242	-0.5845	0.6260	-1.9370
-0.2272	-0.5854	0.6280	-1.9411
-0.2295	-0.5846	0.6280	-1.9449
-0.2325	-0.5855	0.6300	-1.9487
-0.2350	-0.5867	0.6320	-1.9517
-0.2381	-0.5876	0.6340	-1.9558
-0.2404	-0.5867	0.6340	-1.9597
-0.2434	-0.5876	0.6360	-1.9635
-0.2465	-0.5884	0.6380	-1.9675
-0.2496	-0.5893	0.6400	-1.9714
-0.2526	-0.5902	0.6420	-1.9752
-0.2558	-0.5910	0.6440	-1.9792
-0.2588	-0.5919	0.6460	-1.9831
-0.2613	-0.5908	0.6460	-1.9872
-0.2637	-0.5919	0.6480	-1.9899
-0.2669	-0.5927	0.6500	-1.9940
-0.2700	-0.5935	0.6520	-1.9978
-0.2733	-0.5942	0.6540	-2.0019
-0.2764	-0.5949	0.6560	-2.0057
-0.2795	-0.5957	0.6580	-2.0095
-0.2828	-0.5963	0.6600	-2.0136
-0.2851	-0.5952	0.6600	-2.0175
-0.2883	-0.5959	0.6620	-2.0213
-0.2915	-0.5966	0.6640	-2.0253
-0.2942	-0.5975	0.6660	-2.0283
-0.2974	-0.5982	0.6680	-2.0321
-0.3014	-0.6006	0.6720	-2.0360
-0.3048	-0.6011	0.6740	-2.0401
-0.3071	-0.6000	0.6740	-2.0439
-0.3105	-0.6005	0.6760	-2.0480
-0.3137	-0.6011	0.6780	-2.0518
-0.3169	-0.6016	0.6800	-2.0556
-0.3203	-0.6021	0.6820	-2.0598
-0.3240	-0.6047	0.6860	-2.0627
-0.3273	-0.6052	0.6880	-2.0666
-0.3296	-0.6039	0.6880	-2.0704
-0.3340	-0.6061	0.6920	-2.0744
-0.3373	-0.6065	0.6940	-2.0783
-0.3406	-0.6070	0.6960	-2.0821
-0.3440	-0.6073	0.6980	-2.0862
-0.3483	-0.6095	0.7020	-2.0900
-0.3522	-0.6119	0.7060	-2.0930
-0.3554	-0.6123	0.7080	-2.0968
-0.3580	-0.6108	0.7080	-2.1009
-0.3613	-0.6112	0.7100	-2.1047
-0.3669	-0.6148	0.7160	-2.1088
-0.3692	-0.6135	0.7160	-2.1126
-0.3726	-0.6138	0.7180	-2.1164
-0.3762	-0.6139	0.7200	-2.1205
-0.3801	-0.6162	0.7240	-2.1235
-0.3846	-0.6181	0.7280	-2.1273
-0.3891	-0.6200	0.7320	-2.1312
-0.3927	-0.6201	0.7340	-2.1353
-0.3961	-0.6203	0.7360	-2.1390
-0.3995	-0.6205	0.7380	-2.1429
-0.4043	-0.6222	0.7420	-2.1470
-0.4078	-0.6223	0.7440	-2.1508
-0.4107	-0.6228	0.7460	-2.1538
-0.4153	-0.6245	0.7500	-2.1576
-0.4200	-0.6262	0.7540	-2.1617
-0.4236	-0.6262	0.7560	-2.1655
-0.4273	-0.6261	0.7580	-2.1696
-0.4319	-0.6278	0.7620	-2.1735
-0.4366	-0.6294	0.7660	-2.1773
-0.4403	-0.6293	0.7680	-2.1813
-0.4445	-0.6312	0.7720	-2.1844
-0.4492	-0.6328	0.7760	-2.1881
-0.4528	-0.6327	0.7780	-2.1920
-0.4577	-0.6340	0.7820	-2.1961
-0.4625	-0.6355	0.7860	-2.1999
-0.4661	-0.6354	0.7880	-2.2037
-0.4699	-0.6351	0.7900	-2.2078
-0.4741	-0.6369	0.7940	-2.2108
-0.4790	-0.6383	0.7980	-2.2146
-0.4838	-0.6396	0.8020	-2.2184
-0.4889	-0.6408	0.8060	-2.2225
-0.4926	-0.6405	0.8080	-2.2264
-0.4988	-0.6432	0.8140	-2.2304
-0.5038	-0.6445	0.8180	-2.2342
-0.5081	-0.6461	0.8220	-2.2372
-0.5131	-0.6473	0.8260	-2.2411
-0.5183	-0.6483	0.8300	-2.2452
-0.5220	-0.6479	0.8320	-2.2490
-0.5269	-0.6490	0.8360	-2.2527
-0.5321	-0.6499	0.8400	-2.2569
-0.5372	-0.6510	0.8440	-2.2607
-0.5417	-0.6525	0.8480	-2.2637
-0.5467	-0.6534	0.8520	-2.2675
-0.5520	-0.6542	0.8560	-2.2716
-0.5584	-0.6567	0.8620	-2.2755
-0.5634	-0.6576	0.8660	-2.2792
-0.5688	-0.6583	0.8700	-2.2833
-0.5739	-0.6592	0.8740	-2.2872
-0.5793	-0.6598	0.8780	-2.2913
-0.5837	-0.6612	0.8820	-2.2940
-0.5904	-0.6633	0.8880	-2.2981
-0.5955	-0.6641	0.8920	-2.3018
-0.6010	-0.6646	0.8960	-2.3060
-0.6077	-0.6665	0.9020	-2.3101
-0.6130	-0.6671	0.9060	-2.3139
-0.6184	-0.6676	0.9100	-2.3179
-0.6245	-0.6701	0.9160	-2.3210
-0.6300	-0.6705	0.9200	-2.3250
-0.6353	-0.6710	0.9240	-2.3289
-0.6422	-0.6727	0.9300	-2.3330
-0.6490	-0.6744	0.9360	-2.3370
-0.6544	-0.6748	0.9400	-2.3409
-0.6600	-0.6750	0.9440	-2.3450
-0.6662	-0.6773	0.9500	-2.3479
-0.6732	-0.6788	0.9560	-2.3521
-0.6786	-0.6790	0.9600	-2.3559
-0.6856	-0.6805	0.9660	-2.3599
-0.6927	-0.6819	0.9720	-2.3641
-0.7010	-0.6848	0.9800	-2.3679
-0.7059	-0.6855	0.9840	-2.3709
-0.7323	-0.6722	0.9940	-2.3990
-0.7321	-0.6665	0.9900	-2.4031
-0.7331	-0.6623	0.9880	-2.4069
-0.7328	-0.6567	0.9840	-2.4109
-0.7355	-0.6537	0.9840	-2.4151
-0.7372	-0.6487	0.9820	-2.4200
-0.7384	-0.6444	0.9800	-2.4241
-0.7393	-0.6402	0.9780	-2.4279
-0.7389	-0.6346	0.9740	-2.4319
-0.7399	-0.6303	0.9720	-2.4361
-0.7408	-0.6262	0.9700	-2.4399
-0.7418	-0.6219	0.9680	-2.4439
-0.7428	-0.6175	0.9660	-2.4480
-0.7437	-0.6134	0.9640	-2.4519
-0.7446	-0.6091	0.9620	-2.4560
-0.7455	-0.6048	0.9600	-2.4600
-0.7463	-0.6007	0.9580	-2.4639
-0.7472	-0.5964	0.9560	-2.4680
-0.7480	-0.5921	0.9540	-2.4720
-0.7487	-0.5880	0.9520	-2.4758
-0.7511	-0.5849	0.9520	-2.4800
-0.7519	-0.5806	0.9500	-2.4841
-0.7509	-0.5753	0.9460	-2.4878
-0.7523	-0.5702	0.9440	-2.4930
-0.7545	-0.5673	0.9440	-2.4968
-0.7552	-0.5630	0.9420	-2.5010
-0.7559	-0.5587	0.9400	-2.5051
-0.7580	-0.5559	0.9400	-2.5088
-0.7571	-0.5504	0.9360	-2.5129
-0.7577	-0.5461	0.9340	-2.5171
-0.7582	-0.5420	0.9320	-2.5209
-0.7587	-0.5378	0.9300	-2.5249
-0.7609	-0.5347	0.9300	-2.5291
-0.7613	-0.5306	0.9280	-2.5329
-0.7618	-0.5264	0.9260	-2.5369
-0.7623	-0.5222	0.9240	-2.5410
-0.7643	-0.5192	0.9240	-2.5449
-0.7648	-0.5150	0.9220	-2.5490
-0.7652	-0.5108	0.9200	-2.5530
-0.7655	-0.5067	0.9180	-2.5569
-0.7659	-0.5025	0.9160	-2.5610
-0.7679	-0.4994	0.9160	-2.5650
-0.7681	-0.4953	0.9140	-2.5688
-0.7685	-0.4911	0.9120	-2.5730
-0.7705	-0.4879	0.9120	-2.5771
-0.7712	-0.4831	0.9100	-2.5820
-0.7731	-0.4800	0.9100	-2.5860
-0.7733	-0.4760	0.9080	-2.5898
-0.7735	-0.4717	0.9060	-2.5940
-0.7737	-0.4675	0.9040	-2.5981
-0.7755	-0.4646	0.9040	-2.6018
-0.7757	-0.4604	0.9020	-2.6059
-0.7758	-0.4562	0.9000	-2.6101
-0.7776	-0.4532	0.9000	-2.6139
-0.7777	-0.4490	0.8980	-2.6179
-0.7776	-0.4451	0.8960	-2.6218
-0.7795	-0.4419	0.8960	-2.6259
-0.7795	-0.4377	0.8940	-2.6299
-0.7812	-0.4347	0.8940	-2.6337
-0.7812	-0.4306	0.8920	-2.6379
-0.7812	-0.4264	0.8900	-2.6419
-0.7828	-0.4235	0.8900	-2.6457
-0.7845	-0.4202	0.8900	-2.6499
-0.7845	-0.4160	0.8880	-2.6540
-0.7843	-0.4122	0.8860	-2.6577
-0.7860	-0.4089	0.8860	-2.6618
-0.7859	-0.4048	0.8840	-2.6660
-0.7856	-0.4009	0.8820	-2.6698
-0.7873	-0.3977	0.8820	-2.6738
-0.7889	-0.3944	0.8820	-2.6779
-0.7904	-0.3914	0.8820	-2.6818
-0.7902	-0.3873	0.8800	-2.6858
-0.7904	-0.3824	0.8780	-2.6910
-0.7919	-0.3791	0.8780	-2.6951
-0.7916	-0.3752	0.8760	-2.6989
-0.7913	-0.3711	0.8740	-2.7031
-0.7928	-0.3679	0.8740	-2.7071
-0.7943	-0.3646	0.8740	-2.7112
-0.7940	-0.3605	0.8720	-2.7153
-0.7954	-0.3573	0.8720	-2.7194
-0.7950	-0.3535	0.8700	-2.7232
-0.7964	-0.3502	0.8700	-2.7273
-0.7978	-0.3470	0.8700	-2.7313
-0.7992	-0.3437	0.8700	-2.7355
-0.7988	-0.3396	0.8680	-2.7396
-0.8002	-0.3364	0.8680	-2.7436
-0.7997	-0.3323	0.8660	-2.7477
-0.8010	-0.3293	0.8660	-2.7516
-0.8005	-0.3252	0.8640	-2.7557
-0.8018	-0.3220	0.8640	-2.7597
-0.8031	-0.3187	0.8640	-2.7638
-0.8044	-0.3153	0.8640	-2.7680
-0.8038	-0.3114	0.8620	-2.7720
-0.8051	-0.3081	0.8620	-2.7761
-0.8062	-0.3050	0.8620	-2.7800
-0.8075	-0.3017	0.8620	-2.7840
-0.8068	-0.2977	0.8600	-2.7881
-0.8080	-0.2944	0.8600	-2.7922
-0.8073	-0.2904	0.8580	-2.7963
-0.8085	-0.2871	0.8580	-2.8004
-0.8097	-0.2838	0.8580	-2.8045
-0.8108	-0.2807	0.8580	-2.8083
-0.8100	-0.2768	0.8560	-2.8124
-0.8112	-0.2734	0.8560	-2.8165
-0.8123	-0.2701	0.8560	-2.8206
-0.8134	-0.2668	0.8560	-2.8246
-0.8126	-0.2628	0.8540	-2.8288
-0.8136	-0.2595	0.8540	-2.8329
-0.8127	-0.2558	0.8520	-2.8366
-0.8137	-0.2525	0.8520	-2.8407
-0.8167	-0.2497	0.8540	-2.8449
-0.8158	-0.2458	0.8520	-2.8489
-0.8168	-0.2425	0.8520	-2.8530
-0.8178	-0.2391	0.8520	-2.8571
-0.8187	-0.2358	0.8520	-2.8612
-0.8196	-0.2327	0.8520	-2.8650
-0.8186	-0.2287	0.8500	-2.8691
-0.8215	-0.2259	0.8520	-2.8732
-0.8224	-0.2226	0.8520	-2.8773
-0.8214	-0.2187	0.8500	-2.8814
-0.8223	-0.2153	0.8500	-2.8855
-0.8231	-0.2122	0.8500	-2.8893
-0.8220	-0.2083	0.8480	-2.8934
-0.8248	-0.2054	0.8500	-2.8975
-0.8256	-0.2021	0.8500	-2.9015
-0.8245	-0.1982	0.8480	-2.9056
-0.8253	-0.1948	0.8480	-2.9098
-0.8280	-0.1920	0.8500	-2.9138
-0.8288	-0.1888	0.8500	-2.9176
-0.8276	-0.1849	0.8480	-2.9218
-0.8283	-0.1815	0.8480	-2.9259
-0.8291	-0.1782	0.8480	-2.9299
-0.8298	-0.1748	0.8480	-2.9340
-0.8325	-0.1717	0.8500	-2.9381
-0.8332	-0.1684	0.8500	-2.9422
-0.8318	-0.1648	0.8480	-2.9460
-0.8325	-0.1614	0.8480	-2.9501
-0.8331	-0.1580	0.8480	-2.9542
-0.8338	-0.1546	0.8480	-2.9583
-0.8344	-0.1511	0.8480	-2.9624
-0.8350	-0.1478	0.8480	-2.9664
-0.8356	-0.1443	0.8480	-2.9706
-0.8362	-0.1411	0.8480	-2.9744
-0.8367	-0.1377	0.8480	-2.9785
-0.8373	-0.1343	0.8480	-2.9825
-0.8398	-0.1312	0.8500	-2.9867
-0.8404	-0.1277	0.8500	-2.9908
-0.8389	-0.1240	0.8480	-2.9948
-0.8414	-0.1209	0.8500	-2.9989
-0.8418	-0.1176	0.8500	-3.0028
-0.8403	-0.1140	0.8480	-3.0068
-0.8428	-0.1108	0.8500	-3.0109
-0.8432	-0.1073	0.8500	-3.0150
-0.8416	-0.1036	0.8480	-3.0191
-0.8421	-0.1002	0.8480	-3.0232
-0.8169	-0.0915	0.8220	-3.0300
-0.8212	-0.0886	0.8260	-3.0341
-0.8216	-0.0853	0.8260	-3.0381
-0.8219	-0.0819	0.8260	-3.0423
-0.8222	-0.0788	0.8260	-3.0461
-0.8226	-0.0754	0.8260	-3.0502
-0.8229	-0.0721	0.8260	-3.0543
-0.8231	-0.0687	0.8260	-3.0584
-0.8234	-0.0653	0.8260	-3.0625
-0.8257	-0.0621	0.8280	-3.0665
-0.8259	-0.0589	0.8280	-3.0704
-0.8261	-0.0555	0.8280	-3.0745
-0.8264	-0.0522	0.8280	-3.0785
-0.8266	-0.0488	0.8280	-3.0826
-0.8268	-0.0454	0.8280	-3.0868
-0.8289	-0.0423	0.8300	-3.0906
-0.8291	-0.0390	0.8300	-3.0946
-0.8292	-0.0356	0.8300	-3.0987
-0.8294	-0.0321	0.8300	-3.1029
-0.8295	-0.0288	0.8300	-3.1069
-0.8296	-0.0256	0.8300	-3.1107
-0.8317	-0.0223	0.8320	-3.1148
-0.8318	-0.0189	0.8320	-3.1189
-0.8319	-0.0155	0.8320	-3.1230
-0.8319	-0.0120	0.8320	-3.1271
-0.8340	-0.0087	0.8340	-3.1311
-0.8340	-0.0055	0.8340	-3.1350
-0.8360	-0.0021	0.8360	-3.1391
-0.5749	-0.0594	0.5780	-3.0387
-0.7623	-0.0755	0.7660	-3.0428
-0.7566	-0.0719	0.7600	-3.0469
-0.7529	-0.0686	0.7560	-3.0507
-0.7492	-0.0654	0.7520	-3.0545
-0.7474	-0.0621	0.7500	-3.0587
-0.7437	-0.0589	0.7460	-3.0625
-0.7420	-0.0552	0.7440	-3.0674
-0.7382	-0.0520	0.7400	-3.0712
-0.7344	-0.0490	0.7360	-3.0750
-0.7326	-0.0459	0.7340	-3.0791
-0.7287	-0.0428	0.7300	-3.0829
-0.7269	-0.0399	0.7280	-3.0868
-0.7231	-0.0368	0.7240	-3.0908
-0.7212	-0.0331	0.7220	-3.0958
-0.7174	-0.0302	0.7180	-3.0995
-0.7155	-0.0274	0.7160	-3.1033
-0.7116	-0.0245	0.7120	-3.1072
-0.7097	-0.0215	0.7100	-3.1113
-0.7058	-0.0187	0.7060	-3.1151
-0.7038	-0.0160	0.7040	-3.1189
-0.7019	-0.0125	0.7020	-3.1239
-0.6999	-0.0096	0.7000	-3.1279
-0.6960	-0.0069	0.6960	-3.1317
-0.6940	-0.0042	0.6940	-3.1356
-0.6900	-0.0015	0.6900	-3.1394
-0.5607	-0.0386	0.5620	-3.0729
-0.5628	-0.0366	0.5640	-3.0767
-0.5610	-0.0342	0.5620	-3.0807
-0.5611	-0.0320	0.5620	-3.0845
-0.5612	-0.0299	0.5620	-3.0884
-0.5633	-0.0277	0.5640	-3.0925
-0.5634	-0.0256	0.5640	-3.0962
-0.5635	-0.0232	0.5640	-3.1004
-0.5636	-0.0211	0.5640	-3.1042
-0.5637	-0.0189	0.5640	-3.1080
-0.5658	-0.0167	0.5660	-3.1121
-0.5658	-0.0145	0.5660	-3.1159
-0.5659	-0.0124	0.5660	-3.1197
-0.5679	-0.0101	0.5680	-3.1239
-0.5679	-0.0080	0.5680	-3.1276
-0.5680	-0.0056	0.5680	-3.1317
-0.5680	-0.0034	0.5680	-3.1356
-0.5700	-0.0013	0.5700	-3.1394
