x	y	r	phi
-0.9857	0.1281	0.9940	3.0124
-0.9773	0.1310	0.9860	3.0083
-0.9686	0.1350	0.9780	3.0032
-0.9621	0.1381	0.9720	2.9990
-0.9536	0.1409	0.9640	2.9949
-0.9452	0.1435	0.9560	2.9909
-0.9367	0.1462	0.9480	2.9868
-0.9280	0.1495	0.9400	2.9819
-0.9215	0.1524	0.9340	2.9777
-0.9149	0.1551	0.9280	2.9736
-0.9084	0.1578	0.9220	2.9696
-0.8998	0.1604	0.9140	2.9652
-0.8931	0.1637	0.9080	2.9603
-0.8865	0.1663	0.9020	2.9562
-0.8800	0.1687	0.8960	2.9521
-0.8734	0.1712	0.8900	2.9480
-0.8668	0.1736	0.8840	2.9439
-0.8600	0.1769	0.8780	2.9387
-0.8534	0.1791	0.8720	2.9347
-0.8468	0.1814	0.8660	2.9306
-0.8402	0.1836	0.8600	2.9265
-0.8336	0.1857	0.8540	2.9224
-0.8289	0.1882	0.8500	2.9183
-0.8240	0.1916	0.8460	2.9131
-0.8174	0.1936	0.8400	2.9090
-0.8108	0.1955	0.8340	2.9050
-0.8041	0.1974	0.8280	2.9009
-0.7975	0.1993	0.8220	2.8967
-0.7926	0.2022	0.8180	2.8918
-0.7879	0.2044	0.8140	2.8877
-0.7813	0.2061	0.8080	2.8837
-0.7766	0.2083	0.8040	2.8796
-0.7718	0.2104	0.8000	2.8754
-0.7651	0.2121	0.7940	2.8711
-0.7602	0.2148	0.7900	2.8662
-0.7555	0.2168	0.7860	2.8621
-0.7488	0.2183	0.7800	2.8580
-0.7441	0.2201	0.7760	2.8540
-0.7394	0.2220	0.7720	2.8498
-0.7344	0.2247	0.7680	2.8447
-0.7296	0.2265	0.7640	2.8405
-0.7249	0.2283	0.7600	2.8365
-0.7202	0.2300	0.7560	2.8324
-0.7154	0.2318	0.7520	2.8283
-0.7107	0.2334	0.7480	2.8243
-0.7056	0.2358	0.7440	2.8191
-0.7009	0.2374	0.7400	2.8150
-0.6961	0.2390	0.7360	2.8108
-0.6914	0.2405	0.7320	2.8068
-0.6866	0.2420	0.7280	2.8027
-0.6818	0.2435	0.7240	2.7986
-0.6787	0.2462	0.7220	2.7937
-0.6758	0.2483	0.7200	2.7895
-0.6711	0.2496	0.7160	2.7855
-0.6644	0.2504	0.7100	2.7811
-0.6596	0.2517	0.7060	2.7770
-0.6567	0.2537	0.7040	2.7730
-0.6536	0.2562	0.7020	2.7681
-0.6488	0.2574	0.6980	2.7639
-0.6440	0.2586	0.6940	2.7598
-0.6411	0.2604	0.6920	2.7558
-0.6364	0.2615	0.6880	2.7517
-0.6316	0.2626	0.6840	2.7476
-0.6284	0.2651	0.6820	2.7424
-0.6236	0.2661	0.6780	2.7383
-0.6207	0.2678	0.6760	2.7342
-0.6177	0.2696	0.6740	2.7301
-0.6130	0.2705	0.6700	2.7261
-0.6100	0.2722	0.6680	2.7220
-0.6050	0.2737	0.6640	2.7168
-0.6002	0.2745	0.6600	2.7127
-0.5955	0.2752	0.6560	2.7086
-0.5925	0.2768	0.6540	2.7045
-0.5896	0.2784	0.6520	2.7004
-0.5866	0.2799	0.6500	2.6964
-0.5816	0.2811	0.6460	2.6914
-0.5768	0.2819	0.6420	2.6871
-0.5739	0.2834	0.6400	2.6829
-0.5709	0.2848	0.6380	2.6788
-0.5680	0.2862	0.6360	2.6748
-0.5651	0.2875	0.6340	2.6709
-0.5621	0.2889	0.6320	2.6668
-0.5571	0.2898	0.6280	2.6619
-0.5542	0.2912	0.6260	2.6578
-0.5513	0.2923	0.6240	2.6541
-0.5483	0.2936	0.6220	2.6500
-0.5436	0.2940	0.6180	2.6458
-0.5407	0.2951	0.6160	2.6420
-0.5375	0.2968	0.6140	2.6371
-0.5346	0.2980	0.6120	2.6331
-0.5316	0.2992	0.6100	2.6290
-0.5287	0.3002	0.6080	2.6251
-0.5257	0.3014	0.6060	2.6210
-0.5228	0.3025	0.6040	2.6170
-0.5199	0.3035	0.6020	2.6131
-0.5169	0.3047	0.6000	2.6090
-0.5120	0.3051	0.5960	2.6041
-0.5090	0.3062	0.5940	2.6000
-0.5061	0.3071	0.5920	2.5963
-0.5032	0.3081	0.5900	2.5921
-0.5003	0.3090	0.5880	2.5883
-0.4973	0.3100	0.5860	2.5842
-0.4941	0.3113	0.5840	2.5793
-0.4911	0.3123	0.5820	2.5753
-0.4882	0.3132	0.5800	2.5711
-0.4853	0.3140	0.5780	2.5673
-0.4823	0.3149	0.5760	2.5632
-0.4795	0.3156	0.5740	2.5594
-0.4765	0.3165	0.5720	2.5553
-0.4752	0.3184	0.5720	2.5512
-0.4720	0.3196	0.5700	2.5463
-0.4673	0.3193	0.5660	2.5422
-0.4661	0.3211	0.5660	2.5385
-0.4632	0.3218	0.5640	2.5343
-0.4619	0.3236	0.5640	2.5305
-0.4606	0.3255	0.5640	2.5264
-0.4541	0.3243	0.5580	2.5215
-0.4496	0.3238	0.5540	2.5175
-0.4467	0.3243	0.5520	2.5136
-0.4453	0.3261	0.5520	2.5095
-0.4440	0.3280	0.5520	2.5054
-0.4412	0.3284	0.5500	2.5016
-0.4382	0.3291	0.5480	2.4975
-0.4368	0.3309	0.5480	2.4934
-0.4336	0.3318	0.5460	2.4885
-0.4308	0.3322	0.5440	2.4847
-0.4279	0.3327	0.5420	2.4806
-0.4249	0.3332	0.5400	2.4765
-0.4236	0.3349	0.5400	2.4727
-0.4207	0.3354	0.5380	2.4686
-0.4178	0.3358	0.5360	2.4645
-0.4165	0.3374	0.5360	2.4607
-0.4133	0.3382	0.5340	2.4558
-0.4103	0.3386	0.5320	2.4517
-0.4089	0.3403	0.5320	2.4476
-0.4061	0.3405	0.5300	2.4438
-0.4032	0.3409	0.5280	2.4397
-0.4018	0.3426	0.5280	2.4356
-0.4005	0.3441	0.5280	2.4317
-0.3976	0.3444	0.5260	2.4277
-0.3947	0.3446	0.5240	2.4239
-0.3948	0.3476	0.5260	2.4198
-0.3919	0.3478	0.5240	2.4157
-0.3872	0.3471	0.5200	2.4107
-0.3843	0.3473	0.5180	2.4067
-0.3830	0.3488	0.5180	2.4029
-0.3786	0.3477	0.5140	2.3988
-0.3754	0.3481	0.5120	2.3939
-0.3740	0.3497	0.5120	2.3898
-0.3727	0.3511	0.5120	2.3860
-0.3712	0.3526	0.5120	2.3819
-0.3684	0.3527	0.5100	2.3781
-0.3670	0.3542	0.5100	2.3739
-0.3648	0.3549	0.5090	2.3699
-0.3627	0.3556	0.5080	2.3661
-0.3606	0.3564	0.5070	2.3619
-0.3584	0.3572	0.5060	2.3579
-0.3570	0.3585	0.5060	2.3541
-0.3556	0.3600	0.5060	2.3500
-0.3528	0.3600	0.5040	2.3461
-0.3488	0.3596	0.5010	2.3410
-0.3467	0.3602	0.5000	2.3371
-0.3446	0.3609	0.4990	2.3331
-0.3431	0.3623	0.4990	2.3290
-0.3410	0.3629	0.4980	2.3251
-0.3389	0.3635	0.4970	2.3211
-0.3368	0.3641	0.4960	2.3173
-0.3353	0.3655	0.4960	2.3131
-0.3331	0.3661	0.4950	2.3090
-0.3311	0.3666	0.4940	2.3053
-0.3289	0.3673	0.4930	2.3012
-0.3267	0.3679	0.4920	2.2970
-0.3253	0.3691	0.4920	2.2932
-0.3228	0.3699	0.4910	2.2883
-0.3207	0.3705	0.4900	2.2843
-0.3185	0.3710	0.4890	2.2802
-0.3164	0.3715	0.4880	2.2763
-0.3149	0.3728	0.4880	2.2722
-0.3128	0.3733	0.4870	2.2682
-0.3106	0.3738	0.4860	2.2641
-0.3091	0.3750	0.4860	2.2602
-0.3070	0.3755	0.4850	2.2562
-0.3054	0.3767	0.4850	2.2521
-0.3033	0.3772	0.4840	2.2480
-0.3012	0.3776	0.4830	2.2441
-0.2986	0.3784	0.4820	2.2389
-0.2971	0.3796	0.4820	2.2349
-0.2956	0.3807	0.4820	2.2311
-0.2934	0.3811	0.4810	2.2270
-0.2913	0.3815	0.4800	2.2229
-0.2891	0.3819	0.4790	2.2188
-0.2877	0.3830	0.4790	2.2150
-0.2855	0.3834	0.4780	2.2108
-0.2839	0.3845	0.4780	2.2068
-0.2818	0.3849	0.4770	2.2027
-0.2803	0.3860	0.4770	2.1989
-0.2781	0.3863	0.4760	2.1948
-0.2765	0.3874	0.4760	2.1907
-0.2744	0.3877	0.4750	2.1866
-0.2729	0.3888	0.4750	2.1828
-0.2707	0.3891	0.4740	2.1787
-0.2686	0.3894	0.4730	2.1746
-0.2670	0.3905	0.4730	2.1705
-0.2645	0.3909	0.4720	2.1656
-0.2629	0.3920	0.4720	2.1616
-0.2613	0.3931	0.4720	2.1574
-0.2592	0.3932	0.4710	2.1536
-0.2576	0.3943	0.4710	2.1495
-0.2555	0.3945	0.4700	2.1455
-0.2538	0.3956	0.4700	2.1413
-0.2518	0.3957	0.4690	2.1375
-0.2497	0.3958	0.4680	2.1335
-0.2480	0.3969	0.4680	2.1294
-0.2464	0.3979	0.4680	2.1252
-0.2449	0.3988	0.4680	2.1214
-0.2427	0.3990	0.4670	2.1174
-0.2411	0.4000	0.4670	2.1133
-0.2394	0.4010	0.4670	2.1091
-0.2374	0.4010	0.4660	2.1054
-0.2358	0.4020	0.4660	2.1013
-0.2336	0.4021	0.4650	2.0971
-0.2320	0.4030	0.4650	2.0931
-0.2303	0.4040	0.4650	2.0890
-0.2288	0.4048	0.4650	2.0852
-0.2266	0.4049	0.4640	2.0810
-0.2250	0.4058	0.4640	2.0770
-0.2225	0.4060	0.4630	2.0721
-0.2208	0.4069	0.4630	2.0680
-0.2187	0.4070	0.4620	2.0639
-0.2176	0.4087	0.4630	2.0600
-0.2159	0.4096	0.4630	2.0560
-0.2138	0.4096	0.4620	2.0519
-0.2121	0.4104	0.4620	2.0478
-0.2106	0.4112	0.4620	2.0440
-0.2089	0.4121	0.4620	2.0399
-0.2072	0.4129	0.4620	2.0358
-0.2055	0.4138	0.4620	2.0318
-0.2039	0.4146	0.4620	2.0279
-0.2018	0.4145	0.4610	2.0238
-0.1996	0.4144	0.4600	2.0197
-0.1984	0.4161	0.4610	2.0157
-0.1975	0.4188	0.4630	2.0115
-0.1975	0.4221	0.4660	2.0086
-0.1942	0.4203	0.4630	2.0037
-0.1908	0.4175	0.4590	1.9995
-0.1879	0.4155	0.4560	1.9954
-0.1846	0.4137	0.4530	1.9905
-0.1829	0.4144	0.4530	1.9864
-0.1833	0.4186	0.4570	1.9834
-0.1819	0.4203	0.4580	1.9793
-0.1804	0.4210	0.4580	1.9756
-0.1786	0.4217	0.4580	1.9715
-0.1769	0.4225	0.4580	1.9673
-0.1752	0.4232	0.4580	1.9633
-0.1736	0.4238	0.4580	1.9595
-0.1718	0.4246	0.4580	1.9553
-0.1701	0.4253	0.4580	1.9512
-0.1683	0.4259	0.4580	1.9472
-0.1667	0.4266	0.4580	1.9434
-0.1653	0.4282	0.4590	1.9392
-0.1636	0.4289	0.4590	1.9352
-0.1615	0.4286	0.4580	1.9311
-0.1598	0.4292	0.4580	1.9273
-0.1581	0.4298	0.4580	1.9232
-0.1563	0.4305	0.4580	1.9191
-0.1545	0.4311	0.4580	1.9150
-0.1528	0.4318	0.4580	1.9110
-0.1515	0.4333	0.4590	1.9071
-0.1494	0.4330	0.4580	1.9030
-0.1476	0.4336	0.4580	1.8989
-0.1462	0.4351	0.4590	1.8948
-0.1445	0.4357	0.4590	1.8910
-0.1427	0.4363	0.4590	1.8869
-0.1406	0.4359	0.4580	1.8829
-0.1391	0.4374	0.4590	1.8787
-0.1373	0.4380	0.4590	1.8746
-0.1356	0.4385	0.4590	1.8706
-0.1337	0.4391	0.4590	1.8665
-0.1319	0.4396	0.4590	1.8623
-0.1302	0.4402	0.4590	1.8583
-0.1283	0.4407	0.4590	1.8542
-0.1265	0.4412	0.4590	1.8501
-0.1248	0.4417	0.4590	1.8461
-0.1232	0.4432	0.4600	1.8419
-0.1214	0.4437	0.4600	1.8378
-0.1196	0.4442	0.4600	1.8338
-0.1177	0.4447	0.4600	1.8297
-0.1159	0.4452	0.4600	1.8255
-0.1144	0.4466	0.4610	1.8215
-0.1125	0.4471	0.4610	1.8174
-0.1107	0.4475	0.4610	1.8133
-0.1089	0.4480	0.4610	1.8092
-0.1070	0.4484	0.4610	1.8051
-0.1054	0.4498	0.4620	1.8010
-0.1036	0.4502	0.4620	1.7970
-0.1017	0.4507	0.4620	1.7928
-0.1001	0.4520	0.4630	1.7887
-0.0983	0.4524	0.4630	1.7847
-0.0964	0.4529	0.4630	1.7806
-0.0945	0.4532	0.4630	1.7764
-0.0933	0.4545	0.4640	1.7732
-0.0914	0.4549	0.4640	1.7691
-0.0898	0.4563	0.4650	1.7650
-0.0879	0.4566	0.4650	1.7609
-0.0860	0.4570	0.4650	1.7568
-0.0841	0.4573	0.4650	1.7528
-0.0824	0.4586	0.4660	1.7486
-0.0805	0.4590	0.4660	1.7445
-0.0787	0.4593	0.4660	1.7405
-0.0770	0.4606	0.4670	1.7364
-0.0751	0.4609	0.4670	1.7322
-0.0732	0.4612	0.4670	1.7282
-0.0715	0.4625	0.4680	1.7241
-0.0696	0.4628	0.4680	1.7200
-0.0677	0.4631	0.4680	1.7159
-0.0659	0.4643	0.4690	1.7118
-0.0640	0.4646	0.4690	1.7077
-0.0623	0.4659	0.4700	1.7037
-0.0603	0.4661	0.4700	1.6996
-0.0584	0.4664	0.4700	1.6954
-0.0567	0.4676	0.4710	1.6914
-0.0547	0.4678	0.4710	1.6873
-0.0529	0.4690	0.4720	1.6832
-0.0510	0.4692	0.4720	1.6791
-0.0497	0.4704	0.4730	1.6761
-0.0478	0.4706	0.4730	1.6720
-0.0459	0.4708	0.4730	1.6679
-0.0440	0.4720	0.4740	1.6638
-0.0421	0.4721	0.4740	1.6598
-0.0402	0.4723	0.4740	1.6556
-0.0383	0.4735	0.4750	1.6515
-0.0365	0.4746	0.4760	1.6475
-0.0345	0.4747	0.4760	1.6434
-0.0326	0.4759	0.4770	1.6393
-0.0308	0.4770	0.4780	1.6352
-0.0289	0.4781	0.4790	1.6311
-0.0270	0.4792	0.4800	1.6270
-0.0251	0.4813	0.4820	1.6230
-0.0231	0.4804	0.4810	1.6188
-0.0210	0.4775	0.4780	1.6147
-0.0191	0.4786	0.4790	1.6107
-0.0172	0.4807	0.4810	1.6066
-0.0152	0.4818	0.4820	1.6024
-0.0137	0.4828	0.4830	1.5992
-0.0118	0.4829	0.4830	1.5951
-0.0098	0.4839	0.4840	1.5910
-0.0078	0.4849	0.4850	1.5869
-0.0059	0.4860	0.4860	1.5829
-0.0039	0.4870	0.4870	1.5788
-0.0019	0.4880	0.4880	1.5746
0.0001	0.4880	0.4880	1.5706
0.0021	0.4890	0.4890	1.5665
0.0041	0.4900	0.4900	1.5624
0.0061	0.4910	0.4910	1.5583
0.0076	0.4919	0.4920	1.5553
0.0097	0.4949	0.4950	1.5512
0.0117	0.4939	0.4940	1.5471
0.0137	0.4918	0.4920	1.5430
0.0157	0.4918	0.4920	1.5390
0.0177	0.4927	0.4930	1.5348
0.0198	0.4946	0.4950	1.5307
0.0219	0.4955	0.4960	1.5267
0.0239	0.4944	0.4950	1.5226
0.0258	0.4923	0.4930	1.5184
0.0278	0.4932	0.4940	1.5144
0.0300	0.4961	0.4970	1.5103
0.0322	0.4980	0.4990	1.5062
0.0343	0.4988	0.5000	1.5022
0.0364	0.4987	0.5000	1.4980
0.0383	0.4995	0.5010	1.4942
0.0399	0.5004	0.5020	1.4912
0.0419	0.5013	0.5030	1.4874
0.0441	0.5031	0.5050	1.4833
0.0461	0.5039	0.5060	1.4795
0.0484	0.5057	0.5080	1.4754
0.0505	0.5075	0.5100	1.4716
0.0527	0.5083	0.5110	1.4674
0.0547	0.5091	0.5120	1.4637
0.0568	0.5088	0.5120	1.4596
0.0588	0.5086	0.5120	1.4557
0.0609	0.5084	0.5120	1.4516
0.0628	0.5081	0.5120	1.4479
0.0646	0.5099	0.5140	1.4448
0.0666	0.5097	0.5140	1.4408
0.0689	0.5114	0.5160	1.4370
0.0707	0.5091	0.5140	1.4328
0.0729	0.5108	0.5160	1.4290
0.0753	0.5125	0.5180	1.4250
0.0775	0.5142	0.5200	1.4211
0.0797	0.5139	0.5200	1.4170
0.0819	0.5155	0.5220	1.4132
0.0840	0.5152	0.5220	1.4092
0.0859	0.5169	0.5240	1.4061
0.0882	0.5186	0.5260	1.4023
0.0907	0.5202	0.5280	1.3982
0.0927	0.5198	0.5280	1.3944
0.0952	0.5214	0.5300	1.3903
0.0971	0.5210	0.5300	1.3865
0.0996	0.5226	0.5320	1.3824
0.1020	0.5242	0.5340	1.3786
0.1042	0.5237	0.5340	1.3744
0.1061	0.5254	0.5360	1.3715
0.1085	0.5269	0.5380	1.3676
0.1107	0.5265	0.5380	1.3636
0.1131	0.5280	0.5400	1.3598
0.1153	0.5276	0.5400	1.3557
0.1177	0.5291	0.5420	1.3518
0.1203	0.5305	0.5440	1.3478
0.1223	0.5301	0.5440	1.3440
0.1250	0.5315	0.5460	1.3398
0.1270	0.5331	0.5480	1.3369
0.1291	0.5326	0.5480	1.3330
0.1317	0.5340	0.5500	1.3289
0.1342	0.5354	0.5520	1.3252
0.1369	0.5368	0.5540	1.3210
0.1390	0.5363	0.5540	1.3172
0.1417	0.5376	0.5560	1.3131
0.1442	0.5390	0.5580	1.3093
0.1464	0.5405	0.5600	1.3063
0.1491	0.5419	0.5620	1.3023
0.1512	0.5413	0.5620	1.2984
0.1540	0.5426	0.5640	1.2943
0.1566	0.5439	0.5660	1.2905
0.1593	0.5452	0.5680	1.2864
0.1620	0.5465	0.5700	1.2826
0.1642	0.5479	0.5720	1.2796
0.1663	0.5473	0.5720	1.2758
0.1691	0.5485	0.5740	1.2717
0.1718	0.5498	0.5760	1.2678
0.1747	0.5510	0.5780	1.2638
0.1774	0.5522	0.5800	1.2600
0.1803	0.5534	0.5820	1.2559
0.1830	0.5546	0.5840	1.2520
0.1853	0.5559	0.5860	1.2490
0.1876	0.5552	0.5860	1.2449
0.1910	0.5582	0.5900	1.2412
0.1939	0.5593	0.5920	1.2371
0.1967	0.5605	0.5940	1.2332
0.1997	0.5615	0.5960	1.2291
0.2025	0.5627	0.5980	1.2254
0.2056	0.5658	0.6020	1.2223
0.2092	0.5687	0.6060	1.2183
0.2135	0.5735	0.6120	1.2144
0.2888	0.7525	0.8060	1.2044
0.2924	0.7532	0.8080	1.2005
0.2962	0.7539	0.8100	1.1964
0.3006	0.7565	0.8140	1.1926
0.3044	0.7571	0.8160	1.1885
0.3080	0.7578	0.8180	1.1847
0.3119	0.7605	0.8220	1.1816
0.3165	0.7630	0.8260	1.1776
0.3202	0.7636	0.8280	1.1738
0.3249	0.7660	0.8320	1.1697
0.3286	0.7665	0.8340	1.1658
0.3333	0.7689	0.8380	1.1618
0.3370	0.7694	0.8400	1.1580
0.3418	0.7717	0.8440	1.1538
0.3216	0.6996	0.7700	1.1399
0.3233	0.6944	0.7660	1.1350
0.3245	0.6895	0.7620	1.1309
0.3262	0.6864	0.7600	1.1272
0.3290	0.6851	0.7600	1.1231
0.3310	0.6819	0.7580	1.1189
0.3346	0.6824	0.7600	1.1149
0.3372	0.6811	0.7600	1.1111
0.3400	0.6797	0.7600	1.1070
0.3437	0.6801	0.7620	1.1028
0.3464	0.6787	0.7620	1.0988
0.3500	0.6791	0.7640	1.0950
0.3546	0.6812	0.7680	1.0909
0.3585	0.6837	0.7720	1.0879
0.3679	0.6946	0.7860	1.0838
0.3756	0.7041	0.7980	1.0808
0.3804	0.7061	0.8020	1.0767
0.3869	0.7048	0.8040	1.0688
0.4172	0.7268	0.8380	1.0497
0.4212	0.7268	0.8400	1.0456
0.4221	0.7216	0.8360	1.0415
0.4240	0.7182	0.8340	1.0375
0.4298	0.7217	0.8400	1.0336
0.4371	0.7290	0.8500	1.0306
0.4412	0.7289	0.8520	1.0265
0.4442	0.7271	0.8520	1.0224
0.4492	0.7287	0.8560	1.0184
0.4551	0.7320	0.8620	1.0145
0.4592	0.7319	0.8640	1.0104
0.4644	0.7333	0.8680	1.0063
0.4695	0.7348	0.8720	1.0023
0.4745	0.7364	0.8760	0.9984
0.4786	0.7361	0.8780	0.9943
0.4846	0.7322	0.8780	0.9862
0.4346	0.6186	0.7560	0.9584
0.4371	0.6168	0.7560	0.9542
0.4385	0.6134	0.7540	0.9502
0.4398	0.6100	0.7520	0.9461
0.4410	0.6067	0.7500	0.9422
0.4447	0.6065	0.7520	0.9381
0.4483	0.6063	0.7540	0.9341
0.4532	0.6076	0.7580	0.9300
0.4567	0.6075	0.7600	0.9261
0.4628	0.6104	0.7660	0.9221
0.4671	0.6122	0.7700	0.9190
0.4745	0.6115	0.7740	0.9109
0.4438	0.5593	0.7140	0.9000
0.4449	0.5559	0.7120	0.8958
0.4457	0.5527	0.7100	0.8921
0.4467	0.5493	0.7080	0.8880
0.4490	0.5474	0.7080	0.8839
0.4512	0.5456	0.7080	0.8798
0.4546	0.5454	0.7100	0.8760
0.4581	0.5451	0.7120	0.8719
0.4629	0.5463	0.7160	0.8678
0.4677	0.5474	0.7200	0.8637
0.4720	0.5490	0.7240	0.8608
0.4767	0.5502	0.7280	0.8569
0.4829	0.5528	0.7340	0.8528
0.4878	0.5538	0.7380	0.8487
0.4940	0.5563	0.7440	0.8446
0.4984	0.5578	0.7480	0.8416
0.5033	0.5587	0.7520	0.8376
0.5095	0.5613	0.7580	0.8337
0.5158	0.5636	0.7640	0.8296
0.5208	0.5644	0.7680	0.8256
0.5266	0.5672	0.7740	0.8225
0.5330	0.5695	0.7800	0.8185
0.5379	0.5703	0.7840	0.8146
0.5444	0.5725	0.7900	0.8105
0.5503	0.5752	0.7960	0.8075
0.5568	0.5772	0.8020	0.8034
0.5633	0.5793	0.8080	0.7994
0.5699	0.5812	0.8140	0.7953
0.5758	0.5838	0.8200	0.7923
0.5837	0.5873	0.8280	0.7885
0.5903	0.5891	0.8340	0.7843
0.5970	0.5909	0.8400	0.7802
0.6045	0.5947	0.8480	0.7772
0.6112	0.5964	0.8540	0.7731
0.6179	0.5981	0.8600	0.7691
0.6260	0.6013	0.8680	0.7653
0.6328	0.6028	0.8740	0.7611
0.6404	0.6065	0.8820	0.7582
0.6487	0.6093	0.8900	0.7540
0.6556	0.6108	0.8960	0.7500
0.6654	0.6148	0.9060	0.7459
0.6719	0.6167	0.9120	0.7426
0.6801	0.6195	0.9200	0.7388
0.6901	0.6234	0.9300	0.7347
0.6986	0.6260	0.9380	0.7307
0.7066	0.6290	0.9460	0.7274
0.7152	0.6314	0.9540	0.7233
0.7253	0.6350	0.9640	0.7191
0.7410	0.6382	0.9780	0.7110
0.7415	0.5480	0.9220	0.6365
0.7404	0.5427	0.9180	0.6325
0.7443	0.5408	0.9200	0.6284
0.7497	0.5401	0.9240	0.6242
0.8200	0.1910	0.8420	0.2289
0.8227	0.1883	0.8440	0.2250
0.8254	0.1854	0.8460	0.2209
0.8279	0.1833	0.8480	0.2179
0.8333	0.1777	0.8520	0.2101
0.4106	-0.6490	0.7680	-1.0068
0.4138	-0.6588	0.7780	-1.0100
0.4142	-0.6656	0.7840	-1.0142
0.4115	-0.6673	0.7840	-1.0183
0.4077	-0.6673	0.7820	-1.0223
0.4048	-0.6691	0.7820	-1.0267
0.4020	-0.6707	0.7820	-1.0308
0.3983	-0.6706	0.7800	-1.0349
0.3955	-0.6723	0.7800	-1.0390
0.3928	-0.6739	0.7800	-1.0431
0.3898	-0.6756	0.7800	-1.0474
0.3871	-0.6772	0.7800	-1.0515
0.3833	-0.6770	0.7780	-1.0556
0.3806	-0.6786	0.7780	-1.0597
0.3776	-0.6802	0.7780	-1.0641
0.3748	-0.6818	0.7780	-1.0681
0.3710	-0.6815	0.7760	-1.0723
0.3682	-0.6831	0.7760	-1.0764
0.3653	-0.6847	0.7760	-1.0807
0.3625	-0.6862	0.7760	-1.0848
0.3597	-0.6876	0.7760	-1.0888
0.3559	-0.6873	0.7740	-1.0930
0.3531	-0.6888	0.7740	-1.0971
0.3501	-0.6903	0.7740	-1.1014
0.3473	-0.6917	0.7740	-1.1055
0.3435	-0.6914	0.7720	-1.1096
0.3407	-0.6927	0.7720	-1.1137
0.3377	-0.6942	0.7720	-1.1181
0.3349	-0.6956	0.7720	-1.1221
0.3320	-0.6970	0.7720	-1.1262
0.3283	-0.6965	0.7700	-1.1304
0.3253	-0.6979	0.7700	-1.1347
0.3232	-0.7011	0.7720	-1.1388
0.3195	-0.7006	0.7700	-1.1429
0.3167	-0.7019	0.7700	-1.1469
0.3138	-0.7032	0.7700	-1.1511
0.3108	-0.7045	0.7700	-1.1554
0.3078	-0.7058	0.7700	-1.1595
0.3049	-0.7070	0.7700	-1.1636
0.3021	-0.7083	0.7700	-1.1676
0.2990	-0.7096	0.7700	-1.1721
0.2960	-0.7108	0.7700	-1.1762
0.2932	-0.7120	0.7700	-1.1802
0.2887	-0.7117	0.7680	-1.1854
0.2858	-0.7128	0.7680	-1.1895
0.2828	-0.7140	0.7680	-1.1936
0.2802	-0.7151	0.7680	-1.1974
0.2774	-0.7161	0.7680	-1.2012
0.2745	-0.7173	0.7680	-1.2053
0.2717	-0.7183	0.7680	-1.2092
0.2688	-0.7194	0.7680	-1.2132
0.2661	-0.7204	0.7680	-1.2170
0.2631	-0.7215	0.7680	-1.2211
0.2603	-0.7225	0.7680	-1.2250
0.2574	-0.7236	0.7680	-1.2290
0.2546	-0.7246	0.7680	-1.2328
0.2519	-0.7255	0.7680	-1.2367
0.2489	-0.7266	0.7680	-1.2408
0.2461	-0.7275	0.7680	-1.2446
0.2431	-0.7285	0.7680	-1.2487
0.2403	-0.7294	0.7680	-1.2525
0.2373	-0.7304	0.7680	-1.2566
0.2345	-0.7313	0.7680	-1.2605
0.2316	-0.7323	0.7680	-1.2645
0.2302	-0.7348	0.7700	-1.2673
0.2272	-0.7357	0.7700	-1.2713
0.2249	-0.7385	0.7720	-1.2751
0.2225	-0.7413	0.7740	-1.2792
0.2196	-0.7422	0.7740	-1.2831
0.2166	-0.7431	0.7740	-1.2871
0.2132	-0.7420	0.7720	-1.2909
0.2102	-0.7428	0.7720	-1.2951
0.2068	-0.7417	0.7700	-1.2989
0.2021	-0.7389	0.7660	-1.3038
0.1986	-0.7377	0.7640	-1.3078
0.1968	-0.7424	0.7680	-1.3116
0.1950	-0.7449	0.7700	-1.3147
0.1922	-0.7456	0.7700	-1.3185
0.1892	-0.7464	0.7700	-1.3226
0.1868	-0.7491	0.7720	-1.3264
0.1837	-0.7498	0.7720	-1.3305
0.1809	-0.7505	0.7720	-1.3343
0.1778	-0.7512	0.7720	-1.3384
0.1754	-0.7539	0.7740	-1.3422
0.1725	-0.7545	0.7740	-1.3461
0.1694	-0.7552	0.7740	-1.3501
0.1665	-0.7559	0.7740	-1.3539
0.1634	-0.7566	0.7740	-1.3581
0.1609	-0.7591	0.7760	-1.3619
0.1579	-0.7598	0.7760	-1.3659
0.1550	-0.7604	0.7760	-1.3697
0.1518	-0.7610	0.7760	-1.3739
0.1489	-0.7616	0.7760	-1.3777
0.1464	-0.7641	0.7780	-1.3814
0.1433	-0.7647	0.7780	-1.3856
0.1404	-0.7652	0.7780	-1.3894
0.1375	-0.7678	0.7800	-1.3935
0.1347	-0.7683	0.7800	-1.3973
0.1315	-0.7688	0.7800	-1.4014
0.1289	-0.7713	0.7820	-1.4052
0.1257	-0.7718	0.7820	-1.4093
0.1228	-0.7723	0.7820	-1.4131
0.1199	-0.7728	0.7820	-1.4169
0.1167	-0.7732	0.7820	-1.4210
0.1140	-0.7757	0.7840	-1.4249
0.1109	-0.7761	0.7840	-1.4289
0.1082	-0.7785	0.7860	-1.4327
0.1050	-0.7790	0.7860	-1.4369
0.1022	-0.7813	0.7880	-1.4407
0.0991	-0.7817	0.7880	-1.4447
0.0961	-0.7821	0.7880	-1.4486
0.0931	-0.7845	0.7900	-1.4527
0.0901	-0.7848	0.7900	-1.4565
0.0871	-0.7852	0.7900	-1.4603
0.0841	-0.7875	0.7920	-1.4644
0.0811	-0.7878	0.7920	-1.4682
0.0790	-0.7901	0.7940	-1.4712
0.0757	-0.7904	0.7940	-1.4753
0.0727	-0.7907	0.7940	-1.4791
0.0697	-0.7929	0.7960	-1.4832
0.0668	-0.7952	0.7980	-1.4870
0.0637	-0.7955	0.7980	-1.4908
0.0606	-0.7977	0.8000	-1.4950
0.0576	-0.7979	0.8000	-1.4988
0.0543	-0.7982	0.8000	-1.5028
0.0513	-0.7984	0.8000	-1.5067
0.0481	-0.8006	0.8020	-1.5108
0.0450	-0.8007	0.8020	-1.5146
0.0419	-0.8029	0.8040	-1.5186
0.0388	-0.8031	0.8040	-1.5225
0.0358	-0.8052	0.8060	-1.5263
0.0325	-0.8053	0.8060	-1.5304
0.0296	-0.8075	0.8080	-1.5342
0.0263	-0.8076	0.8080	-1.5383
0.0232	-0.8097	0.8100	-1.5421
0.0199	-0.8098	0.8100	-1.5463
0.0169	-0.8118	0.8120	-1.5500
0.0136	-0.8139	0.8140	-1.5541
0.0105	-0.8139	0.8140	-1.5579
0.0074	-0.8160	0.8160	-1.5618
0.0041	-0.8160	0.8160	-1.5658
0.0007	-0.8180	0.8180	-1.5699
-0.0027	-0.8180	0.8180	-1.5741
-0.0051	-0.8200	0.8200	-1.5770
-0.0083	-0.8200	0.8200	-1.5809
-0.0116	-0.8219	0.8220	-1.5849
-0.0150	-0.8239	0.8240	-1.5890
-0.0185	-0.8258	0.8260	-1.5931
-0.0218	-0.8257	0.8260	-1.5972
-0.0249	-0.8256	0.8260	-1.6010
-0.0284	-0.8275	0.8280	-1.6051
-0.0319	-0.8294	0.8300	-1.6092
-0.0352	-0.8293	0.8300	-1.6133
-0.0385	-0.8311	0.8320	-1.6171
-0.0420	-0.8329	0.8340	-1.6212
-0.0455	-0.8348	0.8360	-1.6253
-0.0489	-0.8346	0.8360	-1.6294
-0.0523	-0.8364	0.8380	-1.6332
-0.0558	-0.8381	0.8400	-1.6373
-0.0592	-0.8379	0.8400	-1.6414
-0.0628	-0.8397	0.8420	-1.6455
-0.0664	-0.8414	0.8440	-1.6496
-0.0696	-0.8411	0.8440	-1.6533
-0.0728	-0.8449	0.8480	-1.6567
-0.0761	-0.8466	0.8500	-1.6604
-0.0796	-0.8463	0.8500	-1.6646
-0.0831	-0.8459	0.8500	-1.6687
-0.0867	-0.8476	0.8520	-1.6727
-0.0901	-0.8492	0.8540	-1.6765
-0.0939	-0.8508	0.8560	-1.6807
-0.0977	-0.8544	0.8600	-1.6847
-0.1015	-0.8560	0.8620	-1.6888
-0.1050	-0.8576	0.8640	-1.6927
-0.1088	-0.8591	0.8660	-1.6968
-0.1128	-0.8627	0.8700	-1.7008
-0.1166	-0.8642	0.8720	-1.7049
-0.1193	-0.8577	0.8660	-1.7090
-0.1228	-0.8593	0.8680	-1.7128
-0.1267	-0.8607	0.8700	-1.7169
-0.1302	-0.8602	0.8700	-1.7210
-0.1340	-0.8616	0.8720	-1.7251
-0.1376	-0.8631	0.8740	-1.7289
-0.1412	-0.8625	0.8740	-1.7330
-0.1454	-0.8659	0.8780	-1.7371
-0.1483	-0.8674	0.8800	-1.7401
-0.1522	-0.8688	0.8820	-1.7442
-0.1561	-0.8701	0.8840	-1.7483
-0.1601	-0.8734	0.8880	-1.7521
-0.1641	-0.8747	0.8900	-1.7562
-0.1680	-0.8760	0.8920	-1.7602
-0.1720	-0.8773	0.8940	-1.7644
-0.1760	-0.8785	0.8960	-1.7685
-0.1797	-0.8798	0.8980	-1.7723
-0.1837	-0.8811	0.9000	-1.7763
-0.1877	-0.8822	0.9020	-1.7805
-0.1918	-0.8834	0.9040	-1.7846
-0.1960	-0.8866	0.9080	-1.7883
-0.2001	-0.8877	0.9100	-1.7925
-0.2031	-0.8891	0.9120	-1.7954
-0.2073	-0.8902	0.9140	-1.7996
-0.2114	-0.8913	0.9160	-1.8037
-0.2154	-0.8924	0.9180	-1.8077
-0.2198	-0.8954	0.9220	-1.8115
-0.2240	-0.8964	0.9240	-1.8157
-0.2281	-0.8975	0.9260	-1.8197
-0.2323	-0.8985	0.9280	-1.8238
-0.2368	-0.9014	0.9320	-1.8276
-0.2410	-0.9024	0.9340	-1.8318
-0.2451	-0.9033	0.9360	-1.8358
-0.2494	-0.9042	0.9380	-1.8399
-0.2542	-0.9071	0.9420	-1.8440
-0.2580	-0.9101	0.9460	-1.8470
-0.2623	-0.9110	0.9480	-1.8511
-0.2663	-0.9119	0.9500	-1.8549
-0.2706	-0.9127	0.9520	-1.8590
-0.2755	-0.9154	0.9560	-1.8631
-0.2803	-0.9182	0.9600	-1.8671
-0.2845	-0.9190	0.9620	-1.8710
-0.2894	-0.9216	0.9660	-1.8751
-0.2938	-0.9223	0.9680	-1.8792
-0.2988	-0.9249	0.9720	-1.8832
-0.3030	-0.9257	0.9740	-1.8871
-0.3074	-0.9263	0.9760	-1.8912
-0.3130	-0.9308	0.9820	-1.8952
-0.3172	-0.9336	0.9860	-1.8983
-0.3222	-0.9361	0.9900	-1.9023
-0.3268	-0.9366	0.9920	-1.9065
-0.3299	-0.9334	0.9900	-1.9106
-0.3349	-0.9359	0.9940	-1.9144
-0.9359	-0.0115	0.9360	-3.1293
-0.9380	-0.0080	0.9380	-3.1331
-0.9380	-0.0041	0.9380	-3.1372
-0.5749	-0.0594	0.5780	-3.0387
-0.7623	-0.0755	0.7660	-3.0428
-0.7566	-0.0719	0.7600	-3.0469
-0.7529	-0.0686	0.7560	-3.0507
-0.7492	-0.0654	0.7520	-3.0545
-0.7474	-0.0621	0.7500	-3.0587
-0.7437	-0.0589	0.7460	-3.0625
-0.7420	-0.0552	0.7440	-3.0674
-0.7382	-0.0520	0.7400	-3.0712
-0.7344	-0.0490	0.7360	-3.0750
-0.7326	-0.0459	0.7340	-3.0791
-0.7287	-0.0428	0.7300	-3.0829
-0.7269	-0.0399	0.7280	-3.0868
-0.7231	-0.0368	0.7240	-3.0908
-0.7212	-0.0331	0.7220	-3.0958
-0.7174	-0.0302	0.7180	-3.0995
-0.7155	-0.0274	0.7160	-3.1033
-0.7116	-0.0245	0.7120	-3.1072
-0.7097	-0.0215	0.7100	-3.1113
-0.7058	-0.0187	0.7060	-3.1151
-0.7038	-0.0160	0.7040	-3.1189
-0.7019	-0.0125	0.7020	-3.1239
-0.6999	-0.0096	0.7000	-3.1279
-0.6960	-0.0069	0.6960	-3.1317
-0.6940	-0.0042	0.6940	-3.1356
-0.6900	-0.0015	0.6900	-3.1394
-0.5607	-0.0386	0.5620	-3.0729
-0.5628	-0.0366	0.5640	-3.0767
-0.5610	-0.0342	0.5620	-3.0807
-0.5611	-0.0320	0.5620	-3.0845
-0.5612	-0.0299	0.5620	-3.0884
-0.5633	-0.0277	0.5640	-3.0925
-0.5634	-0.0256	0.5640	-3.0962
-0.5635	-0.0232	0.5640	-3.1004
-0.5636	-0.0211	0.5640	-3.1042
-0.5637	-0.0189	0.5640	-3.1080
-0.5658	-0.0167	0.5660	-3.1121
-0.5658	-0.0145	0.5660	-3.1159
-0.5659	-0.0124	0.5660	-3.1197
-0.5679	-0.0101	0.5680	-3.1239
-0.5679	-0.0080	0.5680	-3.1276
-0.5680	-0.0056	0.5680	-3.1317
-0.5680	-0.0034	0.5680	-3.1356
-0.5700	-0.0013	0.5700	-3.1394
