x	y	r	phi
-0.9921	0.0875	0.9960	3.0536
-0.9818	0.0907	0.9860	3.0495
-0.9714	0.0948	0.9760	3.0443
-0.9610	0.0978	0.9660	3.0402
-0.9507	0.1006	0.9560	3.0361
-0.9423	0.1037	0.9480	3.0320
-0.9298	0.1072	0.9360	3.0268
-0.9214	0.1101	0.9280	3.0227
-0.9131	0.1128	0.9200	3.0187
-0.9025	0.1162	0.9100	3.0135
-0.8941	0.1189	0.9020	3.0094
-0.8857	0.1215	0.8940	3.0053
-0.8773	0.1240	0.8860	3.0012
-0.8687	0.1273	0.8780	2.9961
-0.8603	0.1297	0.8700	2.9919
-0.8538	0.1323	0.8640	2.9878
-0.8454	0.1345	0.8560	2.9838
-0.8369	0.1367	0.8480	2.9797
-0.8283	0.1397	0.8400	2.9745
-0.8218	0.1421	0.8340	2.9704
-0.8133	0.1440	0.8260	2.9663
-0.8068	0.1463	0.8200	2.9622
-0.8002	0.1491	0.8140	2.9573
-0.7917	0.1512	0.8060	2.9529
-0.7832	0.1529	0.7980	2.9488
-0.7766	0.1556	0.7920	2.9439
-0.7720	0.1579	0.7880	2.9399
-0.7655	0.1598	0.7820	2.9358
-0.7589	0.1620	0.7760	2.9313
-0.7524	0.1637	0.7700	2.9273
-0.7457	0.1661	0.7640	2.9224
-0.7392	0.1679	0.7580	2.9183
-0.7326	0.1695	0.7520	2.9142
-0.7280	0.1718	0.7480	2.9099
-0.7213	0.1739	0.7420	2.9050
-0.7148	0.1755	0.7360	2.9009
-0.7102	0.1775	0.7320	2.8967
-0.7036	0.1788	0.7260	2.8927
-0.6988	0.1815	0.7220	2.8874
-0.6923	0.1828	0.7160	2.8834
-0.6876	0.1846	0.7120	2.8793
-0.6811	0.1859	0.7060	2.8752
-0.6763	0.1883	0.7020	2.8700
-0.6717	0.1900	0.6980	2.8660
-0.6651	0.1911	0.6920	2.8618
-0.6605	0.1927	0.6880	2.8577
-0.6537	0.1944	0.6820	2.8525
-0.6491	0.1959	0.6780	2.8485
-0.6445	0.1974	0.6740	2.8444
-0.6398	0.1989	0.6700	2.8403
-0.6352	0.2002	0.6660	2.8362
-0.6303	0.2023	0.6620	2.8311
-0.6257	0.2036	0.6580	2.8269
-0.6211	0.2050	0.6540	2.8228
-0.6164	0.2062	0.6500	2.8188
-0.6116	0.2081	0.6460	2.8136
-0.6069	0.2093	0.6420	2.8095
-0.6023	0.2105	0.6380	2.8054
-0.5977	0.2116	0.6340	2.8013
-0.5949	0.2134	0.6320	2.7972
-0.5900	0.2151	0.6280	2.7920
-0.5854	0.2161	0.6240	2.7879
-0.5808	0.2171	0.6200	2.7839
-0.5761	0.2181	0.6160	2.7798
-0.5731	0.2203	0.6140	2.7746
-0.5685	0.2212	0.6100	2.7705
-0.5639	0.2220	0.6060	2.7664
-0.5592	0.2229	0.6020	2.7623
-0.5564	0.2244	0.6000	2.7582
-0.5534	0.2266	0.5980	2.7530
-0.5506	0.2281	0.5960	2.7489
-0.5460	0.2287	0.5920	2.7449
-0.5414	0.2294	0.5880	2.7407
-0.5365	0.2307	0.5840	2.7356
-0.5337	0.2321	0.5820	2.7314
-0.5291	0.2326	0.5780	2.7274
-0.5263	0.2340	0.5760	2.7233
-0.5217	0.2345	0.5720	2.7192
-0.5187	0.2362	0.5700	2.7143
-0.5142	0.2366	0.5660	2.7103
-0.5114	0.2378	0.5640	2.7064
-0.5086	0.2390	0.5620	2.7023
-0.5039	0.2398	0.5580	2.6974
-0.5011	0.2410	0.5560	2.6933
-0.4983	0.2421	0.5540	2.6893
-0.4937	0.2424	0.5500	2.6851
-0.4910	0.2434	0.5480	2.6813
-0.4879	0.2451	0.5460	2.6761
-0.4834	0.2451	0.5420	2.6723
-0.4806	0.2462	0.5400	2.6683
-0.4778	0.2472	0.5380	2.6641
-0.4750	0.2483	0.5360	2.6600
-0.4721	0.2496	0.5340	2.6551
-0.4693	0.2506	0.5320	2.6510
-0.4648	0.2505	0.5280	2.6473
-0.4620	0.2515	0.5260	2.6431
-0.4592	0.2524	0.5240	2.6390
-0.4562	0.2537	0.5220	2.6341
-0.4534	0.2546	0.5200	2.6300
-0.4507	0.2554	0.5180	2.6260
-0.4462	0.2551	0.5140	2.6221
-0.4451	0.2570	0.5140	2.6180
-0.4422	0.2582	0.5120	2.6131
-0.4394	0.2590	0.5100	2.6090
-0.4357	0.2592	0.5070	2.6050
-0.4330	0.2600	0.5050	2.6009
-0.4302	0.2606	0.5030	2.5970
-0.4272	0.2618	0.5010	2.5919
-0.4245	0.2623	0.4990	2.5880
-0.4217	0.2630	0.4970	2.5840
-0.4189	0.2637	0.4950	2.5799
-0.4170	0.2648	0.4940	2.5757
-0.4143	0.2654	0.4920	2.5719
-0.4112	0.2664	0.4900	2.5667
-0.4094	0.2674	0.4890	2.5630
-0.4066	0.2680	0.4870	2.5589
-0.4039	0.2686	0.4850	2.5547
-0.4011	0.2691	0.4830	2.5507
-0.3981	0.2699	0.4810	2.5457
-0.3962	0.2710	0.4800	2.5417
-0.3952	0.2725	0.4800	2.5379
-0.3924	0.2730	0.4780	2.5338
-0.3861	0.2714	0.4720	2.5289
-0.3834	0.2719	0.4700	2.5247
-0.3823	0.2734	0.4700	2.5207
-0.3812	0.2749	0.4700	2.5169
-0.3785	0.2753	0.4680	2.5128
-0.3766	0.2762	0.4670	2.5087
-0.3738	0.2766	0.4650	2.5046
-0.3719	0.2774	0.4640	2.5008
-0.3697	0.2787	0.4630	2.4956
-0.3670	0.2789	0.4610	2.4918
-0.3643	0.2792	0.4590	2.4877
-0.3624	0.2801	0.4580	2.4836
-0.3596	0.2803	0.4560	2.4795
-0.3575	0.2815	0.4550	2.4746
-0.3555	0.2823	0.4540	2.4705
-0.3537	0.2831	0.4530	2.4666
-0.3510	0.2832	0.4510	2.4626
-0.3490	0.2840	0.4500	2.4585
-0.3471	0.2848	0.4490	2.4544
-0.3441	0.2853	0.4470	2.4495
-0.3422	0.2860	0.4460	2.4455
-0.3396	0.2860	0.4440	2.4416
-0.3377	0.2868	0.4430	2.4375
-0.3357	0.2875	0.4420	2.4334
-0.3338	0.2882	0.4410	2.4293
-0.3319	0.2888	0.4400	2.4255
-0.3297	0.2899	0.4390	2.4203
-0.3278	0.2905	0.4380	2.4165
-0.3259	0.2912	0.4370	2.4124
-0.3240	0.2918	0.4360	2.4083
-0.3221	0.2924	0.4350	2.4045
-0.3201	0.2930	0.4340	2.4004
-0.3182	0.2936	0.4330	2.3964
-0.3163	0.2943	0.4320	2.3922
-0.3141	0.2951	0.4310	2.3874
-0.3122	0.2957	0.4300	2.3832
-0.3103	0.2962	0.4290	2.3794
-0.3091	0.2975	0.4290	2.3754
-0.3064	0.2974	0.4270	2.3712
-0.3038	0.2972	0.4250	2.3671
-0.3009	0.2973	0.4230	2.3622
-0.2997	0.2985	0.4230	2.3581
-0.2979	0.2989	0.4220	2.3544
-0.2952	0.2987	0.4200	2.3503
-0.2933	0.2992	0.4190	2.3461
-0.2921	0.3004	0.4190	2.3421
-0.2909	0.3015	0.4190	2.3383
-0.2890	0.3020	0.4180	2.3341
-0.2870	0.3025	0.4170	2.3300
-0.2849	0.3032	0.4160	2.3251
-0.2830	0.3036	0.4150	2.3211
-0.2804	0.3032	0.4130	2.3173
-0.2778	0.3029	0.4110	2.3131
-0.2750	0.3027	0.4090	2.3083
-0.2739	0.3038	0.4090	2.3044
-0.2726	0.3049	0.4090	2.3003
-0.2715	0.3059	0.4090	2.2966
-0.2702	0.3070	0.4090	2.2924
-0.2684	0.3073	0.4080	2.2886
-0.2664	0.3077	0.4070	2.2845
-0.2646	0.3079	0.4060	2.2807
-0.2627	0.3082	0.4050	2.2766
-0.2615	0.3092	0.4050	2.2728
-0.2596	0.3096	0.4040	2.2687
-0.2574	0.3100	0.4030	2.2638
-0.2563	0.3110	0.4030	2.2599
-0.2550	0.3121	0.4030	2.2559
-0.2532	0.3123	0.4020	2.2521
-0.2513	0.3125	0.4010	2.2480
-0.2501	0.3135	0.4010	2.2441
-0.2482	0.3137	0.4000	2.2401
-0.2464	0.3139	0.3990	2.2363
-0.2451	0.3149	0.3990	2.2321
-0.2432	0.3150	0.3980	2.2283
-0.2420	0.3160	0.3980	2.2243
-0.2401	0.3161	0.3970	2.2204
-0.2388	0.3171	0.3970	2.2163
-0.2367	0.3175	0.3960	2.2114
-0.2355	0.3184	0.3960	2.2076
-0.2336	0.3185	0.3950	2.2036
-0.2318	0.3186	0.3940	2.1997
-0.2299	0.3188	0.3930	2.1956
-0.2287	0.3196	0.3930	2.1918
-0.2268	0.3197	0.3920	2.1877
-0.2250	0.3198	0.3910	2.1839
-0.2237	0.3207	0.3910	2.1798
-0.2215	0.3210	0.3900	2.1749
-0.2203	0.3218	0.3900	2.1711
-0.2184	0.3219	0.3890	2.1669
-0.2172	0.3227	0.3890	2.1632
-0.2159	0.3236	0.3890	2.1591
-0.2141	0.3236	0.3880	2.1552
-0.2127	0.3245	0.3880	2.1511
-0.2110	0.3244	0.3870	2.1474
-0.2091	0.3245	0.3860	2.1433
-0.2079	0.3253	0.3860	2.1394
-0.2060	0.3253	0.3850	2.1353
-0.2048	0.3260	0.3850	2.1316
-0.2034	0.3269	0.3850	2.1274
-0.2013	0.3270	0.3840	2.1226
-0.2000	0.3278	0.3840	2.1187
-0.1982	0.3278	0.3830	2.1146
-0.1969	0.3285	0.3830	2.1108
-0.1951	0.3284	0.3820	2.1067
-0.1938	0.3292	0.3820	2.1029
-0.1924	0.3300	0.3820	2.0988
-0.1907	0.3298	0.3810	2.0950
-0.1893	0.3306	0.3810	2.0909
-0.1881	0.3313	0.3810	2.0871
-0.1862	0.3312	0.3800	2.0830
-0.1850	0.3319	0.3800	2.0792
-0.1831	0.3318	0.3790	2.0751
-0.1819	0.3325	0.3790	2.0713
-0.1805	0.3333	0.3790	2.0671
-0.1792	0.3339	0.3790	2.0634
-0.1779	0.3347	0.3790	2.0593
-0.1758	0.3347	0.3780	2.0544
-0.1745	0.3353	0.3780	2.0505
-0.1731	0.3360	0.3780	2.0464
-0.1713	0.3358	0.3770	2.0426
-0.1700	0.3365	0.3770	2.0386
-0.1687	0.3372	0.3770	2.0347
-0.1673	0.3378	0.3770	2.0306
-0.1656	0.3376	0.3760	2.0268
-0.1642	0.3382	0.3760	2.0227
-0.1629	0.3389	0.3760	2.0189
-0.1615	0.3395	0.3760	2.0148
-0.1602	0.3402	0.3760	2.0110
-0.1584	0.3399	0.3750	2.0069
-0.1571	0.3405	0.3750	2.0031
-0.1553	0.3402	0.3740	1.9990
-0.1536	0.3399	0.3730	1.9951
-0.1515	0.3398	0.3720	1.9902
-0.1501	0.3404	0.3720	1.9862
-0.1488	0.3409	0.3720	1.9824
-0.1474	0.3415	0.3720	1.9783
-0.1461	0.3421	0.3720	1.9744
-0.1455	0.3435	0.3730	1.9715
-0.1442	0.3440	0.3730	1.9676
-0.1427	0.3446	0.3730	1.9635
-0.1415	0.3451	0.3730	1.9598
-0.1400	0.3457	0.3730	1.9556
-0.1387	0.3463	0.3730	1.9518
-0.1373	0.3468	0.3730	1.9478
-0.1360	0.3473	0.3730	1.9439
-0.1339	0.3471	0.3720	1.9390
-0.1325	0.3476	0.3720	1.9349
-0.1307	0.3472	0.3710	1.9308
-0.1293	0.3478	0.3710	1.9267
-0.1279	0.3483	0.3710	1.9227
-0.1264	0.3488	0.3710	1.9185
-0.1250	0.3493	0.3710	1.9144
-0.1236	0.3498	0.3710	1.9104
-0.1221	0.3503	0.3710	1.9063
-0.1207	0.3508	0.3710	1.9021
-0.1190	0.3504	0.3700	1.8981
-0.1175	0.3508	0.3700	1.8940
-0.1161	0.3513	0.3700	1.8899
-0.1150	0.3527	0.3710	1.8858
-0.1132	0.3523	0.3700	1.8817
-0.1117	0.3527	0.3700	1.8776
-0.1106	0.3541	0.3710	1.8736
-0.1092	0.3546	0.3710	1.8694
-0.1077	0.3550	0.3710	1.8653
-0.1063	0.3555	0.3710	1.8613
-0.1045	0.3549	0.3700	1.8572
-0.1033	0.3563	0.3710	1.8530
-0.1019	0.3567	0.3710	1.8490
-0.1004	0.3571	0.3710	1.8449
-0.0990	0.3576	0.3710	1.8408
-0.0978	0.3589	0.3720	1.8368
-0.0963	0.3593	0.3720	1.8326
-0.0948	0.3597	0.3720	1.8285
-0.0934	0.3601	0.3720	1.8245
-0.0919	0.3605	0.3720	1.8204
-0.0913	0.3627	0.3740	1.8174
-0.0900	0.3640	0.3750	1.8133
-0.0883	0.3634	0.3740	1.8092
-0.0860	0.3619	0.3720	1.8040
-0.0843	0.3613	0.3710	1.7999
-0.0830	0.3626	0.3720	1.7958
-0.0815	0.3630	0.3720	1.7917
-0.0800	0.3633	0.3720	1.7877
-0.0785	0.3636	0.3720	1.7835
-0.0766	0.3620	0.3700	1.7794
-0.0750	0.3613	0.3690	1.7754
-0.0737	0.3626	0.3700	1.7713
-0.0724	0.3639	0.3710	1.7671
-0.0711	0.3651	0.3720	1.7631
-0.0696	0.3654	0.3720	1.7590
-0.0681	0.3657	0.3720	1.7549
-0.0666	0.3660	0.3720	1.7508
-0.0652	0.3662	0.3720	1.7470
-0.0642	0.3674	0.3730	1.7438
-0.0627	0.3677	0.3730	1.7396
-0.0612	0.3679	0.3730	1.7356
-0.0597	0.3682	0.3730	1.7315
-0.0583	0.3694	0.3740	1.7274
-0.0568	0.3697	0.3740	1.7233
-0.0553	0.3699	0.3740	1.7192
-0.0538	0.3701	0.3740	1.7151
-0.0524	0.3713	0.3750	1.7111
-0.0510	0.3725	0.3760	1.7069
-0.0498	0.3747	0.3780	1.7028
-0.0482	0.3749	0.3780	1.6988
-0.0465	0.3731	0.3760	1.6947
-0.0447	0.3713	0.3740	1.6905
-0.0433	0.3725	0.3750	1.6865
-0.0419	0.3737	0.3760	1.6824
-0.0404	0.3748	0.3770	1.6783
-0.0389	0.3750	0.3770	1.6742
-0.0374	0.3751	0.3770	1.6701
-0.0358	0.3753	0.3770	1.6660
-0.0344	0.3764	0.3780	1.6620
-0.0329	0.3766	0.3780	1.6578
-0.0313	0.3767	0.3780	1.6537
-0.0303	0.3778	0.3790	1.6508
-0.0287	0.3779	0.3790	1.6466
-0.0272	0.3780	0.3790	1.6426
-0.0257	0.3791	0.3800	1.6385
-0.0241	0.3792	0.3800	1.6344
-0.0227	0.3803	0.3810	1.6303
-0.0211	0.3804	0.3810	1.6262
-0.0195	0.3805	0.3810	1.6221
-0.0180	0.3816	0.3820	1.6181
-0.0165	0.3816	0.3820	1.6139
-0.0149	0.3827	0.3830	1.6098
-0.0134	0.3828	0.3830	1.6058
-0.0118	0.3828	0.3830	1.6017
-0.0103	0.3839	0.3840	1.5975
-0.0087	0.3839	0.3840	1.5935
-0.0076	0.3849	0.3850	1.5905
-0.0060	0.3850	0.3850	1.5864
-0.0044	0.3850	0.3850	1.5823
-0.0028	0.3850	0.3850	1.5782
-0.0013	0.3860	0.3860	1.5742
0.0003	0.3860	0.3860	1.5700
0.0019	0.3870	0.3870	1.5659
0.0035	0.3870	0.3870	1.5619
0.0051	0.3880	0.3880	1.5578
0.0067	0.3879	0.3880	1.5536
0.0082	0.3889	0.3890	1.5496
0.0098	0.3889	0.3890	1.5455
0.0115	0.3898	0.3900	1.5414
0.0130	0.3898	0.3900	1.5373
0.0143	0.3907	0.3910	1.5343
0.0159	0.3907	0.3910	1.5302
0.0174	0.3916	0.3920	1.5264
0.0190	0.3915	0.3920	1.5223
0.0206	0.3925	0.3930	1.5183
0.0223	0.3924	0.3930	1.5141
0.0238	0.3933	0.3940	1.5103
0.0254	0.3932	0.3940	1.5062
0.0271	0.3941	0.3950	1.5022
0.0288	0.3950	0.3960	1.4980
0.0303	0.3948	0.3960	1.4942
0.0317	0.3957	0.3970	1.4909
0.0332	0.3956	0.3970	1.4871
0.0349	0.3965	0.3980	1.4831
0.0365	0.3963	0.3980	1.4789
0.0382	0.3972	0.3990	1.4748
0.0399	0.3980	0.4000	1.4710
0.0415	0.3978	0.4000	1.4670
0.0432	0.3987	0.4010	1.4628
0.0450	0.3995	0.4020	1.4587
0.0465	0.3993	0.4020	1.4550
0.0482	0.4001	0.4030	1.4509
0.0495	0.4010	0.4040	1.4479
0.0512	0.4007	0.4040	1.4438
0.0530	0.4015	0.4050	1.4396
0.0547	0.4023	0.4060	1.4356
0.0563	0.4021	0.4060	1.4318
0.0581	0.4028	0.4070	1.4277
0.0599	0.4036	0.4080	1.4235
0.0616	0.4043	0.4090	1.4195
0.0632	0.4041	0.4090	1.4157
0.0645	0.4049	0.4100	1.4127
0.0664	0.4056	0.4110	1.4086
0.0682	0.4063	0.4120	1.4045
0.0700	0.4070	0.4130	1.4004
0.0716	0.4067	0.4130	1.3966
0.0734	0.4074	0.4140	1.3925
0.0753	0.4081	0.4150	1.3884
0.0771	0.4088	0.4160	1.3843
0.0785	0.4095	0.4170	1.3813
0.0804	0.4102	0.4180	1.3772
0.0820	0.4099	0.4180	1.3734
0.0839	0.4105	0.4190	1.3693
0.0857	0.4112	0.4200	1.3652
0.0876	0.4118	0.4210	1.3611
0.0894	0.4124	0.4220	1.3573
0.0913	0.4130	0.4230	1.3533
0.0928	0.4137	0.4240	1.3502
0.0947	0.4143	0.4250	1.3462
0.0966	0.4149	0.4260	1.3420
0.0984	0.4155	0.4270	1.3382
0.1003	0.4161	0.4280	1.3342
0.1023	0.4166	0.4290	1.3301
0.1042	0.4172	0.4300	1.3259
0.1061	0.4177	0.4310	1.3221
0.1077	0.4184	0.4320	1.3188
0.1098	0.4199	0.4340	1.3150
0.1120	0.4214	0.4360	1.3110
0.1140	0.4219	0.4370	1.3069
0.1155	0.4204	0.4360	1.3027
0.1168	0.4190	0.4350	1.2990
0.1185	0.4185	0.4350	1.2949
0.1208	0.4200	0.4370	1.2907
0.1229	0.4225	0.4400	1.2878
0.1249	0.4229	0.4410	1.2837
0.1269	0.4234	0.4420	1.2796
0.1291	0.4248	0.4440	1.2758
0.1311	0.4252	0.4450	1.2717
0.1332	0.4256	0.4460	1.2675
0.1351	0.4272	0.4480	1.2646
0.1371	0.4276	0.4490	1.2605
0.1390	0.4280	0.4500	1.2567
0.1411	0.4284	0.4510	1.2526
0.1432	0.4287	0.4520	1.2485
0.1455	0.4300	0.4540	1.2444
0.1475	0.4304	0.4550	1.2406
0.1496	0.4318	0.4570	1.2373
0.1516	0.4322	0.4580	1.2335
0.1537	0.4325	0.4590	1.2294
0.1561	0.4338	0.4610	1.2254
0.1582	0.4341	0.4620	1.2212
0.1602	0.4344	0.4630	1.2174
0.1620	0.4348	0.4640	1.2141
0.1644	0.4360	0.4660	1.2103
0.1665	0.4363	0.4670	1.2062
0.1690	0.4375	0.4690	1.2022
0.1712	0.4377	0.4700	1.1980
0.1732	0.4380	0.4710	1.1942
0.1753	0.4393	0.4730	1.1912
0.1774	0.4395	0.4740	1.1871
0.1800	0.4407	0.4760	1.1831
0.1822	0.4408	0.4770	1.1790
0.1846	0.4420	0.4790	1.1751
0.1868	0.4422	0.4800	1.1711
0.1894	0.4432	0.4820	1.1670
0.1914	0.4445	0.4840	1.1642
0.1936	0.4447	0.4850	1.1602
0.1961	0.4458	0.4870	1.1563
0.1984	0.4459	0.4880	1.1522
0.2009	0.4469	0.4900	1.1484
0.2030	0.4482	0.4920	1.1454
0.2052	0.4483	0.4930	1.1416
0.2078	0.4493	0.4950	1.1375
0.2104	0.4503	0.4970	1.1337
0.2127	0.4503	0.4980	1.1296
0.2152	0.4513	0.5000	1.1258
0.2175	0.4513	0.5010	1.1217
0.2196	0.4525	0.5030	1.1189
0.2223	0.4534	0.5050	1.1149
0.2250	0.4544	0.5070	1.1111
0.2277	0.4552	0.5090	1.1070
0.2304	0.4561	0.5110	1.1031
0.2326	0.4572	0.5130	1.1002
0.2348	0.4572	0.5140	1.0963
0.2376	0.4580	0.5160	1.0922
0.2403	0.4589	0.5180	1.0885
0.2431	0.4597	0.5200	1.0843
0.2458	0.4605	0.5220	1.0805
0.2481	0.4615	0.5240	1.0775
0.2508	0.4623	0.5260	1.0737
0.2537	0.4631	0.5280	1.0696
0.2564	0.4639	0.5300	1.0658
0.2593	0.4645	0.5320	1.0617
0.2620	0.4653	0.5340	1.0579
0.2644	0.4662	0.5360	1.0549
0.2672	0.4670	0.5380	1.0511
0.2701	0.4676	0.5400	1.0469
0.2739	0.4700	0.5440	1.0431
0.2768	0.4706	0.5460	1.0391
0.2792	0.4716	0.5480	1.0363
0.2821	0.4722	0.5500	1.0323
0.2849	0.4728	0.5520	1.0284
0.2879	0.4733	0.5540	1.0243
0.2908	0.4739	0.5560	1.0205
0.2943	0.4764	0.5600	1.0175
0.2972	0.4770	0.5620	1.0137
0.3001	0.4775	0.5640	1.0096
0.3030	0.4780	0.5660	1.0058
0.3072	0.4802	0.5700	1.0017
0.3097	0.4809	0.5720	0.9987
0.3126	0.4814	0.5740	0.9949
0.3166	0.4836	0.5780	0.9910
0.3197	0.4839	0.5800	0.9870
0.3226	0.4844	0.5820	0.9832
0.3258	0.4847	0.5840	0.9791
0.3294	0.4870	0.5880	0.9761
0.3313	0.4858	0.5880	0.9723
0.3354	0.4878	0.5920	0.9684
0.3397	0.4897	0.5960	0.9643
0.3427	0.4901	0.5980	0.9606
0.3465	0.4923	0.6020	0.9575
0.3496	0.4925	0.6040	0.9535
0.3538	0.4944	0.6080	0.9496
0.3581	0.4963	0.6120	0.9458
0.3613	0.4964	0.6140	0.9417
0.3651	0.4986	0.6180	0.9387
0.3682	0.4988	0.6200	0.9349
0.3714	0.4989	0.6220	0.9308
0.3757	0.5007	0.6260	0.9270
0.3789	0.5008	0.6280	0.9232
0.3828	0.5029	0.6320	0.9202
0.3873	0.5045	0.6360	0.9161
0.3917	0.5062	0.6400	0.9122
0.3948	0.5062	0.6420	0.9084
0.3993	0.5078	0.6460	0.9044
0.4034	0.5097	0.6500	0.9013
0.4078	0.5113	0.6540	0.8976
0.4124	0.5127	0.6580	0.8934
0.4169	0.5143	0.6620	0.8896
0.4201	0.5142	0.6640	0.8858
0.4242	0.5160	0.6680	0.8828
0.4288	0.5174	0.6720	0.8787
0.4334	0.5188	0.6760	0.8748
0.4381	0.5201	0.6800	0.8708
0.4421	0.5219	0.6840	0.8680
0.4468	0.5232	0.6880	0.8640
0.4527	0.5260	0.6940	0.8602
0.4575	0.5272	0.6980	0.8561
0.4621	0.5284	0.7020	0.8522
0.4663	0.5301	0.7060	0.8493
0.4710	0.5313	0.7100	0.8454
0.4772	0.5338	0.7160	0.8414
0.4819	0.5350	0.7200	0.8376
0.4862	0.5364	0.7240	0.8345
0.4924	0.5389	0.7300	0.8305
0.4972	0.5400	0.7340	0.8266
0.5033	0.5425	0.7400	0.8228
0.5082	0.5433	0.7440	0.8188
0.5140	0.5462	0.7500	0.8157
0.5216	0.5500	0.7580	0.8119
0.6479	0.6644	0.9280	0.7980
0.6506	0.6618	0.9280	0.7939
0.6531	0.6593	0.9280	0.7901
0.6572	0.6580	0.9300	0.7860
0.6597	0.6555	0.9300	0.7821
0.6638	0.6542	0.9320	0.7781
0.6692	0.6545	0.9360	0.7743
0.6762	0.6559	0.9420	0.7702
0.7095	0.6789	0.9820	0.7633
0.7447	0.5931	0.9520	0.6726
0.7503	0.5925	0.9560	0.6684
0.7525	0.5896	0.9560	0.6646
0.7533	0.5853	0.9540	0.6606
0.7556	0.5825	0.9540	0.6567
0.7611	0.5818	0.9580	0.6526
0.7681	0.5825	0.9640	0.6488
0.7769	0.5842	0.9720	0.6448
0.7871	0.5872	0.9820	0.6409
0.7969	0.5908	0.9920	0.6379
0.7541	0.5339	0.9240	0.6161
0.7562	0.5310	0.9240	0.6123
0.7567	0.5268	0.9220	0.6082
0.7587	0.5239	0.9220	0.6044
0.7641	0.5231	0.9260	0.6003
0.7711	0.5235	0.9320	0.5964
0.7798	0.5249	0.9400	0.5924
0.7896	0.5282	0.9500	0.5896
0.8017	0.5317	0.9620	0.5856
0.8138	0.5352	0.9740	0.5818
0.8255	0.5393	0.9860	0.5787
0.8377	0.5425	0.9980	0.5747
0.6752	-0.6796	0.9580	-0.7887
0.6725	-0.6823	0.9580	-0.7927
0.6682	-0.6837	0.9560	-0.7968
0.6639	-0.6851	0.9540	-0.8011
0.6597	-0.6864	0.9520	-0.8052
0.6568	-0.6891	0.9520	-0.8094
0.6541	-0.6917	0.9520	-0.8134
0.6496	-0.6932	0.9500	-0.8178
0.6454	-0.6944	0.9480	-0.8219
0.6413	-0.6955	0.9460	-0.8260
0.6363	-0.6973	0.9440	-0.8311
0.6321	-0.6985	0.9420	-0.8353
0.6279	-0.6996	0.9400	-0.8394
0.6250	-0.7021	0.9400	-0.8434
0.6206	-0.7033	0.9380	-0.8478
0.6151	-0.7029	0.9340	-0.8519
0.6122	-0.7054	0.9340	-0.8560
0.6080	-0.7064	0.9320	-0.8601
0.6037	-0.7075	0.9300	-0.8644
0.5994	-0.7084	0.9280	-0.8685
0.5952	-0.7093	0.9260	-0.8726
0.5924	-0.7117	0.9260	-0.8767
0.5892	-0.7143	0.9260	-0.8811
0.5837	-0.7137	0.9220	-0.8852
0.5809	-0.7160	0.9220	-0.8892
0.5767	-0.7168	0.9200	-0.8934
0.5725	-0.7177	0.9180	-0.8975
0.5681	-0.7185	0.9160	-0.9018
0.5651	-0.7209	0.9160	-0.9059
0.5622	-0.7232	0.9160	-0.9099
0.5580	-0.7239	0.9140	-0.9141
0.5536	-0.7247	0.9120	-0.9185
0.5489	-0.7258	0.9100	-0.9234
0.5457	-0.7282	0.9100	-0.9277
0.5415	-0.7288	0.9080	-0.9318
0.5385	-0.7311	0.9080	-0.9359
0.5344	-0.7316	0.9060	-0.9399
0.5300	-0.7323	0.9040	-0.9444
0.5270	-0.7345	0.9040	-0.9484
0.5228	-0.7350	0.9020	-0.9525
0.5198	-0.7372	0.9020	-0.9566
0.5168	-0.7392	0.9020	-0.9607
0.5124	-0.7399	0.9000	-0.9651
0.5082	-0.7403	0.8980	-0.9692
0.5053	-0.7424	0.8980	-0.9732
0.5011	-0.7428	0.8960	-0.9773
0.4967	-0.7433	0.8940	-0.9817
0.4937	-0.7453	0.8940	-0.9858
0.4906	-0.7474	0.8940	-0.9899
0.4875	-0.7494	0.8940	-0.9940
0.4843	-0.7515	0.8940	-0.9983
0.4801	-0.7518	0.8920	-1.0025
0.4771	-0.7537	0.8920	-1.0065
0.4740	-0.7557	0.8920	-1.0106
0.4698	-0.7559	0.8900	-1.0147
0.4634	-0.7528	0.8840	-1.0190
0.4592	-0.7530	0.8820	-1.0232
0.4572	-0.7566	0.8840	-1.0273
0.4531	-0.7567	0.8820	-1.0313
0.4487	-0.7570	0.8800	-1.0357
0.4457	-0.7588	0.8800	-1.0398
0.4425	-0.7606	0.8800	-1.0439
0.4376	-0.7612	0.8780	-1.0491
0.4344	-0.7630	0.8780	-1.0532
0.4314	-0.7647	0.8780	-1.0572
0.4280	-0.7666	0.8780	-1.0616
0.4239	-0.7666	0.8760	-1.0657
0.4208	-0.7683	0.8760	-1.0698
0.4176	-0.7701	0.8760	-1.0739
0.4135	-0.7700	0.8740	-1.0780
0.4092	-0.7700	0.8720	-1.0823
0.4070	-0.7735	0.8740	-1.0864
0.4029	-0.7733	0.8720	-1.0905
0.3997	-0.7750	0.8720	-1.0946
0.3954	-0.7750	0.8700	-1.0990
0.3923	-0.7765	0.8700	-1.1030
0.3882	-0.7764	0.8680	-1.1072
0.3850	-0.7780	0.8680	-1.1113
0.3816	-0.7796	0.8680	-1.1156
0.3793	-0.7830	0.8700	-1.1197
0.3753	-0.7827	0.8680	-1.1237
0.3714	-0.7823	0.8660	-1.1276
0.3682	-0.7838	0.8660	-1.1317
0.3649	-0.7854	0.8660	-1.1358
0.3618	-0.7868	0.8660	-1.1398
0.3587	-0.7882	0.8660	-1.1437
0.3547	-0.7879	0.8640	-1.1478
0.3515	-0.7893	0.8640	-1.1518
0.3482	-0.7907	0.8640	-1.1560
0.3442	-0.7903	0.8620	-1.1601
0.3411	-0.7916	0.8620	-1.1639
0.3387	-0.7948	0.8640	-1.1679
0.3347	-0.7944	0.8620	-1.1721
0.3314	-0.7958	0.8620	-1.1762
0.3282	-0.7971	0.8620	-1.1802
0.3244	-0.7965	0.8600	-1.1840
0.3211	-0.7978	0.8600	-1.1882
0.3179	-0.7991	0.8600	-1.1922
0.3146	-0.8004	0.8600	-1.1963
0.3115	-0.8016	0.8600	-1.2001
0.3082	-0.8029	0.8600	-1.2043
0.3057	-0.8060	0.8620	-1.2083
0.3016	-0.8054	0.8600	-1.2124
0.2976	-0.8047	0.8580	-1.2165
0.2946	-0.8058	0.8580	-1.2203
0.2913	-0.8070	0.8580	-1.2244
0.2880	-0.8082	0.8580	-1.2285
0.2847	-0.8094	0.8580	-1.2326
0.2816	-0.8105	0.8580	-1.2364
0.2783	-0.8116	0.8580	-1.2405
0.2756	-0.8147	0.8600	-1.2446
0.2716	-0.8139	0.8580	-1.2487
0.2683	-0.8150	0.8580	-1.2528
0.2652	-0.8160	0.8580	-1.2566
0.2619	-0.8171	0.8580	-1.2606
0.2585	-0.8181	0.8580	-1.2648
0.2557	-0.8211	0.8600	-1.2689
0.2526	-0.8221	0.8600	-1.2727
0.2487	-0.8212	0.8580	-1.2768
0.2453	-0.8222	0.8580	-1.2809
0.2419	-0.8232	0.8580	-1.2850
0.2386	-0.8242	0.8580	-1.2890
0.2354	-0.8251	0.8580	-1.2929
0.2320	-0.8260	0.8580	-1.2970
0.2287	-0.8270	0.8580	-1.3010
0.2253	-0.8279	0.8580	-1.3051
0.2219	-0.8288	0.8580	-1.3093
0.2187	-0.8297	0.8580	-1.3131
0.2158	-0.8325	0.8600	-1.3171
0.2124	-0.8334	0.8600	-1.3212
0.2090	-0.8342	0.8600	-1.3254
0.2058	-0.8350	0.8600	-1.3291
0.2024	-0.8358	0.8600	-1.3332
0.1990	-0.8367	0.8600	-1.3373
0.1956	-0.8375	0.8600	-1.3414
0.1926	-0.8402	0.8620	-1.3455
0.1893	-0.8409	0.8620	-1.3493
0.1860	-0.8417	0.8620	-1.3534
0.1833	-0.8464	0.8660	-1.3575
0.1803	-0.8491	0.8680	-1.3616
0.1766	-0.8478	0.8660	-1.3654
0.1724	-0.8446	0.8620	-1.3695
0.1677	-0.8394	0.8560	-1.3736
0.1643	-0.8401	0.8560	-1.3777
0.1616	-0.8447	0.8600	-1.3817
0.1591	-0.8492	0.8640	-1.3856
0.1556	-0.8499	0.8640	-1.3897
0.1526	-0.8525	0.8660	-1.3937
0.1490	-0.8531	0.8660	-1.3978
0.1461	-0.8556	0.8680	-1.4017
0.1432	-0.8602	0.8720	-1.4058
0.1391	-0.8568	0.8680	-1.4098
0.1359	-0.8593	0.8700	-1.4139
0.1333	-0.8658	0.8760	-1.4181
0.1297	-0.8643	0.8740	-1.4218
0.1253	-0.8589	0.8680	-1.4259
0.1215	-0.8574	0.8660	-1.4301
0.1183	-0.8599	0.8680	-1.4341
0.1148	-0.8604	0.8680	-1.4382
0.1115	-0.8608	0.8680	-1.4420
0.1077	-0.8593	0.8660	-1.4462
0.1037	-0.8557	0.8620	-1.4502
0.1002	-0.8562	0.8620	-1.4543
0.0974	-0.8605	0.8660	-1.4581
0.0945	-0.8669	0.8720	-1.4622
0.0910	-0.8672	0.8720	-1.4663
0.0874	-0.8676	0.8720	-1.4704
0.0839	-0.8680	0.8720	-1.4744
0.0807	-0.8703	0.8740	-1.4783
0.0772	-0.8706	0.8740	-1.4824
0.0737	-0.8729	0.8760	-1.4865
0.0702	-0.8732	0.8760	-1.4905
0.0670	-0.8754	0.8780	-1.4944
0.0634	-0.8757	0.8780	-1.4985
0.0609	-0.8779	0.8800	-1.5015
0.0573	-0.8781	0.8800	-1.5056
0.0538	-0.8784	0.8800	-1.5096
0.0505	-0.8806	0.8820	-1.5135
0.0472	-0.8807	0.8820	-1.5173
0.0436	-0.8829	0.8840	-1.5214
0.0403	-0.8831	0.8840	-1.5252
0.0370	-0.8852	0.8860	-1.5290
0.0336	-0.8854	0.8860	-1.5328
0.0300	-0.8855	0.8860	-1.5370
0.0266	-0.8856	0.8860	-1.5408
0.0233	-0.8877	0.8880	-1.5445
0.0197	-0.8898	0.8900	-1.5486
0.0163	-0.8899	0.8900	-1.5525
0.0129	-0.8919	0.8920	-1.5563
0.0093	-0.8920	0.8920	-1.5603
0.0059	-0.8940	0.8940	-1.5642
0.0025	-0.8940	0.8940	-1.5680
-0.0012	-0.8960	0.8960	-1.5721
-0.0046	-0.8980	0.8980	-1.5760
-0.0080	-0.9000	0.9000	-1.5797
-0.0117	-0.8999	0.9000	-1.5838
-0.0152	-0.9019	0.9020	-1.5877
-0.0187	-0.9038	0.9040	-1.5915
-0.0224	-0.9037	0.9040	-1.5955
-0.0258	-0.9036	0.9040	-1.5994
-0.0294	-0.9055	0.9060	-1.6032
-0.0332	-0.9074	0.9080	-1.6073
-0.0366	-0.9073	0.9080	-1.6111
-0.0400	-0.9071	0.9080	-1.6149
-0.0430	-0.9110	0.9120	-1.6180
-0.0464	-0.9108	0.9120	-1.6217
-0.0502	-0.9106	0.9120	-1.6258
-0.0539	-0.9144	0.9160	-1.6297
-0.0575	-0.9162	0.9180	-1.6335
-0.0612	-0.9160	0.9180	-1.6375
-0.0647	-0.9157	0.9180	-1.6414
-0.0684	-0.9175	0.9200	-1.6452
-0.0725	-0.9212	0.9240	-1.6493
-0.0763	-0.9249	0.9280	-1.6532
-0.0800	-0.9266	0.9300	-1.6569
-0.0840	-0.9282	0.9320	-1.6610
-0.0873	-0.9259	0.9300	-1.6648
-0.0903	-0.9196	0.9240	-1.6687
-0.0939	-0.9212	0.9260	-1.6724
-0.0980	-0.9228	0.9280	-1.6765
-0.1015	-0.9224	0.9280	-1.6804
-0.1053	-0.9240	0.9300	-1.6842
-0.1094	-0.9276	0.9340	-1.6882
-0.1132	-0.9291	0.9360	-1.6921
-0.1173	-0.9327	0.9400	-1.6959
-0.1214	-0.9341	0.9420	-1.7000
-0.1250	-0.9337	0.9420	-1.7039
-0.1287	-0.9352	0.9440	-1.7076
-0.1322	-0.9387	0.9480	-1.7107
-0.1361	-0.9402	0.9500	-1.7145
-0.1398	-0.9397	0.9500	-1.7185
-0.1437	-0.9411	0.9520	-1.7224
-0.1477	-0.9425	0.9540	-1.7262
-0.1519	-0.9439	0.9560	-1.7303
-0.1557	-0.9453	0.9580	-1.7341
-0.1597	-0.9466	0.9600	-1.7379
-0.1639	-0.9479	0.9620	-1.7420
-0.1679	-0.9493	0.9640	-1.7459
-0.1718	-0.9506	0.9660	-1.7496
-0.1765	-0.9538	0.9700	-1.7537
-0.1801	-0.9531	0.9700	-1.7576
-0.1838	-0.9524	0.9700	-1.7614
-0.1884	-0.9556	0.9740	-1.7654
-0.1924	-0.9568	0.9760	-1.7693
-0.1965	-0.9581	0.9780	-1.7731
-0.2009	-0.9592	0.9800	-1.7772
-0.2043	-0.9626	0.9840	-1.7799
-0.2086	-0.9637	0.9860	-1.7840
-0.2128	-0.9648	0.9880	-1.7879
-0.2169	-0.9659	0.9900	-1.7917
-0.2212	-0.9670	0.9920	-1.7957
-0.2254	-0.9681	0.9940	-1.7996
-0.2296	-0.9692	0.9960	-1.8034
-0.7746	-0.6100	0.9860	-2.4745
-0.7756	-0.6056	0.9840	-2.4786
-0.7778	-0.6027	0.9840	-2.4824
-0.7803	-0.5995	0.9840	-2.4865
-0.7859	-0.5987	0.9880	-2.4906
-0.7931	-0.5991	0.9940	-2.4946
-0.9120	-0.0055	0.9120	-3.1356
-0.8599	-0.0160	0.8600	-3.1230
-0.8619	-0.0127	0.8620	-3.1268
-0.8619	-0.0094	0.8620	-3.1307
-0.8620	-0.0060	0.8620	-3.1347
-0.8620	-0.0026	0.8620	-3.1385
-0.5577	-0.0190	0.5580	-3.1075
-0.5577	-0.0167	0.5580	-3.1116
-0.5578	-0.0145	0.5580	-3.1156
-0.5559	-0.0123	0.5560	-3.1194
-0.5559	-0.0100	0.5560	-3.1236
-0.5559	-0.0078	0.5560	-3.1276
-0.5540	-0.0056	0.5540	-3.1314
-0.5540	-0.0033	0.5540	-3.1356
-0.5520	-0.0011	0.5520	-3.1397
-0.7197	-0.1336	0.7320	-2.9580
-0.7242	-0.1314	0.7360	-2.9621
-0.7266	-0.1290	0.7380	-2.9660
-0.7291	-0.1265	0.7400	-2.9698
-0.7316	-0.1239	0.7420	-2.9738
-0.7359	-0.1225	0.7460	-2.9766
-0.7383	-0.1199	0.7480	-2.9806
-0.7408	-0.1174	0.7500	-2.9845
-0.7452	-0.1151	0.7540	-2.9883
-0.7476	-0.1124	0.7560	-2.9924
-0.7500	-0.1099	0.7580	-2.9962
-0.7544	-0.1075	0.7620	-3.0000
-0.7568	-0.1049	0.7640	-3.0038
-0.7592	-0.1021	0.7660	-3.0079
-0.7619	-0.0966	0.7680	-3.0155
-0.6029	-0.0612	0.6060	-3.0403
-0.6051	-0.0591	0.6080	-3.0442
-0.6053	-0.0568	0.6080	-3.0480
-0.6075	-0.0547	0.6100	-3.0519
-0.6078	-0.0523	0.6100	-3.0557
-0.6099	-0.0502	0.6120	-3.0594
-0.6101	-0.0477	0.6120	-3.0636
-0.6103	-0.0454	0.6120	-3.0674
-0.6125	-0.0432	0.6140	-3.0712
-0.6146	-0.0417	0.6160	-3.0739
-0.6147	-0.0393	0.6160	-3.0777
-0.6149	-0.0369	0.6160	-3.0816
-0.6170	-0.0347	0.6180	-3.0854
-0.6191	-0.0325	0.6200	-3.0891
-0.6193	-0.0299	0.6200	-3.0933
-0.6214	-0.0277	0.6220	-3.0971
-0.6215	-0.0253	0.6220	-3.1009
-0.6236	-0.0230	0.6240	-3.1048
-0.6237	-0.0206	0.6240	-3.1085
-0.6257	-0.0183	0.6260	-3.1124
-0.6258	-0.0159	0.6260	-3.1162
-0.6279	-0.0135	0.6280	-3.1200
-0.6299	-0.0112	0.6300	-3.1239
-0.6299	-0.0088	0.6300	-3.1276
-0.6300	-0.0064	0.6300	-3.1314
-0.6320	-0.0045	0.6320	-3.1345
-0.6340	-0.0021	0.6340	-3.1382
