x	y	r	phi
-0.9867	0.1025	0.9920	3.0380
-0.9783	0.1057	0.9840	3.0339
-0.9658	0.1092	0.9720	3.0290
-0.9575	0.1119	0.9640	3.0252
-0.9530	0.1154	0.9600	3.0211
-0.9427	0.1178	0.9500	3.0172
-0.9341	0.1214	0.9420	3.0124
-0.9237	0.1238	0.9320	3.0083
-0.9153	0.1263	0.9240	3.0045
-0.9069	0.1287	0.9160	3.0007
-0.9003	0.1322	0.9100	2.9958
-0.8919	0.1347	0.9020	2.9916
-0.8834	0.1369	0.8940	2.9878
-0.8770	0.1396	0.8880	2.9838
-0.8705	0.1419	0.8820	2.9799
-0.8619	0.1451	0.8740	2.9748
-0.8553	0.1477	0.8680	2.9706
-0.8488	0.1501	0.8620	2.9665
-0.8403	0.1524	0.8540	2.9622
-0.8357	0.1551	0.8500	2.9581
-0.8290	0.1583	0.8440	2.9529
-0.8205	0.1602	0.8360	2.9488
-0.8140	0.1623	0.8300	2.9448
-0.8074	0.1645	0.8240	2.9406
-0.8007	0.1674	0.8180	2.9355
-0.7941	0.1695	0.8120	2.9313
-0.7895	0.1718	0.8080	2.9273
-0.7829	0.1740	0.8020	2.9229
-0.7763	0.1758	0.7960	2.9189
-0.7715	0.1789	0.7920	2.9137
-0.7649	0.1807	0.7860	2.9096
-0.7603	0.1829	0.7820	2.9055
-0.7537	0.1846	0.7760	2.9014
-0.7491	0.1867	0.7720	2.8973
-0.7423	0.1891	0.7660	2.8921
-0.7376	0.1912	0.7620	2.8880
-0.7310	0.1927	0.7560	2.8839
-0.7263	0.1948	0.7520	2.8796
-0.7217	0.1967	0.7480	2.8754
-0.7168	0.1994	0.7440	2.8703
-0.7102	0.2006	0.7380	2.8662
-0.7055	0.2025	0.7340	2.8621
-0.6989	0.2037	0.7280	2.8580
-0.6962	0.2059	0.7260	2.8540
-0.6913	0.2084	0.7220	2.8488
-0.6885	0.2107	0.7200	2.8447
-0.6799	0.2113	0.7120	2.8403
-0.6752	0.2128	0.7080	2.8362
-0.6725	0.2150	0.7060	2.8321
-0.6637	0.2160	0.6980	2.8269
-0.6590	0.2175	0.6940	2.8228
-0.6563	0.2195	0.6920	2.8188
-0.6535	0.2216	0.6900	2.8147
-0.6468	0.2225	0.6840	2.8103
-0.6438	0.2250	0.6820	2.8054
-0.6391	0.2265	0.6780	2.8010
-0.6344	0.2277	0.6740	2.7969
-0.6297	0.2290	0.6700	2.7928
-0.6269	0.2308	0.6680	2.7888
-0.6219	0.2327	0.6640	2.7836
-0.6172	0.2338	0.6600	2.7795
-0.6144	0.2356	0.6580	2.7754
-0.6097	0.2367	0.6540	2.7713
-0.6049	0.2379	0.6500	2.7669
-0.6021	0.2396	0.6480	2.7629
-0.5971	0.2412	0.6440	2.7577
-0.5924	0.2421	0.6400	2.7536
-0.5896	0.2438	0.6380	2.7495
-0.5849	0.2446	0.6340	2.7454
-0.5820	0.2463	0.6320	2.7413
-0.5771	0.2477	0.6280	2.7361
-0.5742	0.2493	0.6260	2.7320
-0.5713	0.2510	0.6240	2.7277
-0.5666	0.2517	0.6200	2.7236
-0.5638	0.2532	0.6180	2.7195
-0.5588	0.2545	0.6140	2.7143
-0.5559	0.2559	0.6120	2.7103
-0.5513	0.2565	0.6080	2.7061
-0.5484	0.2579	0.6060	2.7020
-0.5455	0.2594	0.6040	2.6977
-0.5408	0.2599	0.6000	2.6936
-0.5376	0.2618	0.5980	2.6884
-0.5365	0.2640	0.5980	2.6843
-0.5319	0.2644	0.5940	2.6802
-0.5272	0.2648	0.5900	2.6761
-0.5244	0.2661	0.5880	2.6720
-0.5194	0.2670	0.5840	2.6668
-0.5166	0.2681	0.5820	2.6628
-0.5136	0.2695	0.5800	2.6584
-0.5107	0.2707	0.5780	2.6543
-0.5079	0.2718	0.5760	2.6502
-0.5050	0.2729	0.5740	2.6461
-0.5000	0.2736	0.5700	2.6409
-0.4972	0.2747	0.5680	2.6368
-0.4943	0.2757	0.5660	2.6328
-0.4914	0.2768	0.5640	2.6287
-0.4885	0.2779	0.5620	2.6244
-0.4856	0.2789	0.5600	2.6202
-0.4824	0.2804	0.5580	2.6151
-0.4795	0.2814	0.5560	2.6109
-0.4767	0.2823	0.5540	2.6069
-0.4738	0.2832	0.5520	2.6028
-0.4709	0.2842	0.5500	2.5987
-0.4680	0.2851	0.5480	2.5943
-0.4648	0.2864	0.5460	2.5894
-0.4602	0.2863	0.5420	2.5850
-0.4573	0.2871	0.5400	2.5809
-0.4545	0.2879	0.5380	2.5769
-0.4533	0.2898	0.5380	2.5728
-0.4504	0.2906	0.5360	2.5687
-0.4472	0.2918	0.5340	2.5635
-0.4427	0.2914	0.5300	2.5594
-0.4398	0.2921	0.5280	2.5553
-0.4370	0.2927	0.5260	2.5515
-0.4358	0.2945	0.5260	2.5474
-0.4331	0.2950	0.5240	2.5436
-0.4299	0.2961	0.5220	2.5385
-0.4271	0.2966	0.5200	2.5346
-0.4259	0.2984	0.5200	2.5305
-0.4230	0.2990	0.5180	2.5264
-0.4203	0.2994	0.5160	2.5226
-0.4174	0.2999	0.5140	2.5185
-0.4143	0.3008	0.5120	2.5136
-0.4131	0.3025	0.5120	2.5095
-0.4103	0.3029	0.5100	2.5057
-0.4075	0.3034	0.5080	2.5016
-0.4054	0.3044	0.5070	2.4975
-0.4035	0.3054	0.5060	2.4937
-0.4006	0.3058	0.5040	2.4896
-0.3978	0.3062	0.5020	2.4855
-0.3955	0.3075	0.5010	2.4806
-0.3935	0.3084	0.5000	2.4768
-0.3915	0.3094	0.4990	2.4727
-0.3886	0.3098	0.4970	2.4686
-0.3867	0.3106	0.4960	2.4648
-0.3838	0.3110	0.4940	2.4607
-0.3818	0.3119	0.4930	2.4566
-0.3798	0.3127	0.4920	2.4527
-0.3767	0.3133	0.4900	2.4478
-0.3747	0.3142	0.4890	2.4438
-0.3719	0.3144	0.4870	2.4397
-0.3699	0.3152	0.4860	2.4359
-0.3679	0.3161	0.4850	2.4317
-0.3658	0.3169	0.4840	2.4277
-0.3639	0.3177	0.4830	2.4239
-0.3608	0.3181	0.4810	2.4190
-0.3587	0.3189	0.4800	2.4149
-0.3567	0.3197	0.4790	2.4107
-0.3547	0.3204	0.4780	2.4070
-0.3527	0.3212	0.4770	2.4029
-0.3506	0.3220	0.4760	2.3988
-0.3486	0.3226	0.4750	2.3949
-0.3466	0.3233	0.4740	2.3909
-0.3445	0.3241	0.4730	2.3868
-0.3415	0.3244	0.4710	2.3819
-0.3395	0.3250	0.4700	2.3781
-0.3375	0.3257	0.4690	2.3739
-0.3354	0.3264	0.4680	2.3699
-0.3335	0.3269	0.4670	2.3661
-0.3307	0.3269	0.4650	2.3619
-0.3287	0.3275	0.4640	2.3579
-0.3274	0.3288	0.4640	2.3541
-0.3260	0.3301	0.4640	2.3500
-0.3255	0.3321	0.4650	2.3461
-0.3241	0.3334	0.4650	2.3421
-0.3211	0.3336	0.4630	2.3371
-0.3177	0.3327	0.4600	2.3331
-0.3135	0.3311	0.4560	2.3290
-0.3112	0.3319	0.4550	2.3241
-0.3100	0.3331	0.4550	2.3202
-0.3096	0.3347	0.4560	2.3173
-0.3089	0.3368	0.4570	2.3131
-0.3076	0.3380	0.4570	2.3090
-0.3039	0.3373	0.4540	2.3041
-0.3012	0.3370	0.4520	2.3001
-0.2999	0.3382	0.4520	2.2963
-0.2978	0.3387	0.4510	2.2922
-0.2959	0.3390	0.4500	2.2883
-0.2939	0.3395	0.4490	2.2843
-0.2918	0.3399	0.4480	2.2802
-0.2905	0.3410	0.4480	2.2763
-0.2891	0.3422	0.4480	2.2722
-0.2868	0.3429	0.4470	2.2673
-0.2848	0.3433	0.4460	2.2633
-0.2827	0.3437	0.4450	2.2592
-0.2814	0.3447	0.4450	2.2553
-0.2793	0.3451	0.4440	2.2512
-0.2780	0.3462	0.4440	2.2475
-0.2760	0.3465	0.4430	2.2434
-0.2739	0.3469	0.4420	2.2392
-0.2726	0.3479	0.4420	2.2354
-0.2706	0.3482	0.4410	2.2314
-0.2685	0.3486	0.4400	2.2272
-0.2672	0.3496	0.4400	2.2234
-0.2658	0.3507	0.4400	2.2194
-0.2634	0.3512	0.4390	2.2144
-0.2620	0.3522	0.4390	2.2104
-0.2607	0.3532	0.4390	2.2065
-0.2586	0.3535	0.4380	2.2024
-0.2566	0.3537	0.4370	2.1984
-0.2552	0.3547	0.4370	2.1946
-0.2544	0.3566	0.4380	2.1904
-0.2529	0.3576	0.4380	2.1863
-0.2498	0.3561	0.4350	2.1826
-0.2472	0.3555	0.4330	2.1784
-0.2459	0.3564	0.4330	2.1746
-0.2444	0.3574	0.4330	2.1705
-0.2415	0.3570	0.4310	2.1656
-0.2390	0.3563	0.4290	2.1616
-0.2376	0.3572	0.4290	2.1577
-0.2361	0.3582	0.4290	2.1536
-0.2346	0.3591	0.4290	2.1495
-0.2333	0.3600	0.4290	2.1458
-0.2313	0.3601	0.4280	2.1416
-0.2299	0.3610	0.4280	2.1378
-0.2284	0.3620	0.4280	2.1337
-0.2265	0.3620	0.4270	2.1299
-0.2250	0.3629	0.4270	2.1258
-0.2236	0.3638	0.4270	2.1220
-0.2216	0.3638	0.4260	2.1179
-0.2201	0.3647	0.4260	2.1138
-0.2187	0.3656	0.4260	2.1100
-0.2172	0.3665	0.4260	2.1059
-0.2163	0.3682	0.4270	2.1020
-0.2143	0.3682	0.4260	2.0980
-0.2124	0.3681	0.4250	2.0942
-0.2095	0.3675	0.4230	2.0890
-0.2081	0.3683	0.4230	2.0852
-0.2061	0.3682	0.4220	2.0810
-0.2047	0.3690	0.4220	2.0773
-0.2032	0.3699	0.4220	2.0732
-0.2018	0.3706	0.4220	2.0693
-0.1998	0.3706	0.4210	2.0652
-0.1984	0.3713	0.4210	2.0615
-0.1969	0.3721	0.4210	2.0574
-0.1953	0.3729	0.4210	2.0532
-0.1934	0.3728	0.4200	2.0494
-0.1919	0.3736	0.4200	2.0454
-0.1905	0.3743	0.4200	2.0415
-0.1889	0.3751	0.4200	2.0374
-0.1875	0.3758	0.4200	2.0337
-0.1855	0.3757	0.4190	2.0296
-0.1840	0.3764	0.4190	2.0254
-0.1826	0.3771	0.4190	2.0216
-0.1810	0.3779	0.4190	2.0176
-0.1792	0.3777	0.4180	2.0137
-0.1776	0.3784	0.4180	2.0096
-0.1761	0.3791	0.4180	2.0058
-0.1746	0.3798	0.4180	2.0017
-0.1727	0.3795	0.4170	1.9979
-0.1712	0.3802	0.4170	1.9938
-0.1696	0.3809	0.4170	1.9898
-0.1682	0.3816	0.4170	1.9859
-0.1666	0.3823	0.4170	1.9818
-0.1643	0.3822	0.4160	1.9769
-0.1629	0.3828	0.4160	1.9731
-0.1613	0.3835	0.4160	1.9690
-0.1597	0.3841	0.4160	1.9649
-0.1583	0.3847	0.4160	1.9611
-0.1567	0.3854	0.4160	1.9570
-0.1552	0.3860	0.4160	1.9531
-0.1537	0.3866	0.4160	1.9491
-0.1522	0.3872	0.4160	1.9453
-0.1506	0.3878	0.4160	1.9412
-0.1490	0.3884	0.4160	1.9371
-0.1472	0.3880	0.4150	1.9333
-0.1456	0.3886	0.4150	1.9292
-0.1441	0.3892	0.4150	1.9253
-0.1425	0.3898	0.4150	1.9213
-0.1410	0.3903	0.4150	1.9175
-0.1397	0.3918	0.4160	1.9134
-0.1379	0.3914	0.4150	1.9095
-0.1363	0.3920	0.4150	1.9055
-0.1347	0.3925	0.4150	1.9014
-0.1332	0.3930	0.4150	1.8975
-0.1316	0.3936	0.4150	1.8934
-0.1301	0.3941	0.4150	1.8897
-0.1285	0.3946	0.4150	1.8855
-0.1270	0.3951	0.4150	1.8817
-0.1253	0.3956	0.4150	1.8776
-0.1240	0.3971	0.4160	1.8736
-0.1225	0.3976	0.4160	1.8697
-0.1209	0.3981	0.4160	1.8656
-0.1194	0.3985	0.4160	1.8619
-0.1177	0.3990	0.4160	1.8577
-0.1162	0.3994	0.4160	1.8539
-0.1143	0.3990	0.4150	1.8498
-0.1131	0.4003	0.4160	1.8461
-0.1114	0.4008	0.4160	1.8419
-0.1098	0.4013	0.4160	1.8378
-0.1082	0.4017	0.4160	1.8340
-0.1066	0.4021	0.4160	1.8299
-0.1051	0.4025	0.4160	1.8261
-0.1041	0.4038	0.4170	1.8231
-0.1024	0.4042	0.4170	1.8190
-0.1009	0.4046	0.4170	1.8152
-0.0992	0.4050	0.4170	1.8111
-0.0977	0.4054	0.4170	1.8073
-0.0960	0.4058	0.4170	1.8032
-0.0946	0.4072	0.4180	1.7991
-0.0930	0.4075	0.4180	1.7952
-0.0914	0.4079	0.4180	1.7912
-0.0898	0.4082	0.4180	1.7874
-0.0881	0.4086	0.4180	1.7833
-0.0865	0.4090	0.4180	1.7792
-0.0847	0.4093	0.4180	1.7748
-0.0832	0.4107	0.4190	1.7707
-0.0815	0.4110	0.4190	1.7667
-0.0799	0.4113	0.4190	1.7625
-0.0782	0.4116	0.4190	1.7584
-0.0767	0.4129	0.4200	1.7544
-0.0750	0.4133	0.4200	1.7503
-0.0733	0.4136	0.4200	1.7461
-0.0718	0.4148	0.4210	1.7421
-0.0702	0.4161	0.4220	1.7380
-0.0685	0.4164	0.4220	1.7339
-0.0668	0.4167	0.4220	1.7299
-0.0650	0.4170	0.4220	1.7254
-0.0633	0.4172	0.4220	1.7214
-0.0617	0.4185	0.4230	1.7173
-0.0611	0.4226	0.4270	1.7143
-0.0595	0.4238	0.4280	1.7102
-0.0575	0.4221	0.4260	1.7061
-0.0549	0.4194	0.4230	1.7009
-0.0529	0.4177	0.4210	1.6969
-0.0510	0.4159	0.4190	1.6927
-0.0494	0.4171	0.4200	1.6886
-0.0480	0.4203	0.4230	1.6846
-0.0467	0.4214	0.4240	1.6812
-0.0451	0.4226	0.4250	1.6772
-0.0435	0.4238	0.4260	1.6731
-0.0418	0.4239	0.4260	1.6690
-0.0401	0.4251	0.4270	1.6649
-0.0384	0.4253	0.4270	1.6608
-0.0367	0.4264	0.4280	1.6567
-0.0350	0.4266	0.4280	1.6527
-0.0332	0.4277	0.4290	1.6483
-0.0315	0.4278	0.4290	1.6442
-0.0298	0.4290	0.4300	1.6401
-0.0280	0.4291	0.4300	1.6360
-0.0263	0.4302	0.4310	1.6320
-0.0246	0.4303	0.4310	1.6278
-0.0228	0.4304	0.4310	1.6237
-0.0214	0.4315	0.4320	1.6205
-0.0198	0.4325	0.4330	1.6164
-0.0180	0.4326	0.4330	1.6123
-0.0162	0.4327	0.4330	1.6082
-0.0145	0.4338	0.4340	1.6042
-0.0127	0.4348	0.4350	1.6000
-0.0109	0.4349	0.4350	1.5959
-0.0092	0.4359	0.4360	1.5919
-0.0074	0.4359	0.4360	1.5878
-0.0056	0.4370	0.4370	1.5836
-0.0039	0.4370	0.4370	1.5796
-0.0021	0.4380	0.4380	1.5755
-0.0001	0.4380	0.4380	1.5711
0.0016	0.4390	0.4390	1.5671
0.0030	0.4400	0.4400	1.5640
0.0048	0.4400	0.4400	1.5600
0.0066	0.4410	0.4410	1.5558
0.0084	0.4419	0.4420	1.5517
0.0102	0.4419	0.4420	1.5477
0.0122	0.4428	0.4430	1.5433
0.0140	0.4428	0.4430	1.5393
0.0158	0.4437	0.4440	1.5351
0.0177	0.4446	0.4450	1.5310
0.0195	0.4446	0.4450	1.5270
0.0214	0.4455	0.4460	1.5229
0.0233	0.4464	0.4470	1.5187
0.0248	0.4473	0.4480	1.5155
0.0266	0.4472	0.4480	1.5114
0.0285	0.4481	0.4490	1.5073
0.0304	0.4490	0.4500	1.5032
0.0322	0.4488	0.4500	1.4991
0.0341	0.4497	0.4510	1.4951
0.0360	0.4496	0.4510	1.4909
0.0379	0.4504	0.4520	1.4868
0.0398	0.4512	0.4530	1.4828
0.0418	0.4521	0.4540	1.4787
0.0437	0.4529	0.4550	1.4745
0.0456	0.4527	0.4550	1.4705
0.0471	0.4536	0.4560	1.4673
0.0491	0.4544	0.4570	1.4631
0.0511	0.4551	0.4580	1.4590
0.0530	0.4559	0.4590	1.4550
0.0549	0.4557	0.4590	1.4509
0.0569	0.4565	0.4600	1.4467
0.0589	0.4572	0.4610	1.4427
0.0610	0.4580	0.4620	1.4383
0.0631	0.4587	0.4630	1.4342
0.0646	0.4595	0.4640	1.4312
0.0666	0.4602	0.4650	1.4271
0.0686	0.4609	0.4660	1.4231
0.0706	0.4616	0.4670	1.4189
0.0726	0.4613	0.4670	1.4148
0.0747	0.4620	0.4680	1.4105
0.0769	0.4637	0.4700	1.4064
0.0790	0.4643	0.4710	1.4023
0.0811	0.4650	0.4720	1.3982
0.0826	0.4657	0.4730	1.3953
0.0845	0.4654	0.4730	1.3911
0.0865	0.4660	0.4740	1.3873
0.0887	0.4677	0.4760	1.3833
0.0909	0.4683	0.4770	1.3791
0.0928	0.4689	0.4780	1.3753
0.0950	0.4695	0.4790	1.3712
0.0971	0.4701	0.4800	1.3672
0.0991	0.4707	0.4810	1.3633
0.1012	0.4713	0.4820	1.3592
0.1028	0.4719	0.4830	1.3562
0.1050	0.4725	0.4840	1.3521
0.1073	0.4740	0.4860	1.3483
0.1094	0.4746	0.4870	1.3442
0.1116	0.4751	0.4880	1.3401
0.1139	0.4766	0.4900	1.3363
0.1157	0.4782	0.4920	1.3333
0.1177	0.4777	0.4920	1.3292
0.1196	0.4772	0.4920	1.3252
0.1220	0.4787	0.4940	1.3213
0.1244	0.4801	0.4960	1.3172
0.1267	0.4806	0.4970	1.3131
0.1287	0.4811	0.4980	1.3093
0.1312	0.4825	0.5000	1.3052
0.1335	0.4829	0.5010	1.3011
0.1355	0.4844	0.5030	1.2981
0.1376	0.4849	0.5040	1.2943
0.1401	0.4862	0.5060	1.2903
0.1424	0.4866	0.5070	1.2861
0.1448	0.4880	0.5090	1.2823
0.1474	0.4893	0.5110	1.2782
0.1497	0.4917	0.5140	1.2752
0.1518	0.4911	0.5140	1.2711
0.1536	0.4884	0.5120	1.2662
0.1556	0.4899	0.5140	1.2632
0.1582	0.4911	0.5160	1.2591
0.1608	0.4924	0.5180	1.2551
0.1627	0.4918	0.5180	1.2512
0.1647	0.4911	0.5180	1.2471
0.1681	0.4942	0.5220	1.2430
0.1702	0.4956	0.5240	1.2400
0.1727	0.4968	0.5260	1.2362
0.1754	0.4980	0.5280	1.2322
0.1781	0.4992	0.5300	1.2280
0.1807	0.5004	0.5320	1.2242
0.1834	0.5015	0.5340	1.2202
0.1856	0.5028	0.5360	1.2171
0.1884	0.5039	0.5380	1.2131
0.1910	0.5051	0.5400	1.2093
0.1938	0.5062	0.5420	1.2051
0.1959	0.5054	0.5420	1.2010
0.1985	0.5065	0.5440	1.1973
0.2013	0.5075	0.5460	1.1931
0.2036	0.5088	0.5480	1.1902
0.2057	0.5079	0.5480	1.1861
0.2084	0.5090	0.5500	1.1822
0.2112	0.5100	0.5520	1.1781
0.2141	0.5110	0.5540	1.1741
0.2176	0.5138	0.5580	1.1702
0.2197	0.5129	0.5580	1.1661
0.2228	0.5159	0.5620	1.1631
0.2257	0.5169	0.5640	1.1590
0.2285	0.5178	0.5660	1.1553
0.2314	0.5187	0.5680	1.1512
0.2344	0.5196	0.5700	1.1470
0.2368	0.5207	0.5720	1.1441
0.2397	0.5215	0.5740	1.1399
0.2426	0.5224	0.5760	1.1361
0.2455	0.5233	0.5780	1.1321
0.2485	0.5241	0.5800	1.1280
0.2514	0.5249	0.5820	1.1241
0.2547	0.5278	0.5860	1.1211
0.2578	0.5285	0.5880	1.1170
0.2608	0.5292	0.5900	1.1130
0.2637	0.5300	0.5920	1.1092
0.2668	0.5307	0.5940	1.1050
0.2698	0.5314	0.5960	1.1010
0.2733	0.5342	0.6000	1.0979
0.2762	0.5349	0.6020	1.0941
0.2793	0.5355	0.6040	1.0901
0.2824	0.5362	0.6060	1.0860
0.2854	0.5368	0.6080	1.0821
0.2895	0.5392	0.6120	1.0781
0.2927	0.5398	0.6140	1.0740
0.2952	0.5407	0.6160	1.0710
0.2982	0.5413	0.6180	1.0672
0.3024	0.5435	0.6220	1.0630
0.3056	0.5440	0.6240	1.0589
0.3096	0.5464	0.6280	1.0552
0.3129	0.5468	0.6300	1.0511
0.3155	0.5476	0.6320	1.0481
0.3198	0.5498	0.6360	1.0440
0.3231	0.5502	0.6380	1.0398
0.3261	0.5507	0.6400	1.0361
0.3304	0.5528	0.6440	1.0320
0.3338	0.5531	0.6460	1.0279
0.3373	0.5556	0.6500	1.0252
0.3417	0.5576	0.6540	1.0211
0.3459	0.5597	0.6580	1.0172
0.3548	0.5589	0.6620	1.0052
0.4890	0.7603	0.9040	0.9993
0.4951	0.7635	0.9100	0.9955
0.4997	0.7653	0.9140	0.9924
0.4684	0.6949	0.8380	0.9777
0.4690	0.6896	0.8340	0.9736
0.4694	0.6845	0.8300	0.9698
0.4708	0.6811	0.8280	0.9660
0.4736	0.6792	0.8280	0.9619
0.4750	0.6757	0.8260	0.9581
0.4778	0.6738	0.8260	0.9539
0.4815	0.6736	0.8280	0.9502
0.4843	0.6716	0.8280	0.9461
0.4880	0.6714	0.8300	0.9422
0.4920	0.6710	0.8320	0.9381
0.4945	0.6691	0.8320	0.9344
0.4994	0.6704	0.8360	0.9306
0.5058	0.6732	0.8420	0.9264
0.5322	0.6983	0.8780	0.9196
0.5656	0.7155	0.9120	0.9019
0.5685	0.7131	0.9120	0.8978
0.5707	0.7088	0.9100	0.8929
0.5781	0.7080	0.9140	0.8861
0.6116	0.7269	0.9500	0.8713
0.6184	0.7290	0.9560	0.8673
0.6225	0.7282	0.9580	0.8634
0.6268	0.7271	0.9600	0.8593
0.6312	0.7206	0.9580	0.8515
0.5751	0.6067	0.8360	0.8121
0.5802	0.6074	0.8400	0.8083
0.5813	0.6036	0.8380	0.8043
0.5836	0.6014	0.8380	0.8005
0.5846	0.5976	0.8360	0.7963
0.5883	0.5967	0.8380	0.7925
0.5921	0.5958	0.8400	0.7885
0.5987	0.5978	0.8460	0.7846
0.6061	0.6016	0.8540	0.7817
0.6113	0.6021	0.8580	0.7778
0.6180	0.6038	0.8640	0.7737
0.6247	0.6056	0.8700	0.7699
0.6271	0.6030	0.8700	0.7658
0.5894	0.5557	0.8100	0.7560
0.5856	0.5479	0.8020	0.7521
0.5864	0.5442	0.8000	0.7481
0.5870	0.5406	0.7980	0.7443
0.5892	0.5382	0.7980	0.7401
0.5928	0.5372	0.8000	0.7363
0.5977	0.5377	0.8040	0.7326
0.6044	0.5392	0.8100	0.7284
0.6110	0.5409	0.8160	0.7246
0.6186	0.5443	0.8240	0.7216
0.6254	0.5457	0.8300	0.7175
0.6335	0.5486	0.8380	0.7137
0.6418	0.5512	0.8460	0.7097
0.6494	0.5546	0.8540	0.7069
0.6577	0.5572	0.8620	0.7029
0.6660	0.5598	0.8700	0.6990
0.6753	0.5642	0.8800	0.6960
0.6838	0.5666	0.8880	0.6919
0.6937	0.5703	0.8980	0.6881
0.7021	0.5727	0.9060	0.6843
0.7115	0.5769	0.9160	0.6813
0.7217	0.5802	0.9260	0.6772
0.7302	0.5824	0.9340	0.6733
0.7403	0.5857	0.9440	0.6693
0.7516	0.5908	0.9560	0.6662
0.7617	0.5942	0.9660	0.6625
0.7720	0.5971	0.9760	0.6584
0.7835	0.6019	0.9880	0.6551
0.7939	0.6048	0.9980	0.6510
0.9591	0.1695	0.9740	0.1749
0.9618	0.1658	0.9760	0.1708
0.5341	-0.6715	0.8580	-0.8988
0.5328	-0.6751	0.8600	-0.9027
0.5288	-0.6756	0.8580	-0.9067
0.5261	-0.6778	0.8580	-0.9108
0.5222	-0.6782	0.8560	-0.9146
0.5195	-0.6803	0.8560	-0.9187
0.5155	-0.6809	0.8540	-0.9228
0.5115	-0.6814	0.8520	-0.9269
0.5088	-0.6834	0.8520	-0.9307
0.5061	-0.6854	0.8520	-0.9348
0.5021	-0.6859	0.8500	-0.9389
0.4981	-0.6863	0.8480	-0.9430
0.4955	-0.6882	0.8480	-0.9468
0.4908	-0.6891	0.8460	-0.9519
0.4870	-0.6893	0.8440	-0.9558
0.4841	-0.6913	0.8440	-0.9599
0.4813	-0.6933	0.8440	-0.9640
0.4773	-0.6936	0.8420	-0.9680
0.4736	-0.6938	0.8400	-0.9719
0.4707	-0.6957	0.8400	-0.9760
0.4679	-0.6976	0.8400	-0.9800
0.4639	-0.6979	0.8380	-0.9841
0.4612	-0.6997	0.8380	-0.9880
0.4572	-0.6999	0.8360	-0.9921
0.4544	-0.7017	0.8360	-0.9961
0.4515	-0.7036	0.8360	-1.0003
0.4488	-0.7053	0.8360	-1.0041
0.4449	-0.7054	0.8340	-1.0081
0.4409	-0.7056	0.8320	-1.0122
0.4380	-0.7074	0.8320	-1.0164
0.4353	-0.7090	0.8320	-1.0202
0.4324	-0.7108	0.8320	-1.0242
0.4285	-0.7108	0.8300	-1.0283
0.4255	-0.7126	0.8300	-1.0325
0.4229	-0.7142	0.8300	-1.0362
0.4189	-0.7142	0.8280	-1.0403
0.4160	-0.7159	0.8280	-1.0444
0.4122	-0.7158	0.8260	-1.0483
0.4093	-0.7174	0.8260	-1.0523
0.4064	-0.7191	0.8260	-1.0564
0.4034	-0.7208	0.8260	-1.0606
0.3997	-0.7205	0.8240	-1.0643
0.3968	-0.7222	0.8240	-1.0684
0.3938	-0.7238	0.8240	-1.0725
0.3909	-0.7254	0.8240	-1.0766
0.3881	-0.7269	0.8240	-1.0804
0.3841	-0.7267	0.8220	-1.0845
0.3802	-0.7265	0.8200	-1.0886
0.3773	-0.7280	0.8200	-1.0927
0.3745	-0.7295	0.8200	-1.0965
0.3715	-0.7310	0.8200	-1.1006
0.3685	-0.7325	0.8200	-1.1047
0.3640	-0.7326	0.8180	-1.1096
0.3610	-0.7340	0.8180	-1.1137
0.3580	-0.7355	0.8180	-1.1178
0.3552	-0.7369	0.8180	-1.1216
0.3522	-0.7383	0.8180	-1.1257
0.3492	-0.7397	0.8180	-1.1298
0.3478	-0.7426	0.8200	-1.1327
0.3448	-0.7440	0.8200	-1.1369
0.3403	-0.7439	0.8180	-1.1418
0.3372	-0.7453	0.8180	-1.1459
0.3333	-0.7448	0.8160	-1.1500
0.3289	-0.7424	0.8120	-1.1537
0.3259	-0.7438	0.8120	-1.1579
0.3236	-0.7469	0.8140	-1.1620
0.3207	-0.7482	0.8140	-1.1658
0.3161	-0.7458	0.8100	-1.1699
0.3131	-0.7471	0.8100	-1.1740
0.3107	-0.7502	0.8120	-1.1781
0.3079	-0.7513	0.8120	-1.1818
0.3048	-0.7526	0.8120	-1.1860
0.3017	-0.7539	0.8120	-1.1901
0.2987	-0.7551	0.8120	-1.1941
0.2958	-0.7562	0.8120	-1.1979
0.2927	-0.7574	0.8120	-1.2021
0.2896	-0.7586	0.8120	-1.2061
0.2865	-0.7598	0.8120	-1.2102
0.2836	-0.7609	0.8120	-1.2140
0.2804	-0.7620	0.8120	-1.2182
0.2774	-0.7632	0.8120	-1.2222
0.2742	-0.7643	0.8120	-1.2263
0.2713	-0.7653	0.8120	-1.2302
0.2682	-0.7664	0.8120	-1.2342
0.2650	-0.7675	0.8120	-1.2383
0.2612	-0.7667	0.8100	-1.2424
0.2589	-0.7696	0.8120	-1.2463
0.2558	-0.7706	0.8120	-1.2503
0.2526	-0.7717	0.8120	-1.2544
0.2497	-0.7727	0.8120	-1.2582
0.2466	-0.7737	0.8120	-1.2623
0.2428	-0.7728	0.8100	-1.2664
0.2396	-0.7738	0.8100	-1.2705
0.2372	-0.7766	0.8120	-1.2744
0.2341	-0.7775	0.8120	-1.2784
0.2309	-0.7785	0.8120	-1.2825
0.2277	-0.7794	0.8120	-1.2866
0.2247	-0.7803	0.8120	-1.2904
0.2215	-0.7812	0.8120	-1.2945
0.2183	-0.7821	0.8120	-1.2986
0.2157	-0.7849	0.8140	-1.3026
0.2119	-0.7839	0.8120	-1.3068
0.2094	-0.7866	0.8140	-1.3106
0.2062	-0.7875	0.8140	-1.3147
0.2030	-0.7883	0.8140	-1.3187
0.1998	-0.7891	0.8140	-1.3229
0.1967	-0.7899	0.8140	-1.3267
0.1935	-0.7907	0.8140	-1.3307
0.1908	-0.7934	0.8160	-1.3349
0.1875	-0.7942	0.8160	-1.3390
0.1844	-0.7949	0.8160	-1.3428
0.1812	-0.7956	0.8160	-1.3468
0.1784	-0.7983	0.8180	-1.3510
0.1751	-0.7990	0.8180	-1.3551
0.1721	-0.7997	0.8180	-1.3588
0.1688	-0.8004	0.8180	-1.3629
0.1655	-0.8011	0.8180	-1.3671
0.1623	-0.8017	0.8180	-1.3711
0.1592	-0.8024	0.8180	-1.3749
0.1559	-0.8030	0.8180	-1.3790
0.1539	-0.8054	0.8200	-1.3820
0.1506	-0.8061	0.8200	-1.3861
0.1477	-0.8086	0.8220	-1.3902
0.1443	-0.8092	0.8220	-1.3943
0.1412	-0.8098	0.8220	-1.3981
0.1379	-0.8104	0.8220	-1.4023
0.1346	-0.8109	0.8220	-1.4063
0.1316	-0.8134	0.8240	-1.4104
0.1288	-0.8159	0.8260	-1.4142
0.1255	-0.8164	0.8260	-1.4183
0.1221	-0.8169	0.8260	-1.4224
0.1188	-0.8174	0.8260	-1.4265
0.1156	-0.8179	0.8260	-1.4303
0.1123	-0.8183	0.8260	-1.4344
0.1092	-0.8208	0.8280	-1.4385
0.1058	-0.8212	0.8280	-1.4426
0.1028	-0.8236	0.8300	-1.4466
0.0996	-0.8240	0.8300	-1.4505
0.0962	-0.8244	0.8300	-1.4546
0.0929	-0.8248	0.8300	-1.4586
0.0897	-0.8271	0.8320	-1.4627
0.0868	-0.8295	0.8340	-1.4666
0.0833	-0.8298	0.8340	-1.4707
0.0800	-0.8302	0.8340	-1.4747
0.0766	-0.8305	0.8340	-1.4789
0.0736	-0.8328	0.8360	-1.4827
0.0704	-0.8350	0.8380	-1.4867
0.0671	-0.8373	0.8400	-1.4908
0.0636	-0.8376	0.8400	-1.4950
0.0604	-0.8378	0.8400	-1.4988
0.0571	-0.8381	0.8400	-1.5028
0.0537	-0.8403	0.8420	-1.5069
0.0505	-0.8445	0.8460	-1.5111
0.0482	-0.8486	0.8500	-1.5140
0.0439	-0.8449	0.8460	-1.5189
0.0401	-0.8390	0.8400	-1.5231
0.0367	-0.8392	0.8400	-1.5271
0.0336	-0.8413	0.8420	-1.5309
0.0302	-0.8455	0.8460	-1.5350
0.0278	-0.8475	0.8480	-1.5380
0.0244	-0.8497	0.8500	-1.5421
0.0209	-0.8517	0.8520	-1.5463
0.0175	-0.8538	0.8540	-1.5503
0.0143	-0.8559	0.8560	-1.5541
0.0108	-0.8579	0.8580	-1.5582
0.0073	-0.8580	0.8580	-1.5623
0.0038	-0.8620	0.8620	-1.5664
0.0002	-0.8640	0.8640	-1.5705
-0.0030	-0.8600	0.8600	-1.5742
-0.0065	-0.8580	0.8580	-1.5784
-0.0100	-0.8579	0.8580	-1.5825
-0.0135	-0.8599	0.8600	-1.5865
-0.0168	-0.8598	0.8600	-1.5904
-0.0204	-0.8598	0.8600	-1.5945
-0.0239	-0.8577	0.8580	-1.5986
-0.0272	-0.8556	0.8560	-1.6026
-0.0307	-0.8615	0.8620	-1.6065
-0.0344	-0.8653	0.8660	-1.6106
-0.0380	-0.8672	0.8680	-1.6146
-0.0416	-0.8670	0.8680	-1.6187
-0.0450	-0.8688	0.8700	-1.6226
-0.0488	-0.8726	0.8740	-1.6267
-0.0523	-0.8724	0.8740	-1.6307
-0.0561	-0.8742	0.8760	-1.6348
-0.0596	-0.8760	0.8780	-1.6387
-0.0631	-0.8757	0.8780	-1.6427
-0.0659	-0.8775	0.8800	-1.6458
-0.0696	-0.8792	0.8820	-1.6498
-0.0734	-0.8809	0.8840	-1.6539
-0.0770	-0.8806	0.8840	-1.6580
-0.0808	-0.8843	0.8880	-1.6619
-0.0845	-0.8860	0.8900	-1.6659
-0.0882	-0.8856	0.8900	-1.6700
-0.0918	-0.8873	0.8920	-1.6739
-0.0953	-0.8869	0.8920	-1.6779
-0.0992	-0.8885	0.8940	-1.6820
-0.1029	-0.8901	0.8960	-1.6858
-0.1068	-0.8916	0.8980	-1.6900
-0.1103	-0.8932	0.9000	-1.6937
-0.1143	-0.8947	0.9020	-1.6978
-0.1180	-0.8963	0.9040	-1.7017
-0.1217	-0.8958	0.9040	-1.7058
-0.1255	-0.8973	0.9060	-1.7098
-0.1293	-0.8988	0.9080	-1.7136
-0.1333	-0.9002	0.9100	-1.7178
-0.1362	-0.9018	0.9120	-1.7207
-0.1400	-0.9032	0.9140	-1.7246
-0.1440	-0.9046	0.9160	-1.7286
-0.1477	-0.9060	0.9180	-1.7324
-0.1515	-0.9054	0.9180	-1.7366
-0.1555	-0.9068	0.9200	-1.7407
-0.1593	-0.9081	0.9220	-1.7444
-0.1634	-0.9094	0.9240	-1.7485
-0.1676	-0.9127	0.9280	-1.7524
-0.1721	-0.9160	0.9320	-1.7565
-0.1759	-0.9173	0.9340	-1.7602
-0.1797	-0.9166	0.9340	-1.7644
-0.1838	-0.9178	0.9360	-1.7685
-0.1878	-0.9190	0.9380	-1.7723
-0.1919	-0.9202	0.9400	-1.7763
-0.1962	-0.9234	0.9440	-1.7802
-0.1994	-0.9247	0.9460	-1.7832
-0.2036	-0.9259	0.9480	-1.7873
-0.2081	-0.9290	0.9520	-1.7911
-0.2122	-0.9301	0.9540	-1.7951
-0.2161	-0.9292	0.9540	-1.7993
-0.2201	-0.9303	0.9560	-1.8031
-0.2244	-0.9313	0.9580	-1.8072
-0.2279	-0.9305	0.9580	-1.8110
-0.2327	-0.9334	0.9620	-1.8151
-0.2367	-0.9345	0.9640	-1.8189
-0.2416	-0.9374	0.9680	-1.8230
-0.2469	-0.9422	0.9740	-1.8271
-0.2510	-0.9432	0.9760	-1.8309
-0.2554	-0.9441	0.9780	-1.8350
-0.2596	-0.9450	0.9800	-1.8389
-0.2634	-0.9481	0.9840	-1.8418
-0.2679	-0.9489	0.9860	-1.8460
-0.2720	-0.9498	0.9880	-1.8497
-0.2765	-0.9506	0.9900	-1.8538
-0.2815	-0.9533	0.9940	-1.8579
-0.2863	-0.9560	0.9980	-1.8618
-0.9120	-0.0055	0.9120	-3.1356
-0.8599	-0.0160	0.8600	-3.1230
-0.8619	-0.0127	0.8620	-3.1268
-0.8619	-0.0094	0.8620	-3.1307
-0.8620	-0.0060	0.8620	-3.1347
-0.8620	-0.0026	0.8620	-3.1385
-0.5577	-0.0190	0.5580	-3.1075
-0.5577	-0.0167	0.5580	-3.1116
-0.5578	-0.0145	0.5580	-3.1156
-0.5559	-0.0123	0.5560	-3.1194
-0.5559	-0.0100	0.5560	-3.1236
-0.5559	-0.0078	0.5560	-3.1276
-0.5540	-0.0056	0.5540	-3.1314
-0.5540	-0.0033	0.5540	-3.1356
-0.5520	-0.0011	0.5520	-3.1397
-0.7197	-0.1336	0.7320	-2.9580
-0.7242	-0.1314	0.7360	-2.9621
-0.7266	-0.1290	0.7380	-2.9660
-0.7291	-0.1265	0.7400	-2.9698
-0.7316	-0.1239	0.7420	-2.9738
-0.7359	-0.1225	0.7460	-2.9766
-0.7383	-0.1199	0.7480	-2.9806
-0.7408	-0.1174	0.7500	-2.9845
-0.7452	-0.1151	0.7540	-2.9883
-0.7476	-0.1124	0.7560	-2.9924
-0.7500	-0.1099	0.7580	-2.9962
-0.7544	-0.1075	0.7620	-3.0000
-0.7568	-0.1049	0.7640	-3.0038
-0.7592	-0.1021	0.7660	-3.0079
-0.7619	-0.0966	0.7680	-3.0155
-0.6029	-0.0612	0.6060	-3.0403
-0.6051	-0.0591	0.6080	-3.0442
-0.6053	-0.0568	0.6080	-3.0480
-0.6075	-0.0547	0.6100	-3.0519
-0.6078	-0.0523	0.6100	-3.0557
-0.6099	-0.0502	0.6120	-3.0594
-0.6101	-0.0477	0.6120	-3.0636
-0.6103	-0.0454	0.6120	-3.0674
-0.6125	-0.0432	0.6140	-3.0712
-0.6146	-0.0417	0.6160	-3.0739
-0.6147	-0.0393	0.6160	-3.0777
-0.6149	-0.0369	0.6160	-3.0816
-0.6170	-0.0347	0.6180	-3.0854
-0.6191	-0.0325	0.6200	-3.0891
-0.6193	-0.0299	0.6200	-3.0933
-0.6214	-0.0277	0.6220	-3.0971
-0.6215	-0.0253	0.6220	-3.1009
-0.6236	-0.0230	0.6240	-3.1048
-0.6237	-0.0206	0.6240	-3.1085
-0.6257	-0.0183	0.6260	-3.1124
-0.6258	-0.0159	0.6260	-3.1162
-0.6279	-0.0135	0.6280	-3.1200
-0.6299	-0.0112	0.6300	-3.1239
-0.6299	-0.0088	0.6300	-3.1276
-0.6300	-0.0064	0.6300	-3.1314
-0.6320	-0.0045	0.6320	-3.1345
-0.6340	-0.0021	0.6340	-3.1382
