x	y	r	phi
-0.3000	0.0007	0.3000	3.1392
-0.2990	0.0023	0.2990	3.1340
-0.2980	0.0035	0.2980	3.1299
-0.2960	0.0049	0.2960	3.1250
-0.2949	0.0061	0.2950	3.1209
-0.2939	0.0073	0.2940	3.1169
-0.2929	0.0084	0.2930	3.1130
-0.2918	0.0099	0.2920	3.1078
-0.2908	0.0110	0.2910	3.1037
-0.2887	0.0124	0.2890	3.0988
-0.2877	0.0135	0.2880	3.0947
-0.2866	0.0146	0.2870	3.0907
-0.2856	0.0156	0.2860	3.0868
-0.2855	0.0168	0.2860	3.0827
-0.2844	0.0182	0.2850	3.0778
-0.2833	0.0193	0.2840	3.0737
-0.2823	0.0203	0.2830	3.0697
-0.2802	0.0216	0.2810	3.0647
-0.2791	0.0226	0.2800	3.0607
-0.2780	0.0240	0.2790	3.0555
-0.2769	0.0250	0.2780	3.0517
-0.2758	0.0260	0.2770	3.0475
-0.2757	0.0272	0.2770	3.0434
-0.2745	0.0284	0.2760	3.0385
-0.2734	0.0294	0.2750	3.0345
-0.2723	0.0304	0.2740	3.0304
-0.2722	0.0315	0.2740	3.0263
-0.2710	0.0327	0.2730	3.0214
-0.2699	0.0337	0.2720	3.0172
-0.2688	0.0347	0.2710	3.0132
-0.2676	0.0359	0.2700	3.0083
-0.2675	0.0370	0.2700	3.0042
-0.2673	0.0381	0.2700	3.0001
-0.2662	0.0390	0.2690	2.9962
-0.2650	0.0399	0.2680	2.9922
-0.2628	0.0409	0.2660	2.9870
-0.2617	0.0418	0.2650	2.9832
-0.2605	0.0430	0.2640	2.9780
-0.2603	0.0441	0.2640	2.9739
-0.2591	0.0449	0.2630	2.9701
-0.2580	0.0458	0.2620	2.9660
-0.2578	0.0468	0.2620	2.9619
-0.2566	0.0479	0.2610	2.9570
-0.2564	0.0490	0.2610	2.9529
-0.2552	0.0498	0.2600	2.9488
-0.2540	0.0507	0.2590	2.9448
-0.2528	0.0517	0.2580	2.9399
-0.2516	0.0525	0.2570	2.9358
-0.2503	0.0535	0.2560	2.9309
-0.2501	0.0546	0.2560	2.9267
-0.2499	0.0556	0.2560	2.9226
-0.2487	0.0564	0.2550	2.9186
-0.2485	0.0574	0.2550	2.9145
-0.2482	0.0584	0.2550	2.9106
-0.2470	0.0591	0.2540	2.9066
-0.2468	0.0602	0.2540	2.9025
-0.2455	0.0611	0.2530	2.8976
-0.2433	0.0616	0.2510	2.8935
-0.2420	0.0626	0.2500	2.8886
-0.2418	0.0636	0.2500	2.8845
-0.2415	0.0646	0.2500	2.8804
-0.2403	0.0653	0.2490	2.8763
-0.2400	0.0663	0.2490	2.8722
-0.2387	0.0672	0.2480	2.8673
-0.2375	0.0679	0.2470	2.8632
-0.2372	0.0688	0.2470	2.8591
-0.2369	0.0697	0.2470	2.8553
-0.2357	0.0704	0.2460	2.8512
-0.2354	0.0714	0.2460	2.8471
-0.2341	0.0723	0.2450	2.8422
-0.2338	0.0732	0.2450	2.8382
-0.2326	0.0739	0.2440	2.8340
-0.2322	0.0748	0.2440	2.8299
-0.2319	0.0758	0.2440	2.8259
-0.2316	0.0767	0.2440	2.8218
-0.2303	0.0776	0.2430	2.8166
-0.2280	0.0781	0.2410	2.8114
-0.2277	0.0791	0.2410	2.8073
-0.2284	0.0801	0.2420	2.8043
-0.2280	0.0810	0.2420	2.8002
-0.2267	0.0819	0.2410	2.7950
-0.2254	0.0824	0.2400	2.7910
-0.2231	0.0829	0.2380	2.7857
-0.2228	0.0838	0.2380	2.7817
-0.2224	0.0847	0.2380	2.7776
-0.2221	0.0857	0.2380	2.7734
-0.2227	0.0867	0.2390	2.7705
-0.2213	0.0875	0.2380	2.7653
-0.2190	0.0879	0.2360	2.7601
-0.2187	0.0888	0.2360	2.7560
-0.2183	0.0896	0.2360	2.7520
-0.2170	0.0902	0.2350	2.7478
-0.2166	0.0911	0.2350	2.7437
-0.2163	0.0919	0.2350	2.7397
-0.2159	0.0928	0.2350	2.7356
-0.2155	0.0937	0.2350	2.7314
-0.2151	0.0946	0.2350	2.7274
-0.2137	0.0953	0.2340	2.7222
-0.2133	0.0962	0.2340	2.7181
-0.2129	0.0970	0.2340	2.7140
-0.2125	0.0979	0.2340	2.7100
-0.2121	0.0988	0.2340	2.7058
-0.2108	0.0992	0.2330	2.7017
-0.2095	0.0996	0.2320	2.6977
-0.2081	0.1003	0.2310	2.6925
-0.2068	0.1007	0.2300	2.6884
-0.2064	0.1016	0.2300	2.6843
-0.2060	0.1024	0.2300	2.6802
-0.2055	0.1032	0.2300	2.6761
-0.2051	0.1041	0.2300	2.6720
-0.2047	0.1049	0.2300	2.6680
-0.2033	0.1055	0.2290	2.6630
-0.2028	0.1063	0.2290	2.6587
-0.2024	0.1072	0.2290	2.6546
-0.2019	0.1080	0.2290	2.6505
-0.2015	0.1088	0.2290	2.6464
-0.2010	0.1096	0.2290	2.6423
-0.2006	0.1105	0.2290	2.6383
-0.2001	0.1113	0.2290	2.6341
-0.1997	0.1121	0.2290	2.6300
-0.1984	0.1124	0.2280	2.6260
-0.1979	0.1132	0.2280	2.6219
-0.1974	0.1141	0.2280	2.6177
-0.1960	0.1146	0.2270	2.6126
-0.1946	0.1148	0.2260	2.6085
-0.1942	0.1156	0.2260	2.6044
-0.1937	0.1164	0.2260	2.6003
-0.1932	0.1172	0.2260	2.5963
-0.1927	0.1180	0.2260	2.5921
-0.1922	0.1188	0.2260	2.5880
-0.1918	0.1196	0.2260	2.5840
-0.1913	0.1204	0.2260	2.5799
-0.1898	0.1208	0.2250	2.5747
-0.1893	0.1216	0.2250	2.5706
-0.1898	0.1227	0.2260	2.5676
-0.1883	0.1231	0.2250	2.5624
-0.1870	0.1234	0.2240	2.5583
-0.1865	0.1241	0.2240	2.5543
-0.1860	0.1249	0.2240	2.5501
-0.1854	0.1257	0.2240	2.5460
-0.1849	0.1264	0.2240	2.5420
-0.1844	0.1272	0.2240	2.5379
-0.1839	0.1279	0.2240	2.5338
-0.1842	0.1292	0.2250	2.5297
-0.1836	0.1300	0.2250	2.5256
-0.1823	0.1302	0.2240	2.5215
-0.1817	0.1310	0.2240	2.5172
-0.1812	0.1317	0.2240	2.5130
-0.1806	0.1325	0.2240	2.5089
-0.1801	0.1332	0.2240	2.5049
-0.1787	0.1335	0.2230	2.5000
-0.1781	0.1342	0.2230	2.4959
-0.1785	0.1354	0.2240	2.4926
-0.1779	0.1361	0.2240	2.4885
-0.1764	0.1364	0.2230	2.4833
-0.1758	0.1371	0.2230	2.4792
-0.1753	0.1379	0.2230	2.4752
-0.1739	0.1380	0.2220	2.4711
-0.1734	0.1387	0.2220	2.4669
-0.1728	0.1394	0.2220	2.4629
-0.1722	0.1401	0.2220	2.4588
-0.1716	0.1408	0.2220	2.4547
-0.1711	0.1415	0.2220	2.4506
-0.1713	0.1428	0.2230	2.4465
-0.1707	0.1435	0.2230	2.4424
-0.1701	0.1442	0.2230	2.4384
-0.1687	0.1443	0.2220	2.4342
-0.1681	0.1450	0.2220	2.4301
-0.1676	0.1456	0.2220	2.4261
-0.1670	0.1463	0.2220	2.4220
-0.1671	0.1477	0.2230	2.4178
-0.1665	0.1483	0.2230	2.4138
-0.1659	0.1490	0.2230	2.4097
-0.1645	0.1490	0.2220	2.4056
-0.1639	0.1497	0.2220	2.4015
-0.1633	0.1504	0.2220	2.3974
-0.1627	0.1510	0.2220	2.3933
-0.1628	0.1524	0.2230	2.3890
-0.1621	0.1531	0.2230	2.3849
-0.1615	0.1538	0.2230	2.3807
-0.1609	0.1544	0.2230	2.3767
-0.1595	0.1544	0.2220	2.3726
-0.1589	0.1550	0.2220	2.3685
-0.1583	0.1557	0.2220	2.3644
-0.1583	0.1570	0.2230	2.3603
-0.1577	0.1577	0.2230	2.3562
-0.1563	0.1576	0.2220	2.3522
-0.1557	0.1583	0.2220	2.3480
-0.1550	0.1589	0.2220	2.3439
-0.1551	0.1602	0.2230	2.3399
-0.1544	0.1609	0.2230	2.3358
-0.1538	0.1615	0.2230	2.3317
-0.1540	0.1627	0.2240	2.3287
-0.1533	0.1633	0.2240	2.3247
-0.1526	0.1639	0.2240	2.3205
-0.1520	0.1646	0.2240	2.3164
-0.1513	0.1652	0.2240	2.3121
-0.1506	0.1658	0.2240	2.3080
-0.1499	0.1665	0.2240	2.3038
-0.1492	0.1671	0.2240	2.2998
-0.1485	0.1677	0.2240	2.2957
-0.1478	0.1683	0.2240	2.2916
-0.1472	0.1689	0.2240	2.2875
-0.1465	0.1695	0.2240	2.2834
-0.1458	0.1701	0.2240	2.2793
-0.1451	0.1707	0.2240	2.2753
-0.1450	0.1720	0.2250	2.2712
-0.1451	0.1732	0.2260	2.2682
-0.1444	0.1738	0.2260	2.2641
-0.1437	0.1744	0.2260	2.2599
-0.1430	0.1750	0.2260	2.2559
-0.1423	0.1756	0.2260	2.2518
-0.1416	0.1762	0.2260	2.2477
-0.1408	0.1767	0.2260	2.2436
-0.1401	0.1773	0.2260	2.2395
-0.1386	0.1773	0.2250	2.2343
-0.1378	0.1778	0.2250	2.2302
-0.1379	0.1791	0.2260	2.2270
-0.1372	0.1796	0.2260	2.2229
-0.1364	0.1802	0.2260	2.2188
-0.1357	0.1807	0.2260	2.2147
-0.1349	0.1813	0.2260	2.2107
-0.1342	0.1818	0.2260	2.2065
-0.1340	0.1832	0.2270	2.2024
-0.1341	0.1844	0.2280	2.1994
-0.1333	0.1850	0.2280	2.1953
-0.1326	0.1855	0.2280	2.1913
-0.1324	0.1869	0.2290	2.1872
-0.1310	0.1866	0.2280	2.1830
-0.1303	0.1871	0.2280	2.1790
-0.1301	0.1885	0.2290	2.1749
-0.1293	0.1890	0.2290	2.1708
-0.1285	0.1895	0.2290	2.1667
-0.1278	0.1901	0.2290	2.1626
-0.1270	0.1906	0.2290	2.1585
-0.1261	0.1911	0.2290	2.1542
-0.1254	0.1916	0.2290	2.1501
-0.1246	0.1922	0.2290	2.1459
-0.1245	0.1934	0.2300	2.1430
-0.1237	0.1939	0.2300	2.1388
-0.1230	0.1944	0.2300	2.1348
-0.1222	0.1949	0.2300	2.1307
-0.1219	0.1962	0.2310	2.1266
-0.1218	0.1975	0.2320	2.1233
-0.1203	0.1972	0.2310	2.1184
-0.1195	0.1977	0.2310	2.1143
-0.1198	0.1998	0.2330	2.1110
-0.1195	0.2012	0.2340	2.1070
-0.1187	0.2016	0.2340	2.1029
-0.1179	0.2021	0.2340	2.0988
-0.1171	0.2026	0.2340	2.0947
-0.1162	0.2031	0.2340	2.0906
-0.1154	0.2036	0.2340	2.0865
-0.1153	0.2048	0.2350	2.0835
-0.1144	0.2053	0.2350	2.0794
-0.1136	0.2057	0.2350	2.0754
-0.1128	0.2062	0.2350	2.0713
-0.1119	0.2066	0.2350	2.0671
-0.1111	0.2071	0.2350	2.0631
-0.1102	0.2075	0.2350	2.0590
-0.1093	0.2080	0.2350	2.0547
-0.1089	0.2094	0.2360	2.0505
-0.1088	0.2106	0.2370	2.0476
-0.1084	0.2119	0.2380	2.0435
-0.1081	0.2131	0.2390	2.0402
-0.1072	0.2136	0.2390	2.0361
-0.1068	0.2149	0.2400	2.0319
-0.1055	0.2145	0.2390	2.0279
-0.1046	0.2149	0.2390	2.0238
-0.1041	0.2162	0.2400	2.0197
-0.1033	0.2166	0.2400	2.0157
-0.1028	0.2180	0.2410	2.0115
-0.1019	0.2184	0.2410	2.0074
-0.1010	0.2188	0.2410	2.0034
-0.1001	0.2192	0.2410	1.9990
-0.0992	0.2196	0.2410	1.9949
-0.0983	0.2201	0.2410	1.9908
-0.0984	0.2222	0.2430	1.9878
-0.0981	0.2234	0.2440	1.9846
-0.0972	0.2238	0.2440	1.9805
-0.0963	0.2242	0.2440	1.9763
-0.0954	0.2246	0.2440	1.9723
-0.0944	0.2250	0.2440	1.9682
-0.0939	0.2263	0.2450	1.9641
-0.0930	0.2267	0.2450	1.9600
-0.0920	0.2271	0.2450	1.9556
-0.0910	0.2275	0.2450	1.9515
-0.0907	0.2287	0.2460	1.9485
-0.0902	0.2300	0.2470	1.9444
-0.0896	0.2313	0.2480	1.9404
-0.0892	0.2325	0.2490	1.9371
-0.0882	0.2328	0.2490	1.9330
-0.0873	0.2332	0.2490	1.9289
-0.0867	0.2345	0.2500	1.9249
-0.0857	0.2348	0.2500	1.9207
-0.0847	0.2352	0.2500	1.9166
-0.0843	0.2364	0.2510	1.9134
-0.0833	0.2368	0.2510	1.9092
-0.0824	0.2371	0.2510	1.9052
-0.0817	0.2384	0.2520	1.9011
-0.0811	0.2397	0.2530	1.8970
-0.0801	0.2400	0.2530	1.8929
-0.0796	0.2412	0.2540	1.8897
-0.0789	0.2425	0.2550	1.8855
-0.0779	0.2428	0.2550	1.8814
-0.0773	0.2441	0.2560	1.8774
-0.0763	0.2444	0.2560	1.8733
-0.0758	0.2456	0.2570	1.8700
-0.0747	0.2459	0.2570	1.8659
-0.0740	0.2471	0.2580	1.8619
-0.0730	0.2475	0.2580	1.8577
-0.0725	0.2486	0.2590	1.8545
-0.0715	0.2489	0.2590	1.8504
-0.0707	0.2502	0.2600	1.8462
-0.0700	0.2514	0.2610	1.8422
-0.0689	0.2517	0.2610	1.8381
-0.0684	0.2529	0.2620	1.8348
-0.0676	0.2542	0.2630	1.8307
-0.0666	0.2544	0.2630	1.8267
-0.0658	0.2557	0.2640	1.8226
-0.0647	0.2559	0.2640	1.8184
-0.0642	0.2571	0.2650	1.8155
-0.0633	0.2584	0.2660	1.8111
-0.0623	0.2586	0.2660	1.8070
-0.0614	0.2598	0.2670	1.8029
-0.0609	0.2610	0.2680	1.7999
-0.0598	0.2612	0.2680	1.7958
-0.0589	0.2625	0.2690	1.7915
-0.0578	0.2627	0.2690	1.7874
-0.0569	0.2639	0.2700	1.7833
-0.0564	0.2651	0.2710	1.7803
-0.0555	0.2663	0.2720	1.7762
-0.0544	0.2665	0.2720	1.7721
-0.0534	0.2677	0.2730	1.7677
-0.0528	0.2689	0.2740	1.7647
-0.0517	0.2691	0.2740	1.7606
-0.0508	0.2703	0.2750	1.7566
-0.0497	0.2705	0.2750	1.7525
-0.0487	0.2717	0.2760	1.7484
-0.0480	0.2728	0.2770	1.7451
-0.0471	0.2740	0.2780	1.7410
-0.0460	0.2742	0.2780	1.7369
-0.0450	0.2753	0.2790	1.7328
-0.0443	0.2765	0.2800	1.7296
-0.0433	0.2776	0.2810	1.7254
-0.0422	0.2778	0.2810	1.7214
-0.0412	0.2790	0.2820	1.7173
-0.0404	0.2801	0.2830	1.7140
-0.0394	0.2813	0.2840	1.7099
-0.0382	0.2814	0.2840	1.7058
-0.0372	0.2826	0.2850	1.7018
-0.0365	0.2837	0.2860	1.6988
-0.0354	0.2848	0.2870	1.6944
-0.0343	0.2859	0.2880	1.6903
-0.0333	0.2871	0.2890	1.6862
-0.0325	0.2882	0.2900	1.6832
-0.0315	0.2893	0.2910	1.6791
-0.0303	0.2904	0.2920	1.6747
-0.0295	0.2915	0.2930	1.6718
-0.0284	0.2926	0.2940	1.6676
-0.0274	0.2937	0.2950	1.6638
-0.0263	0.2948	0.2960	1.6598
-0.0255	0.2959	0.2970	1.6567
-0.0245	0.2970	0.2980	1.6530
-0.0233	0.2981	0.2990	1.6488
-0.0225	0.2992	0.3000	1.6459
-0.0214	0.3002	0.3010	1.6420
-0.0203	0.3013	0.3020	1.6379
-0.0191	0.3024	0.3030	1.6339
-0.0182	0.3035	0.3040	1.6308
-0.0172	0.3055	0.3060	1.6270
-0.0160	0.3066	0.3070	1.6230
-0.0151	0.3076	0.3080	1.6199
-0.0140	0.3087	0.3090	1.6161
-0.0128	0.3097	0.3100	1.6120
-0.0116	0.3108	0.3110	1.6082
-0.0107	0.3118	0.3120	1.6052
-0.0095	0.3139	0.3140	1.6011
-0.0083	0.3149	0.3150	1.5971
-0.0073	0.3159	0.3160	1.5940
-0.0062	0.3179	0.3180	1.5902
-0.0049	0.3190	0.3190	1.5861
-0.0039	0.3200	0.3200	1.5831
-0.0027	0.3210	0.3210	1.5793
-0.0014	0.3220	0.3220	1.5752
-0.0005	0.3240	0.3240	1.5722
0.0008	0.3250	0.3250	1.5684
0.0021	0.3260	0.3260	1.5643
0.0031	0.3280	0.3280	1.5613
0.0044	0.3290	0.3290	1.5575
0.0058	0.3299	0.3300	1.5533
0.0071	0.3299	0.3300	1.5493
0.0084	0.3319	0.3320	1.5455
0.0094	0.3329	0.3330	1.5425
0.0109	0.3348	0.3350	1.5384
0.0119	0.3368	0.3370	1.5354
0.0133	0.3377	0.3380	1.5316
0.0147	0.3397	0.3400	1.5275
0.0158	0.3416	0.3420	1.5245
0.0172	0.3436	0.3440	1.5207
0.0187	0.3445	0.3450	1.5165
0.0199	0.3464	0.3470	1.5136
0.0214	0.3483	0.3490	1.5094
0.0228	0.3503	0.3510	1.5057
0.0240	0.3512	0.3520	1.5026
0.0255	0.3521	0.3530	1.4986
0.0270	0.3540	0.3550	1.4948
0.0285	0.3549	0.3560	1.4906
0.0297	0.3568	0.3580	1.4877
0.0313	0.3586	0.3600	1.4838
0.0325	0.3605	0.3620	1.4809
0.0342	0.3624	0.3640	1.4767
0.0358	0.3632	0.3650	1.4726
0.0373	0.3651	0.3670	1.4689
0.0387	0.3670	0.3690	1.4658
0.0404	0.3688	0.3710	1.4618
0.0417	0.3707	0.3730	1.4587
0.0433	0.3725	0.3750	1.4550
0.0451	0.3743	0.3770	1.4509
0.0465	0.3761	0.3790	1.4479
0.0482	0.3779	0.3810	1.4441
0.0500	0.3797	0.3830	1.4399
0.0514	0.3816	0.3850	1.4370
0.0532	0.3843	0.3880	1.4331
0.0551	0.3861	0.3900	1.4290
0.0566	0.3879	0.3920	1.4260
0.0584	0.3896	0.3940	1.4219
0.0602	0.3914	0.3960	1.4182
0.0617	0.3932	0.3980	1.4151
0.0638	0.3959	0.4010	1.4111
0.0656	0.3976	0.4030	1.4072
0.0673	0.4004	0.4060	1.4043
0.0693	0.4021	0.4080	1.4001
0.0708	0.4038	0.4100	1.3972
0.0727	0.4055	0.4120	1.3933
0.0749	0.4082	0.4150	1.3892
0.0765	0.4099	0.4170	1.3862
0.0787	0.4126	0.4200	1.3824
0.0807	0.4142	0.4220	1.3783
0.0826	0.4169	0.4250	1.3753
0.0849	0.4195	0.4280	1.3712
0.0868	0.4211	0.4300	1.3674
0.0885	0.4228	0.4320	1.3644
0.0909	0.4254	0.4350	1.3604
0.0927	0.4260	0.4360	1.3565
0.0949	0.4296	0.4400	1.3535
0.0979	0.4351	0.4460	1.3494
0.0997	0.4368	0.4480	1.3465
0.1016	0.4374	0.4490	1.3426
0.1041	0.4399	0.4520	1.3385
0.1066	0.4423	0.4550	1.3344
0.1086	0.4449	0.4580	1.3314
0.1110	0.4474	0.4610	1.3276
0.1131	0.4500	0.4640	1.3246
0.1157	0.4524	0.4670	1.3205
0.1185	0.4558	0.4710	1.3164
0.1208	0.4583	0.4740	1.3131
0.1234	0.4608	0.4770	1.3091
0.1261	0.4631	0.4800	1.3049
0.1287	0.4666	0.4840	1.3017
0.1314	0.4689	0.4870	1.2976
0.1344	0.4722	0.4910	1.2935
0.1368	0.4747	0.4940	1.2903
0.1398	0.4780	0.4980	1.2861
0.1425	0.4813	0.5020	1.2829
0.1454	0.4836	0.5050	1.2788
0.1485	0.4868	0.5090	1.2746
0.1513	0.4902	0.5130	1.2714
0.1542	0.4924	0.5160	1.2674
0.1574	0.4956	0.5200	1.2632
0.1603	0.4989	0.5240	1.2600
0.1636	0.5020	0.5280	1.2559
0.1670	0.5051	0.5320	1.2515
0.1704	0.5103	0.5380	1.2485
0.1738	0.5134	0.5420	1.2444
0.1767	0.5145	0.5440	1.2400
0.1802	0.5197	0.5500	1.2371
0.1838	0.5226	0.5540	1.2326
0.1872	0.5257	0.5580	1.2286
0.1909	0.5307	0.5640	1.2256
0.1945	0.5337	0.5680	1.2212
0.1982	0.5387	0.5740	1.2183
0.2027	0.5434	0.5800	1.2139
0.2063	0.5463	0.5840	1.2097
0.2102	0.5513	0.5900	1.2065
0.2146	0.5560	0.5960	1.2024
0.2178	0.5591	0.6000	1.1994
0.2224	0.5637	0.6060	1.1951
0.2262	0.5665	0.6100	1.1909
0.2303	0.5713	0.6160	1.1877
0.2349	0.5759	0.6220	1.1836
0.2403	0.5824	0.6300	1.1795
0.2445	0.5871	0.6360	1.1763
0.2492	0.5917	0.6420	1.1722
0.2535	0.5964	0.6480	1.1689
0.2583	0.6008	0.6540	1.1648
0.2632	0.6053	0.6600	1.1606
0.2684	0.6117	0.6680	1.1574
0.2741	0.6180	0.6760	1.1534
0.2791	0.6223	0.6820	1.1492
0.2844	0.6287	0.6900	1.1460
0.2903	0.6348	0.6980	1.1419
0.2957	0.6411	0.7060	1.1386
0.3009	0.6453	0.7120	1.1345
0.3069	0.6513	0.7200	1.1304
0.3125	0.6575	0.7280	1.1272
0.3195	0.6653	0.7380	1.1231
0.3251	0.6714	0.7460	1.1198
0.3314	0.6773	0.7540	1.1157
0.3387	0.6848	0.7640	1.1116
0.3445	0.6909	0.7720	1.1083
0.3517	0.6984	0.7820	1.1043
0.3591	0.7059	0.7920	1.1002
0.3660	0.7136	0.8020	1.0969
0.3735	0.7210	0.8120	1.0928
0.3814	0.7304	0.8240	1.0895
0.3891	0.7377	0.8340	1.0854
0.3977	0.7467	0.8460	1.0814
0.4049	0.7542	0.8560	1.0781
0.4137	0.7631	0.8680	1.0740
0.4220	0.7722	0.8800	1.0707
0.4319	0.7828	0.8940	1.0666
0.4410	0.7914	0.9060	1.0625
0.4504	0.8022	0.9200	1.0592
0.4605	0.8126	0.9340	1.0552
0.4701	0.8232	0.9480	1.0519
0.4815	0.8351	0.9640	1.0478
0.4922	0.8451	0.9780	1.0434
0.5028	0.8574	0.9940	1.0404
0.3677	-0.3208	0.4880	-0.7174
0.3672	-0.3229	0.4890	-0.7213
0.3659	-0.3244	0.4890	-0.7254
0.3646	-0.3259	0.4890	-0.7294
0.3626	-0.3266	0.4880	-0.7332
0.3612	-0.3281	0.4880	-0.7374
0.3599	-0.3296	0.4880	-0.7415
0.3593	-0.3317	0.4890	-0.7455
0.3580	-0.3331	0.4890	-0.7493
0.3559	-0.3339	0.4880	-0.7535
0.3546	-0.3353	0.4880	-0.7575
0.3540	-0.3374	0.4890	-0.7613
0.3526	-0.3388	0.4890	-0.7655
0.3512	-0.3403	0.4890	-0.7696
0.3492	-0.3409	0.4880	-0.7733
0.3478	-0.3423	0.4880	-0.7774
0.3457	-0.3430	0.4870	-0.7816
0.3444	-0.3444	0.4870	-0.7854
0.3437	-0.3465	0.4880	-0.7894
0.3436	-0.3493	0.4900	-0.7935
0.3416	-0.3499	0.4890	-0.7974
0.3402	-0.3513	0.4890	-0.8014
0.3387	-0.3527	0.4890	-0.8055
0.3373	-0.3541	0.4890	-0.8097
0.3360	-0.3553	0.4890	-0.8134
0.3345	-0.3567	0.4890	-0.8175
0.3330	-0.3581	0.4890	-0.8216
0.3316	-0.3594	0.4890	-0.8255
0.3302	-0.3607	0.4890	-0.8295
0.3294	-0.3628	0.4900	-0.8336
0.3273	-0.3633	0.4890	-0.8375
0.3258	-0.3646	0.4890	-0.8415
0.3243	-0.3660	0.4890	-0.8456
0.3236	-0.3679	0.4900	-0.8494
0.3227	-0.3700	0.4910	-0.8536
0.3206	-0.3706	0.4900	-0.8576
0.3192	-0.3718	0.4900	-0.8614
0.3176	-0.3731	0.4900	-0.8655
0.3161	-0.3744	0.4900	-0.8696
0.3152	-0.3765	0.4910	-0.8737
0.3138	-0.3777	0.4910	-0.8775
0.3122	-0.3790	0.4910	-0.8817
0.3107	-0.3802	0.4910	-0.8857
0.3092	-0.3814	0.4910	-0.8895
0.3077	-0.3827	0.4910	-0.8936
0.3071	-0.3844	0.4920	-0.8966
0.3055	-0.3856	0.4920	-0.9007
0.3047	-0.3876	0.4930	-0.9046
0.3031	-0.3888	0.4930	-0.9086
0.3015	-0.3900	0.4930	-0.9127
0.3006	-0.3920	0.4940	-0.9166
0.2990	-0.3932	0.4940	-0.9206
0.2974	-0.3944	0.4940	-0.9247
0.2958	-0.3957	0.4940	-0.9288
0.2943	-0.3968	0.4940	-0.9327
0.2933	-0.3988	0.4950	-0.9367
0.2922	-0.4008	0.4960	-0.9408
0.2907	-0.4019	0.4960	-0.9446
0.2885	-0.4023	0.4950	-0.9487
0.2874	-0.4043	0.4960	-0.9528
0.2864	-0.4062	0.4970	-0.9566
0.2853	-0.4081	0.4980	-0.9607
0.2837	-0.4093	0.4980	-0.9648
0.2821	-0.4104	0.4980	-0.9686
0.2804	-0.4116	0.4980	-0.9727
0.2793	-0.4135	0.4990	-0.9768
0.2783	-0.4154	0.5000	-0.9806
0.2765	-0.4166	0.5000	-0.9847
0.2749	-0.4177	0.5000	-0.9887
0.2737	-0.4196	0.5010	-0.9929
0.2730	-0.4213	0.5020	-0.9958
0.2714	-0.4223	0.5020	-0.9997
0.2696	-0.4234	0.5020	-1.0038
0.2684	-0.4254	0.5030	-1.0079
0.2668	-0.4264	0.5030	-1.0117
0.2651	-0.4275	0.5030	-1.0158
0.2638	-0.4294	0.5040	-1.0199
0.2622	-0.4304	0.5040	-1.0237
0.2608	-0.4324	0.5050	-1.0281
0.2601	-0.4352	0.5070	-1.0322
0.2583	-0.4363	0.5070	-1.0362
0.2565	-0.4373	0.5070	-1.0403
0.2551	-0.4393	0.5080	-1.0447
0.2538	-0.4412	0.5090	-1.0488
0.2525	-0.4431	0.5100	-1.0529
0.2507	-0.4442	0.5100	-1.0570
0.2489	-0.4452	0.5100	-1.0610
0.2474	-0.4471	0.5110	-1.0654
0.2451	-0.4472	0.5100	-1.0695
0.2442	-0.4500	0.5120	-1.0736
0.2424	-0.4510	0.5120	-1.0777
0.2418	-0.4536	0.5140	-1.0810
0.2399	-0.4546	0.5140	-1.0851
0.2381	-0.4555	0.5140	-1.0891
0.2361	-0.4566	0.5140	-1.0935
0.2352	-0.4593	0.5160	-1.0976
0.2333	-0.4603	0.5160	-1.1017
0.2323	-0.4630	0.5180	-1.1058
0.2304	-0.4639	0.5180	-1.1098
0.2284	-0.4649	0.5180	-1.1142
0.2273	-0.4677	0.5200	-1.1184
0.2254	-0.4686	0.5200	-1.1224
0.2244	-0.4713	0.5220	-1.1265
0.2223	-0.4723	0.5220	-1.1308
0.2204	-0.4732	0.5220	-1.1350
0.2198	-0.4757	0.5240	-1.1379
0.2177	-0.4766	0.5240	-1.1423
0.2166	-0.4793	0.5260	-1.1465
0.2146	-0.4802	0.5260	-1.1505
0.2126	-0.4811	0.5260	-1.1546
0.2115	-0.4838	0.5280	-1.1587
0.2094	-0.4847	0.5280	-1.1630
0.2082	-0.4874	0.5300	-1.1672
0.2062	-0.4882	0.5300	-1.1712
0.2042	-0.4891	0.5300	-1.1753
0.2028	-0.4918	0.5320	-1.1797
0.2016	-0.4945	0.5340	-1.1838
0.1995	-0.4953	0.5340	-1.1879
0.1986	-0.4978	0.5360	-1.1911
0.1966	-0.4986	0.5360	-1.1953
0.1953	-0.5013	0.5380	-1.1993
0.1932	-0.5021	0.5380	-1.2034
0.1917	-0.5048	0.5400	-1.2078
0.1897	-0.5056	0.5400	-1.2118
0.1876	-0.5064	0.5400	-1.2160
0.1862	-0.5090	0.5420	-1.2201
0.1848	-0.5116	0.5440	-1.2241
0.1826	-0.5124	0.5440	-1.2285
0.1812	-0.5151	0.5460	-1.2326
0.1791	-0.5158	0.5460	-1.2367
0.1780	-0.5183	0.5480	-1.2399
0.1759	-0.5190	0.5480	-1.2441
0.1744	-0.5216	0.5500	-1.2482
0.1723	-0.5223	0.5500	-1.2522
0.1706	-0.5250	0.5520	-1.2566
0.1691	-0.5276	0.5540	-1.2606
0.1669	-0.5283	0.5540	-1.2648
0.1653	-0.5309	0.5560	-1.2689
0.1632	-0.5315	0.5560	-1.2729
0.1614	-0.5341	0.5580	-1.2773
0.1604	-0.5365	0.5600	-1.2803
0.1580	-0.5372	0.5600	-1.2847
0.1564	-0.5398	0.5620	-1.2887
0.1542	-0.5404	0.5620	-1.2929
0.1525	-0.5430	0.5640	-1.2970
0.1509	-0.5455	0.5660	-1.3010
0.1484	-0.5462	0.5660	-1.3054
0.1467	-0.5487	0.5680	-1.3095
0.1450	-0.5512	0.5700	-1.3136
0.1427	-0.5518	0.5700	-1.3177
0.1414	-0.5542	0.5720	-1.3209
0.1391	-0.5548	0.5720	-1.3251
0.1374	-0.5573	0.5740	-1.3291
0.1354	-0.5599	0.5760	-1.3335
0.1336	-0.5624	0.5780	-1.3376
0.1313	-0.5629	0.5780	-1.3417
0.1294	-0.5654	0.5800	-1.3458
0.1275	-0.5679	0.5820	-1.3499
0.1251	-0.5684	0.5820	-1.3542
0.1231	-0.5709	0.5840	-1.3583
0.1217	-0.5732	0.5860	-1.3616
0.1198	-0.5757	0.5880	-1.3656
0.1178	-0.5781	0.5900	-1.3697
0.1154	-0.5786	0.5900	-1.3739
0.1139	-0.5830	0.5940	-1.3779
0.1113	-0.5835	0.5940	-1.3823
0.1093	-0.5859	0.5960	-1.3864
0.1073	-0.5883	0.5980	-1.3905
0.1048	-0.5887	0.5980	-1.3946
0.1033	-0.5910	0.6000	-1.3978
0.1012	-0.5934	0.6020	-1.4020
0.0991	-0.5958	0.6040	-1.4060
0.0968	-0.5982	0.6060	-1.4104
0.0946	-0.6006	0.6080	-1.4145
0.0925	-0.6029	0.6100	-1.4185
0.0903	-0.6053	0.6120	-1.4227
0.0883	-0.6076	0.6140	-1.4265
0.0858	-0.6080	0.6140	-1.4305
0.0843	-0.6122	0.6180	-1.4339
0.0819	-0.6126	0.6180	-1.4379
0.0798	-0.6148	0.6200	-1.4418
0.0777	-0.6191	0.6240	-1.4459
0.0753	-0.6194	0.6240	-1.4499
0.0729	-0.6217	0.6260	-1.4540
0.0706	-0.6240	0.6280	-1.4581
0.0692	-0.6282	0.6320	-1.4611
0.0668	-0.6305	0.6340	-1.4652
0.0645	-0.6327	0.6360	-1.4693
0.0619	-0.6330	0.6360	-1.4734
0.0596	-0.6372	0.6400	-1.4775
0.0572	-0.6394	0.6420	-1.4815
0.0548	-0.6417	0.6440	-1.4857
0.0523	-0.6439	0.6460	-1.4898
0.0505	-0.6460	0.6480	-1.4928
0.0480	-0.6482	0.6500	-1.4969
0.0455	-0.6504	0.6520	-1.5009
0.0431	-0.6546	0.6560	-1.5050
0.0405	-0.6568	0.6580	-1.5091
0.0382	-0.6589	0.6600	-1.5129
0.0356	-0.6610	0.6620	-1.5170
0.0336	-0.6652	0.6660	-1.5203
0.0310	-0.6673	0.6680	-1.5244
0.0285	-0.6694	0.6700	-1.5282
0.0259	-0.6715	0.6720	-1.5323
0.0233	-0.6756	0.6760	-1.5364
0.0205	-0.6777	0.6780	-1.5405
0.0179	-0.6798	0.6800	-1.5445
0.0159	-0.6838	0.6840	-1.5476
0.0132	-0.6859	0.6860	-1.5516
0.0104	-0.6899	0.6900	-1.5557
0.0076	-0.6920	0.6920	-1.5599
0.0048	-0.6960	0.6960	-1.5639
0.0019	-0.6980	0.6980	-1.5680
-0.0009	-0.7000	0.7000	-1.5721
-0.0030	-0.7040	0.7040	-1.5751
-0.0060	-0.7060	0.7060	-1.5792
-0.0088	-0.7099	0.7100	-1.5833
-0.0118	-0.7119	0.7120	-1.5874
-0.0148	-0.7158	0.7160	-1.5915
-0.0177	-0.7198	0.7200	-1.5953
-0.0206	-0.7217	0.7220	-1.5994
-0.0231	-0.7256	0.7260	-1.6026
-0.0262	-0.7295	0.7300	-1.6067
-0.0292	-0.7334	0.7340	-1.6106
-0.0322	-0.7353	0.7360	-1.6146
-0.0354	-0.7372	0.7380	-1.6187
-0.0386	-0.7410	0.7420	-1.6229
-0.0410	-0.7449	0.7460	-1.6258
-0.0443	-0.7487	0.7500	-1.6300
-0.0476	-0.7525	0.7540	-1.6340
-0.0510	-0.7563	0.7580	-1.6381
-0.0542	-0.7581	0.7600	-1.6422
-0.0577	-0.7638	0.7660	-1.6462
-0.0610	-0.7656	0.7680	-1.6504
-0.0637	-0.7694	0.7720	-1.6533
-0.0672	-0.7731	0.7760	-1.6575
-0.0707	-0.7768	0.7800	-1.6616
-0.0742	-0.7805	0.7840	-1.6656
-0.0778	-0.7841	0.7880	-1.6697
-0.0815	-0.7878	0.7920	-1.6739
-0.0842	-0.7915	0.7960	-1.6768
-0.0879	-0.7952	0.8000	-1.6810
-0.0916	-0.7988	0.8040	-1.6850
-0.0954	-0.8024	0.8080	-1.6891
-0.0994	-0.8079	0.8140	-1.6932
-0.1029	-0.8115	0.8180	-1.6970
-0.1062	-0.8151	0.8220	-1.7003
-0.1100	-0.8186	0.8260	-1.7043
-0.1139	-0.8221	0.8300	-1.7085
-0.1246	-0.8267	0.8360	-1.7205
-0.1429	-0.8318	0.8440	-1.7409
-0.1456	-0.8273	0.8400	-1.7450
-0.1484	-0.8248	0.8380	-1.7488
-0.1511	-0.8202	0.8340	-1.7530
-0.1544	-0.8196	0.8340	-1.7570
-0.1574	-0.8170	0.8320	-1.7611
-0.1600	-0.8124	0.8280	-1.7652
-0.1629	-0.8098	0.8260	-1.7693
-0.1658	-0.8071	0.8240	-1.7734
-0.1687	-0.8045	0.8220	-1.7775
-0.1715	-0.8019	0.8200	-1.7815
-0.1750	-0.7991	0.8180	-1.7864
-0.1779	-0.7964	0.8160	-1.7905
-0.1812	-0.7956	0.8160	-1.7947
-0.1835	-0.7910	0.8120	-1.7987
-0.1860	-0.7883	0.8100	-1.8025
-0.1888	-0.7856	0.8080	-1.8066
-0.1916	-0.7829	0.8060	-1.8108
-0.1940	-0.7802	0.8040	-1.8145
-0.1967	-0.7775	0.8020	-1.8186
-0.1994	-0.7747	0.8000	-1.8228
-0.2024	-0.7740	0.8000	-1.8266
-0.2045	-0.7693	0.7960	-1.8306
-0.2071	-0.7665	0.7940	-1.8347
-0.2101	-0.7657	0.7940	-1.8386
-0.2135	-0.7627	0.7920	-1.8437
-0.2159	-0.7599	0.7900	-1.8476
-0.2184	-0.7571	0.7880	-1.8516
-0.2215	-0.7562	0.7880	-1.8557
-0.2238	-0.7535	0.7860	-1.8596
-0.2257	-0.7487	0.7820	-1.8636
-0.2288	-0.7478	0.7820	-1.8677
-0.2311	-0.7450	0.7800	-1.8716
-0.2341	-0.7440	0.7800	-1.8757
-0.2365	-0.7412	0.7780	-1.8797
-0.2387	-0.7384	0.7760	-1.8835
-0.2412	-0.7355	0.7740	-1.8877
-0.2435	-0.7326	0.7720	-1.8917
-0.2463	-0.7317	0.7720	-1.8955
-0.2487	-0.7287	0.7700	-1.8996
-0.2516	-0.7256	0.7680	-1.9045
-0.2539	-0.7227	0.7660	-1.9087
-0.2567	-0.7217	0.7660	-1.9125
-0.2589	-0.7188	0.7640	-1.9165
-0.2619	-0.7177	0.7640	-1.9206
-0.2639	-0.7148	0.7620	-1.9245
-0.2661	-0.7119	0.7600	-1.9285
-0.2683	-0.7089	0.7580	-1.9326
-0.2710	-0.7079	0.7580	-1.9365
-0.2732	-0.7049	0.7560	-1.9406
-0.2753	-0.7019	0.7540	-1.9446
-0.2780	-0.7009	0.7540	-1.9484
-0.2802	-0.6979	0.7520	-1.9526
-0.2822	-0.6949	0.7500	-1.9566
-0.2849	-0.6938	0.7500	-1.9604
-0.2870	-0.6908	0.7480	-1.9646
-0.2898	-0.6896	0.7480	-1.9687
-0.2916	-0.6866	0.7460	-1.9724
-0.2944	-0.6833	0.7440	-1.9776
-0.2970	-0.6822	0.7440	-1.9814
-0.2998	-0.6809	0.7440	-1.9855
-0.3018	-0.6779	0.7420	-1.9897
-0.3035	-0.6749	0.7400	-1.9934
-0.3063	-0.6736	0.7400	-1.9975
-0.3082	-0.6706	0.7380	-2.0017
-0.3108	-0.6694	0.7380	-2.0055
-0.3126	-0.6663	0.7360	-2.0095
-0.3154	-0.6650	0.7360	-2.0136
-0.3171	-0.6620	0.7340	-2.0175
-0.3197	-0.6607	0.7340	-2.0215
-0.3216	-0.6576	0.7320	-2.0256
-0.3232	-0.6546	0.7300	-2.0295
-0.3259	-0.6532	0.7300	-2.0336
-0.3285	-0.6519	0.7300	-2.0376
-0.3301	-0.6488	0.7280	-2.0414
-0.3328	-0.6475	0.7280	-2.0456
-0.3345	-0.6444	0.7260	-2.0496
-0.3369	-0.6431	0.7260	-2.0534
-0.3387	-0.6399	0.7240	-2.0575
-0.3413	-0.6385	0.7240	-2.0617
-0.3437	-0.6372	0.7240	-2.0654
-0.3460	-0.6337	0.7220	-2.0706
-0.3484	-0.6324	0.7220	-2.0744
-0.3501	-0.6292	0.7200	-2.0785
-0.3527	-0.6277	0.7200	-2.0827
-0.3550	-0.6264	0.7200	-2.0864
-0.3566	-0.6232	0.7180	-2.0905
-0.3592	-0.6217	0.7180	-2.0947
-0.3615	-0.6203	0.7180	-2.0985
-0.3630	-0.6171	0.7160	-2.1025
-0.3645	-0.6139	0.7140	-2.1066
-0.3669	-0.6125	0.7140	-2.1105
-0.3694	-0.6110	0.7140	-2.1145
-0.3719	-0.6095	0.7140	-2.1186
-0.3732	-0.6064	0.7120	-2.1225
-0.3756	-0.6049	0.7120	-2.1265
-0.3770	-0.6016	0.7100	-2.1306
-0.3804	-0.6019	0.7120	-2.1344
-0.3818	-0.5986	0.7100	-2.1386
-0.3831	-0.5954	0.7080	-2.1426
-0.3854	-0.5939	0.7080	-2.1464
-0.3879	-0.5923	0.7080	-2.1505
-0.3902	-0.5907	0.7080	-2.1546
-0.3925	-0.5892	0.7080	-2.1584
-0.3938	-0.5860	0.7060	-2.1625
-0.3962	-0.5843	0.7060	-2.1667
-0.3984	-0.5828	0.7060	-2.1704
-0.4008	-0.5812	0.7060	-2.1745
-0.4021	-0.5779	0.7040	-2.1786
-0.4043	-0.5764	0.7040	-2.1825
-0.4067	-0.5746	0.7040	-2.1868
-0.4091	-0.5729	0.7040	-2.1909
-0.4109	-0.5692	0.7020	-2.1961
-0.4132	-0.5675	0.7020	-2.2001
-0.4155	-0.5658	0.7020	-2.2042
-0.4179	-0.5641	0.7020	-2.2084
-0.4203	-0.5623	0.7020	-2.2127
-0.4226	-0.5605	0.7020	-2.2168
-0.4237	-0.5572	0.7000	-2.2209
-0.4259	-0.5555	0.7000	-2.2249
-0.4284	-0.5536	0.7000	-2.2294
-0.4307	-0.5518	0.7000	-2.2335
-0.4329	-0.5501	0.7000	-2.2375
-0.4341	-0.5466	0.6980	-2.2419
-0.4363	-0.5449	0.6980	-2.2459
-0.4385	-0.5431	0.6980	-2.2501
-0.4407	-0.5413	0.6980	-2.2542
-0.4431	-0.5393	0.6980	-2.2585
-0.4453	-0.5375	0.6980	-2.2626
-0.4462	-0.5341	0.6960	-2.2667
-0.4484	-0.5323	0.6960	-2.2708
-0.4520	-0.5319	0.6980	-2.2752
-0.4528	-0.5285	0.6960	-2.2792
-0.4550	-0.5267	0.6960	-2.2833
-0.4572	-0.5248	0.6960	-2.2875
-0.4594	-0.5228	0.6960	-2.2918
-0.4616	-0.5209	0.6960	-2.2959
-0.4637	-0.5190	0.6960	-2.3000
-0.4658	-0.5171	0.6960	-2.3040
-0.4668	-0.5136	0.6940	-2.3084
-0.4702	-0.5132	0.6960	-2.3125
-0.4723	-0.5112	0.6960	-2.3166
-0.4744	-0.5093	0.6960	-2.3207
-0.4752	-0.5058	0.6940	-2.3250
-0.4773	-0.5038	0.6940	-2.3292
-0.4794	-0.5018	0.6940	-2.3333
-0.4828	-0.5014	0.6960	-2.3373
-0.4850	-0.4992	0.6960	-2.3417
-0.4856	-0.4958	0.6940	-2.3457
-0.4876	-0.4938	0.6940	-2.3499
-0.4912	-0.4931	0.6960	-2.3543
-0.4932	-0.4911	0.6960	-2.3583
-0.4938	-0.4877	0.6940	-2.3624
-0.4972	-0.4870	0.6960	-2.3665
-0.4993	-0.4849	0.6960	-2.3709
-0.5013	-0.4828	0.6960	-2.3750
-0.5032	-0.4808	0.6960	-2.3790
-0.5052	-0.4787	0.6960	-2.3831
-0.5073	-0.4765	0.6960	-2.3875
-0.5092	-0.4744	0.6960	-2.3916
-0.5112	-0.4723	0.6960	-2.3957
-0.5131	-0.4702	0.6960	-2.3998
-0.5152	-0.4680	0.6960	-2.4041
-0.5171	-0.4659	0.6960	-2.4083
-0.5190	-0.4638	0.6960	-2.4123
-0.5224	-0.4630	0.6980	-2.4164
-0.5244	-0.4607	0.6980	-2.4208
-0.5263	-0.4585	0.6980	-2.4248
-0.5281	-0.4564	0.6980	-2.4290
-0.5300	-0.4542	0.6980	-2.4331
-0.5320	-0.4519	0.6980	-2.4374
-0.5354	-0.4510	0.7000	-2.4415
-0.5372	-0.4488	0.7000	-2.4455
-0.5390	-0.4466	0.7000	-2.4497
-0.5410	-0.4442	0.7000	-2.4541
-0.5428	-0.4420	0.7000	-2.4581
-0.5446	-0.4398	0.7000	-2.4622
-0.5465	-0.4374	0.7000	-2.4666
-0.5483	-0.4352	0.7000	-2.4707
-0.5516	-0.4342	0.7020	-2.4748
-0.5534	-0.4319	0.7020	-2.4789
-0.5553	-0.4295	0.7020	-2.4832
-0.5570	-0.4272	0.7020	-2.4873
-0.5588	-0.4250	0.7020	-2.4914
-0.5605	-0.4227	0.7020	-2.4955
-0.5624	-0.4202	0.7020	-2.4999
-0.5652	-0.4197	0.7040	-2.5029
-0.5686	-0.4184	0.7060	-2.5072
-0.5704	-0.4161	0.7060	-2.5113
-0.5704	-0.4126	0.7040	-2.5154
-0.5737	-0.4114	0.7060	-2.5195
-0.5755	-0.4089	0.7060	-2.5239
-0.5772	-0.4065	0.7060	-2.5280
-0.5805	-0.4053	0.7080	-2.5320
-0.5822	-0.4029	0.7080	-2.5361
-0.5855	-0.4016	0.7100	-2.5405
-0.5872	-0.3991	0.7100	-2.5446
-0.5888	-0.3967	0.7100	-2.5487
-0.5904	-0.3943	0.7100	-2.5527
-0.5938	-0.3928	0.7120	-2.5571
-0.5938	-0.3893	0.7100	-2.5613
-0.5970	-0.3880	0.7120	-2.5653
-0.5986	-0.3855	0.7120	-2.5694
-0.6003	-0.3829	0.7120	-2.5737
-0.6035	-0.3815	0.7140	-2.5779
-0.6051	-0.3790	0.7140	-2.5820
-0.6083	-0.3776	0.7160	-2.5860
-0.6099	-0.3751	0.7160	-2.5901
-0.6114	-0.3726	0.7160	-2.5942
-0.6129	-0.3702	0.7160	-2.5983
-0.6161	-0.3687	0.7180	-2.6024
-0.6194	-0.3671	0.7200	-2.6065
-0.6208	-0.3646	0.7200	-2.6105
-0.6223	-0.3621	0.7200	-2.6147
-0.6238	-0.3595	0.7200	-2.6188
-0.6270	-0.3580	0.7220	-2.6228
-0.6285	-0.3554	0.7220	-2.6269
-0.6313	-0.3545	0.7240	-2.6299
-0.6327	-0.3519	0.7240	-2.6340
-0.6356	-0.3467	0.7240	-2.6422
-0.6232	-0.3189	0.7000	-2.6686
-0.6173	-0.3127	0.6920	-2.6728
-0.6115	-0.3065	0.6840	-2.6769
-0.6058	-0.3000	0.6760	-2.6818
-0.5998	-0.2940	0.6680	-2.6858
-0.5941	-0.2874	0.6600	-2.6910
-0.5899	-0.2824	0.6540	-2.6951
-0.5840	-0.2761	0.6460	-2.7000
-0.5779	-0.2703	0.6380	-2.7041
-0.5720	-0.2639	0.6300	-2.7093
-0.5677	-0.2591	0.6240	-2.7134
-0.5614	-0.2535	0.6160	-2.7174
-0.5572	-0.2483	0.6100	-2.7224
-0.5527	-0.2436	0.6040	-2.7265
-0.5484	-0.2383	0.5980	-2.7316
-0.5439	-0.2337	0.5920	-2.7358
-0.5394	-0.2291	0.5860	-2.7399
-0.5349	-0.2242	0.5800	-2.7448
-0.5303	-0.2197	0.5740	-2.7489
-0.5259	-0.2146	0.5680	-2.7541
-0.5212	-0.2103	0.5620	-2.7581
-0.5185	-0.2063	0.5580	-2.7630
-0.5137	-0.2019	0.5520	-2.7671
-0.5092	-0.1971	0.5460	-2.7723
-0.5063	-0.1936	0.5420	-2.7764
-0.5014	-0.1894	0.5360	-2.7804
-0.4986	-0.1855	0.5320	-2.7854
-0.4937	-0.1814	0.5260	-2.7894
-0.4909	-0.1775	0.5220	-2.7946
-0.4879	-0.1741	0.5180	-2.7987
-0.4848	-0.1708	0.5140	-2.8029
-0.4800	-0.1665	0.5080	-2.8078
-0.4778	-0.1635	0.5050	-2.8119
-0.4748	-0.1598	0.5010	-2.8171
-0.4717	-0.1566	0.4970	-2.8211
-0.4685	-0.1534	0.4930	-2.8252
-0.4645	-0.1496	0.4880	-2.8301
-0.4623	-0.1467	0.4850	-2.8342
-0.4582	-0.1429	0.4800	-2.8394
-0.4560	-0.1401	0.4770	-2.8435
-0.4527	-0.1371	0.4730	-2.8475
-0.4495	-0.1337	0.4690	-2.8524
-0.4462	-0.1308	0.4650	-2.8566
-0.4440	-0.1276	0.4620	-2.8617
-0.4417	-0.1250	0.4590	-2.8659
-0.4384	-0.1217	0.4550	-2.8707
-0.4360	-0.1191	0.4520	-2.8749
-0.4336	-0.1166	0.4490	-2.8789
-0.4303	-0.1133	0.4450	-2.8841
-0.4279	-0.1108	0.4420	-2.8882
-0.4255	-0.1080	0.4390	-2.8931
-0.4230	-0.1055	0.4360	-2.8972
-0.4206	-0.1030	0.4330	-2.9013
-0.4182	-0.1002	0.4300	-2.9065
-0.4157	-0.0978	0.4270	-2.9105
-0.4131	-0.0954	0.4240	-2.9147
-0.4107	-0.0927	0.4210	-2.9195
-0.4081	-0.0904	0.4180	-2.9237
-0.4075	-0.0885	0.4170	-2.9277
-0.4040	-0.0855	0.4130	-2.9330
-0.4014	-0.0833	0.4100	-2.9370
-0.3999	-0.0809	0.4080	-2.9419
-0.3983	-0.0789	0.4060	-2.9460
-0.3966	-0.0769	0.4040	-2.9501
-0.3941	-0.0743	0.4010	-2.9553
-0.3914	-0.0722	0.3980	-2.9591
-0.3898	-0.0698	0.3960	-2.9643
-0.3881	-0.0679	0.3940	-2.9683
-0.3864	-0.0660	0.3920	-2.9725
-0.3848	-0.0638	0.3900	-2.9774
-0.3830	-0.0619	0.3880	-2.9815
-0.3803	-0.0598	0.3850	-2.9855
-0.3787	-0.0575	0.3830	-2.9908
-0.3769	-0.0557	0.3810	-2.9948
-0.3751	-0.0539	0.3790	-2.9989
-0.3724	-0.0516	0.3760	-3.0038
-0.3707	-0.0498	0.3740	-3.0079
-0.3679	-0.0476	0.3710	-3.0128
-0.3671	-0.0460	0.3700	-3.0170
-0.3653	-0.0443	0.3680	-3.0210
-0.3636	-0.0423	0.3660	-3.0259
-0.3617	-0.0405	0.3640	-3.0300
-0.3599	-0.0389	0.3620	-3.0338
-0.3581	-0.0369	0.3600	-3.0390
-0.3573	-0.0354	0.3590	-3.0428
-0.3554	-0.0338	0.3570	-3.0469
-0.3536	-0.0318	0.3550	-3.0519
-0.3527	-0.0303	0.3540	-3.0559
-0.3508	-0.0288	0.3520	-3.0597
-0.3490	-0.0268	0.3500	-3.0649
-0.3193	-0.0214	0.3200	-3.0748
-0.3174	-0.0197	0.3180	-3.0797
-0.3175	-0.0184	0.3180	-3.0837
-0.3155	-0.0170	0.3160	-3.0878
-0.3146	-0.0154	0.3150	-3.0927
-0.3127	-0.0140	0.3130	-3.0968
-0.3117	-0.0127	0.3120	-3.1009
-0.3108	-0.0111	0.3110	-3.1058
-0.3088	-0.0098	0.3090	-3.1100
-0.3069	-0.0082	0.3070	-3.1148
-0.3059	-0.0070	0.3060	-3.1189
-0.3049	-0.0057	0.3050	-3.1230
-0.3040	-0.0044	0.3040	-3.1271
-0.3030	-0.0029	0.3030	-3.1320
-0.3020	-0.0017	0.3020	-3.1361
-0.3010	-0.0004	0.3010	-3.1402
-0.6325	-0.0670	0.6360	-3.0360
-0.3193	-0.0331	0.3210	-3.0381
-0.6327	-0.0645	0.6360	-3.0401
-0.3165	-0.0313	0.3180	-3.0431
-0.6350	-0.0622	0.6380	-3.0439
-0.3146	-0.0299	0.3160	-3.0469
-0.6352	-0.0598	0.6380	-3.0477
-0.3127	-0.0282	0.3140	-3.0516
-0.6354	-0.0574	0.6380	-3.0516
-0.3108	-0.0268	0.3120	-3.0557
-0.6356	-0.0547	0.6380	-3.0557
-0.6358	-0.0524	0.6380	-3.0594
-0.3080	-0.0251	0.3090	-3.0603
-0.6360	-0.0499	0.6380	-3.0633
-0.3061	-0.0234	0.3070	-3.0652
-0.6382	-0.0476	0.6400	-3.0671
-0.3042	-0.0221	0.3050	-3.0690
-0.6404	-0.0453	0.6420	-3.0709
-0.3023	-0.0205	0.3030	-3.0739
-0.6426	-0.0429	0.6440	-3.0750
-0.6407	-0.0403	0.6420	-3.0788
-0.6409	-0.0376	0.6420	-3.0829
-0.6410	-0.0350	0.6420	-3.0870
-0.6412	-0.0324	0.6420	-3.0911
-0.6413	-0.0300	0.6420	-3.0949
-0.6434	-0.0274	0.6440	-3.0990
-0.6435	-0.0248	0.6440	-3.1031
-0.6456	-0.0222	0.6460	-3.1072
-0.6457	-0.0198	0.6460	-3.1110
-0.6180	-0.0033	0.6180	-3.1363
-0.6100	-0.0002	0.6100	-3.1413
-0.6511	-0.0948	0.6580	-2.9970
-0.6495	-0.0920	0.6560	-3.0008
-0.6499	-0.0894	0.6560	-3.0049
-0.6482	-0.0866	0.6540	-3.0087
-0.6486	-0.0840	0.6540	-3.0128
-0.6469	-0.0812	0.6520	-3.0167
-0.6472	-0.0786	0.6520	-3.0207
-0.6475	-0.0762	0.6520	-3.0245
-0.6459	-0.0733	0.6500	-3.0287
-0.7930	-0.0895	0.7980	-3.0292
-0.6461	-0.0708	0.6500	-3.0325
-0.7893	-0.0861	0.7940	-3.0330
-0.7878	-0.0819	0.7920	-3.0380
-0.7861	-0.0788	0.7900	-3.0417
-0.7844	-0.0756	0.7880	-3.0455
-0.7827	-0.0722	0.7860	-3.0496
-0.7790	-0.0688	0.7820	-3.0535
-0.7772	-0.0657	0.7800	-3.0573
-0.7775	-0.0625	0.7800	-3.0613
-0.7737	-0.0592	0.7760	-3.0652
-0.7720	-0.0561	0.7740	-3.0690
-0.7702	-0.0530	0.7720	-3.0729
-0.7684	-0.0498	0.7700	-3.0769
-0.7666	-0.0458	0.7680	-3.0819
-0.7648	-0.0429	0.7660	-3.0856
-0.7630	-0.0398	0.7640	-3.0894
-0.7611	-0.0366	0.7620	-3.0936
-0.7573	-0.0335	0.7580	-3.0974
-0.7574	-0.0306	0.7580	-3.1012
-0.7555	-0.0277	0.7560	-3.1050
-0.7536	-0.0245	0.7540	-3.1091
-0.7517	-0.0216	0.7520	-3.1129
-0.7498	-0.0186	0.7500	-3.1168
-0.7478	-0.0156	0.7480	-3.1208
-0.7459	-0.0127	0.7460	-3.1246
-0.7419	-0.0090	0.7420	-3.1295
-0.7420	-0.0061	0.7420	-3.1333
-0.7420	-0.0033	0.7420	-3.1372
-0.7380	-0.0002	0.7380	-3.1413
