x	y	r	phi
-0.6560	0.0012	0.6560	3.1398
-0.6560	0.0037	0.6560	3.1359
-0.6540	0.0064	0.6540	3.1318
-0.6539	0.0091	0.6540	3.1277
-0.6519	0.0117	0.6520	3.1237
-0.6498	0.0143	0.6500	3.1195
-0.6498	0.0168	0.6500	3.1157
-0.6477	0.0194	0.6480	3.1117
-0.6456	0.0227	0.6460	3.1065
-0.6455	0.0253	0.6460	3.1024
-0.6434	0.0279	0.6440	3.0983
-0.6413	0.0303	0.6420	3.0944
-0.6392	0.0328	0.6400	3.0904
-0.6390	0.0354	0.6400	3.0863
-0.6369	0.0379	0.6380	3.0822
-0.6367	0.0405	0.6380	3.0781
-0.6345	0.0430	0.6360	3.0740
-0.6344	0.0456	0.6360	3.0699
-0.6322	0.0480	0.6340	3.0659
-0.6320	0.0506	0.6340	3.0617
-0.6318	0.0530	0.6340	3.0579
-0.6296	0.0554	0.6320	3.0539
-0.6273	0.0584	0.6300	3.0487
-0.6250	0.0608	0.6280	3.0446
-0.6248	0.0634	0.6280	3.0404
-0.6245	0.0658	0.6280	3.0366
-0.6223	0.0681	0.6260	3.0326
-0.6220	0.0707	0.6260	3.0285
-0.6197	0.0730	0.6240	3.0243
-0.6174	0.0753	0.6220	3.0203
-0.6151	0.0775	0.6200	3.0162
-0.6148	0.0801	0.6200	3.0121
-0.6145	0.0826	0.6200	3.0080
-0.6141	0.0851	0.6200	3.0039
-0.6118	0.0872	0.6180	3.0001
-0.6115	0.0896	0.6180	2.9961
-0.6091	0.0918	0.6160	2.9919
-0.6087	0.0944	0.6160	2.9878
-0.6083	0.0968	0.6160	2.9838
-0.6059	0.0995	0.6140	2.9788
-0.6035	0.1016	0.6120	2.9748
-0.6031	0.1041	0.6120	2.9706
-0.6026	0.1066	0.6120	2.9665
-0.6002	0.1087	0.6100	2.9625
-0.5998	0.1111	0.6100	2.9584
-0.5993	0.1136	0.6100	2.9543
-0.5969	0.1156	0.6080	2.9502
-0.5965	0.1179	0.6080	2.9464
-0.5940	0.1200	0.6060	2.9423
-0.5935	0.1224	0.6060	2.9382
-0.5930	0.1248	0.6060	2.9341
-0.5925	0.1273	0.6060	2.9300
-0.5920	0.1297	0.6060	2.9260
-0.5895	0.1317	0.6040	2.9218
-0.5889	0.1341	0.6040	2.9177
-0.5884	0.1365	0.6040	2.9137
-0.5879	0.1387	0.6040	2.9099
-0.5853	0.1407	0.6020	2.9057
-0.5828	0.1426	0.6000	2.9016
-0.5822	0.1450	0.6000	2.8976
-0.5816	0.1474	0.6000	2.8935
-0.5810	0.1497	0.6000	2.8893
-0.5783	0.1521	0.5980	2.8845
-0.5777	0.1544	0.5980	2.8804
-0.5752	0.1563	0.5960	2.8763
-0.5745	0.1586	0.5960	2.8722
-0.5739	0.1609	0.5960	2.8682
-0.5713	0.1628	0.5940	2.8640
-0.5687	0.1646	0.5920	2.8599
-0.5680	0.1668	0.5920	2.8559
-0.5654	0.1685	0.5900	2.8521
-0.5647	0.1708	0.5900	2.8479
-0.5640	0.1731	0.5900	2.8438
-0.5614	0.1748	0.5880	2.8398
-0.5588	0.1765	0.5860	2.8357
-0.5600	0.1794	0.5880	2.8315
-0.5592	0.1817	0.5880	2.8275
-0.5585	0.1840	0.5880	2.8234
-0.5578	0.1861	0.5880	2.8196
-0.5570	0.1883	0.5880	2.8155
-0.5562	0.1906	0.5880	2.8114
-0.5554	0.1929	0.5880	2.8073
-0.5547	0.1952	0.5880	2.8033
-0.5520	0.1968	0.5860	2.7991
-0.5512	0.1991	0.5860	2.7950
-0.5503	0.2013	0.5860	2.7910
-0.5495	0.2035	0.5860	2.7869
-0.5487	0.2056	0.5860	2.7830
-0.5479	0.2079	0.5860	2.7789
-0.5470	0.2101	0.5860	2.7749
-0.5462	0.2124	0.5860	2.7708
-0.5432	0.2145	0.5840	2.7656
-0.5424	0.2165	0.5840	2.7617
-0.5415	0.2187	0.5840	2.7577
-0.5406	0.2210	0.5840	2.7536
-0.5397	0.2232	0.5840	2.7495
-0.5388	0.2253	0.5840	2.7454
-0.5378	0.2276	0.5840	2.7413
-0.5351	0.2290	0.5820	2.7372
-0.5341	0.2311	0.5820	2.7332
-0.5332	0.2333	0.5820	2.7290
-0.5322	0.2355	0.5820	2.7249
-0.5312	0.2378	0.5820	2.7206
-0.5302	0.2400	0.5820	2.7165
-0.5274	0.2414	0.5800	2.7124
-0.5246	0.2427	0.5780	2.7083
-0.5236	0.2448	0.5780	2.7042
-0.5226	0.2470	0.5780	2.7001
-0.5234	0.2499	0.5800	2.6961
-0.5223	0.2521	0.5800	2.6919
-0.5212	0.2544	0.5800	2.6875
-0.5220	0.2574	0.5820	2.6835
-0.5209	0.2595	0.5820	2.6794
-0.5199	0.2617	0.5820	2.6753
-0.5188	0.2638	0.5820	2.6712
-0.5177	0.2659	0.5820	2.6671
-0.5148	0.2671	0.5800	2.6630
-0.5138	0.2692	0.5800	2.6590
-0.5126	0.2714	0.5800	2.6546
-0.5115	0.2735	0.5800	2.6505
-0.5103	0.2756	0.5800	2.6464
-0.5092	0.2777	0.5800	2.6423
-0.5081	0.2798	0.5800	2.6383
-0.5069	0.2819	0.5800	2.6341
-0.5057	0.2839	0.5800	2.6300
-0.5046	0.2860	0.5800	2.6260
-0.5033	0.2882	0.5800	2.6216
-0.5021	0.2903	0.5800	2.6175
-0.5010	0.2923	0.5800	2.6134
-0.4998	0.2944	0.5800	2.6093
-0.5003	0.2974	0.5820	2.6052
-0.4991	0.2994	0.5820	2.6012
-0.4978	0.3015	0.5820	2.5970
-0.4966	0.3036	0.5820	2.5929
-0.4953	0.3057	0.5820	2.5886
-0.4940	0.3077	0.5820	2.5845
-0.4927	0.3097	0.5820	2.5804
-0.4915	0.3117	0.5820	2.5763
-0.4902	0.3138	0.5820	2.5722
-0.4889	0.3157	0.5820	2.5682
-0.4876	0.3178	0.5820	2.5640
-0.4880	0.3209	0.5840	2.5599
-0.4866	0.3230	0.5840	2.5556
-0.4872	0.3256	0.5860	2.5525
-0.4859	0.3275	0.5860	2.5485
-0.4809	0.3278	0.5820	2.5433
-0.4779	0.3286	0.5800	2.5392
-0.4782	0.3317	0.5820	2.5351
-0.4785	0.3348	0.5840	2.5311
-0.4771	0.3368	0.5840	2.5269
-0.4757	0.3388	0.5840	2.5226
-0.4743	0.3408	0.5840	2.5185
-0.4749	0.3434	0.5860	2.5155
-0.4751	0.3465	0.5880	2.5114
-0.4736	0.3485	0.5880	2.5073
-0.4721	0.3505	0.5880	2.5030
-0.4691	0.3512	0.5860	2.4989
-0.4676	0.3532	0.5860	2.4947
-0.4662	0.3551	0.5860	2.4907
-0.4663	0.3582	0.5880	2.4866
-0.4680	0.3626	0.5920	2.4825
-0.4665	0.3644	0.5920	2.4784
-0.4666	0.3676	0.5940	2.4743
-0.4619	0.3671	0.5900	2.4700
-0.4554	0.3657	0.5840	2.4650
-0.4557	0.3684	0.5860	2.4618
-0.4573	0.3728	0.5900	2.4577
-0.4573	0.3759	0.5920	2.4536
-0.4558	0.3778	0.5920	2.4495
-0.4543	0.3796	0.5920	2.4455
-0.4527	0.3815	0.5920	2.4413
-0.4525	0.3848	0.5940	2.4369
-0.4510	0.3866	0.5940	2.4329
-0.4494	0.3885	0.5940	2.4288
-0.4493	0.3916	0.5960	2.4246
-0.4477	0.3934	0.5960	2.4206
-0.4461	0.3953	0.5960	2.4165
-0.4459	0.3984	0.5980	2.4124
-0.4443	0.4002	0.5980	2.4083
-0.4425	0.4022	0.5980	2.4039
-0.4409	0.4040	0.5980	2.3999
-0.4393	0.4058	0.5980	2.3958
-0.4395	0.4084	0.6000	2.3928
-0.4377	0.4104	0.6000	2.3884
-0.4360	0.4122	0.6000	2.3843
-0.4358	0.4153	0.6020	2.3803
-0.4341	0.4171	0.6020	2.3761
-0.4324	0.4189	0.6020	2.3720
-0.4321	0.4220	0.6040	2.3680
-0.4304	0.4238	0.6040	2.3639
-0.4300	0.4270	0.6060	2.3597
-0.4282	0.4288	0.6060	2.3554
-0.4264	0.4306	0.6060	2.3513
-0.4261	0.4337	0.6080	2.3473
-0.4258	0.4368	0.6100	2.3434
-0.4240	0.4386	0.6100	2.3393
-0.4209	0.4387	0.6080	2.3355
-0.4192	0.4404	0.6080	2.3315
-0.4175	0.4420	0.6080	2.3276
-0.4170	0.4452	0.6100	2.3235
-0.4165	0.4484	0.6120	2.3194
-0.4162	0.4514	0.6140	2.3156
-0.4162	0.4542	0.6160	2.3126
-0.4143	0.4558	0.6160	2.3085
-0.4126	0.4574	0.6160	2.3047
-0.4120	0.4606	0.6180	2.3006
-0.4103	0.4622	0.6180	2.2968
-0.4084	0.4638	0.6180	2.2927
-0.4066	0.4654	0.6180	2.2889
-0.4047	0.4671	0.6180	2.2848
-0.4042	0.4701	0.6200	2.2809
-0.4036	0.4733	0.6220	2.2769
-0.4018	0.4748	0.6220	2.2731
-0.3998	0.4765	0.6220	2.2689
-0.3979	0.4781	0.6220	2.2649
-0.3961	0.4796	0.6220	2.2611
-0.3954	0.4828	0.6240	2.2570
-0.3960	0.4874	0.6280	2.2531
-0.3941	0.4890	0.6280	2.2491
-0.3934	0.4921	0.6300	2.2453
-0.3932	0.4948	0.6320	2.2423
-0.3924	0.4980	0.6340	2.2382
-0.3905	0.4995	0.6340	2.2343
-0.3884	0.5011	0.6340	2.2302
-0.3865	0.5025	0.6340	2.2265
-0.3869	0.5073	0.6380	2.2224
-0.3874	0.5120	0.6420	2.2185
-0.3829	0.5104	0.6380	2.2144
-0.3784	0.5087	0.6340	2.2104
-0.3765	0.5101	0.6340	2.2065
-0.3767	0.5149	0.6380	2.2024
-0.3771	0.5196	0.6420	2.1986
-0.3762	0.5227	0.6440	2.1946
-0.3753	0.5258	0.6460	2.1907
-0.3749	0.5285	0.6480	2.1877
-0.3727	0.5301	0.6480	2.1836
-0.3718	0.5331	0.6500	2.1798
-0.3696	0.5347	0.6500	2.1757
-0.3688	0.5377	0.6520	2.1719
-0.3677	0.5409	0.6540	2.1678
-0.3667	0.5439	0.6560	2.1640
-0.3678	0.5504	0.6620	2.1598
-0.3656	0.5519	0.6620	2.1558
-0.3624	0.5516	0.6600	2.1520
-0.3601	0.5531	0.6600	2.1479
-0.3580	0.5545	0.6600	2.1441
-0.3568	0.5576	0.6620	2.1400
-0.3557	0.5607	0.6640	2.1362
-0.3534	0.5621	0.6640	2.1320
-0.3513	0.5635	0.6640	2.1283
-0.3490	0.5649	0.6640	2.1242
-0.3494	0.5693	0.6680	2.1212
-0.3493	0.5741	0.6720	2.1174
-0.3479	0.5772	0.6740	2.1133
-0.3468	0.5803	0.6760	2.1094
-0.3454	0.5834	0.6780	2.1054
-0.3440	0.5865	0.6800	2.1013
-0.3418	0.5879	0.6800	2.0974
-0.3404	0.5910	0.6820	2.0933
-0.3406	0.5955	0.6860	2.0903
-0.3393	0.5985	0.6880	2.0865
-0.3369	0.5999	0.6880	2.0825
-0.3336	0.5994	0.6860	2.0786
-0.3321	0.6025	0.6880	2.0745
-0.3317	0.6073	0.6920	2.0707
-0.3302	0.6104	0.6940	2.0667
-0.3288	0.6134	0.6960	2.0628
-0.3272	0.6166	0.6980	2.0587
-0.3258	0.6196	0.7000	2.0549
-0.3242	0.6227	0.7020	2.0508
-0.3232	0.6254	0.7040	2.0478
-0.3218	0.6284	0.7060	2.0440
-0.3201	0.6315	0.7080	2.0399
-0.3184	0.6346	0.7100	2.0358
-0.3168	0.6376	0.7120	2.0319
-0.3151	0.6407	0.7140	2.0279
-0.3136	0.6437	0.7160	2.0241
-0.3118	0.6468	0.7180	2.0200
-0.3110	0.6516	0.7220	2.0161
-0.3099	0.6543	0.7240	2.0132
-0.3081	0.6574	0.7260	2.0091
-0.3065	0.6604	0.7280	2.0053
-0.3046	0.6634	0.7300	2.0012
-0.3028	0.6664	0.7320	1.9973
-0.3002	0.6676	0.7320	1.9933
-0.2984	0.6706	0.7340	1.9895
-0.2973	0.6755	0.7380	1.9854
-0.2953	0.6785	0.7400	1.9812
-0.2927	0.6796	0.7400	1.9775
-0.2930	0.6861	0.7460	1.9744
-0.2910	0.6891	0.7480	1.9704
-0.2889	0.6921	0.7500	1.9663
-0.2876	0.6970	0.7540	1.9622
-0.2849	0.6981	0.7540	1.9583
-0.2836	0.7029	0.7580	1.9543
-0.2815	0.7060	0.7600	1.9502
-0.2793	0.7090	0.7620	1.9460
-0.2779	0.7138	0.7660	1.9420
-0.2758	0.7168	0.7680	1.9382
-0.2742	0.7195	0.7700	1.9349
-0.2729	0.7243	0.7740	1.9311
-0.2706	0.7273	0.7760	1.9270
-0.2683	0.7303	0.7780	1.9229
-0.2667	0.7351	0.7820	1.9188
-0.2643	0.7381	0.7840	1.9147
-0.2620	0.7410	0.7860	1.9107
-0.2598	0.7439	0.7880	1.9068
-0.2581	0.7488	0.7920	1.9027
-0.2571	0.7533	0.7960	1.8997
-0.2547	0.7563	0.7980	1.8956
-0.2523	0.7592	0.8000	1.8916
-0.2497	0.7621	0.8020	1.8875
-0.2472	0.7650	0.8040	1.8833
-0.2455	0.7698	0.8080	1.8795
-0.2442	0.7765	0.8140	1.8755
-0.2422	0.7813	0.8180	1.8714
-0.2404	0.7840	0.8200	1.8684
-0.2384	0.7888	0.8240	1.8643
-0.2363	0.7936	0.8280	1.8601
-0.2342	0.7984	0.8320	1.8561
-0.2314	0.8012	0.8340	1.8520
-0.2289	0.8040	0.8360	1.8482
-0.2262	0.8069	0.8380	1.8441
-0.2239	0.8117	0.8420	1.8400
-0.2211	0.8145	0.8440	1.8359
-0.2197	0.8190	0.8480	1.8329
-0.2174	0.8238	0.8520	1.8288
-0.2151	0.8285	0.8560	1.8248
-0.2129	0.8332	0.8600	1.8209
-0.2104	0.8380	0.8640	1.8168
-0.2080	0.8427	0.8680	1.8128
-0.2055	0.8474	0.8720	1.8087
-0.2029	0.8522	0.8760	1.8045
-0.1999	0.8549	0.8780	1.8005
-0.1982	0.8594	0.8820	1.7974
-0.1956	0.8641	0.8860	1.7934
-0.1927	0.8668	0.8880	1.7896
-0.1900	0.8715	0.8920	1.7855
-0.1873	0.8762	0.8960	1.7813
-0.1850	0.8828	0.9020	1.7773
-0.1817	0.8855	0.9040	1.7732
-0.1791	0.8902	0.9080	1.7694
-0.1774	0.8966	0.9140	1.7661
-0.1744	0.9013	0.9180	1.7620
-0.1718	0.9059	0.9220	1.7582
-0.1688	0.9105	0.9260	1.7541
-0.1658	0.9151	0.9300	1.7500
-0.1628	0.9197	0.9340	1.7460
-0.1600	0.9263	0.9400	1.7418
-0.1571	0.9308	0.9440	1.7380
-0.1547	0.9353	0.9480	1.7347
-0.1518	0.9398	0.9520	1.7309
-0.1489	0.9464	0.9580	1.7269
-0.1456	0.9509	0.9620	1.7228
-0.1423	0.9555	0.9660	1.7186
-0.1393	0.9620	0.9720	1.7146
-0.1362	0.9665	0.9760	1.7108
-0.1330	0.9730	0.9820	1.7066
-0.1304	0.9773	0.9860	1.7034
-0.1274	0.9838	0.9920	1.6996
-0.1241	0.9903	0.9980	1.6954
0.9269	0.3699	0.9980	0.3797
0.9247	0.3646	0.9940	0.3755
0.9206	0.3587	0.9880	0.3715
0.9182	0.3537	0.9840	0.3677
0.9163	0.3475	0.9800	0.3625
0.9121	0.3416	0.9740	0.3584
0.9098	0.3365	0.9700	0.3543
0.9073	0.3317	0.9660	0.3505
0.9049	0.3266	0.9620	0.3464
0.9024	0.3215	0.9580	0.3423
0.8999	0.3166	0.9540	0.3382
0.8975	0.3115	0.9500	0.3341
0.8950	0.3065	0.9460	0.3300
0.8927	0.3009	0.9420	0.3251
0.8901	0.2959	0.9380	0.3210
0.8875	0.2911	0.9340	0.3170
0.8848	0.2865	0.9300	0.3131
0.8821	0.2816	0.9260	0.3090
0.8795	0.2768	0.9220	0.3050
0.8768	0.2720	0.9180	0.3009
0.8741	0.2672	0.9140	0.2967
0.8715	0.2618	0.9100	0.2918
0.8688	0.2571	0.9060	0.2877
0.8659	0.2525	0.9020	0.2837
0.8631	0.2478	0.8980	0.2796
0.8622	0.2437	0.8960	0.2754
0.8593	0.2394	0.8920	0.2717
0.8583	0.2353	0.8900	0.2676
0.8535	0.2302	0.8840	0.2635
0.8525	0.2263	0.8820	0.2594
0.8497	0.2210	0.8780	0.2544
0.8487	0.2171	0.8760	0.2504
0.8457	0.2126	0.8720	0.2463
0.8427	0.2082	0.8680	0.2422
0.8416	0.2043	0.8660	0.2382
0.8384	0.2001	0.8620	0.2343
0.8354	0.1958	0.8580	0.2302
0.8342	0.1920	0.8560	0.2262
0.8330	0.1881	0.8540	0.2220
0.8318	0.1842	0.8520	0.2179
0.8287	0.1800	0.8480	0.2139
0.8256	0.1750	0.8440	0.2089
0.8263	0.1717	0.8440	0.2049
0.8270	0.1683	0.8440	0.2008
0.8219	0.1637	0.8380	0.1966
0.8126	0.1587	0.8280	0.1929
0.8074	0.1543	0.8220	0.1888
0.8100	0.1513	0.8240	0.1847
0.8145	0.1487	0.8280	0.1806
0.8092	0.1443	0.8220	0.1765
0.8040	0.1394	0.8160	0.1716
0.8026	0.1357	0.8140	0.1675
0.8012	0.1321	0.8120	0.1634
0.7997	0.1285	0.8100	0.1593
0.7982	0.1251	0.8080	0.1555
0.7948	0.1212	0.8040	0.1514
0.7933	0.1177	0.8020	0.1473
0.7918	0.1142	0.8000	0.1432
0.7903	0.1107	0.7980	0.1391
0.7888	0.1071	0.7960	0.1350
0.7872	0.1039	0.7940	0.1313
0.7837	0.0993	0.7900	0.1261
0.7821	0.0959	0.7880	0.1220
0.7806	0.0924	0.7860	0.1178
0.7789	0.0892	0.7840	0.1140
0.7773	0.0858	0.7820	0.1100
0.7756	0.0824	0.7800	0.1058
0.7720	0.0788	0.7760	0.1017
0.7703	0.0755	0.7740	0.0977
0.7686	0.0721	0.7720	0.0936
0.7669	0.0690	0.7700	0.0897
0.7653	0.0649	0.7680	0.0846
0.7635	0.0616	0.7660	0.0805
0.7618	0.0585	0.7640	0.0767
0.7600	0.0553	0.7620	0.0726
0.7582	0.0520	0.7600	0.0685
0.7564	0.0488	0.7580	0.0644
0.7546	0.0456	0.7560	0.0603
0.7528	0.0423	0.7540	0.0562
0.7510	0.0394	0.7520	0.0524
0.7491	0.0362	0.7500	0.0483
0.7473	0.0330	0.7480	0.0442
0.7474	0.0300	0.7480	0.0402
0.7435	0.0260	0.7440	0.0350
0.7436	0.0230	0.7440	0.0309
0.7417	0.0198	0.7420	0.0267
0.7398	0.0168	0.7400	0.0227
0.7379	0.0135	0.7380	0.0183
0.7359	0.0104	0.7360	0.0142
0.7340	0.0075	0.7340	0.0102
0.7340	0.0044	0.7340	0.0060
0.7320	0.0014	0.7320	0.0019
0.7300	-0.0015	0.7300	-0.0021
0.7280	-0.0045	0.7280	-0.0062
0.7280	-0.0075	0.7280	-0.0104
0.7259	-0.0106	0.7260	-0.0147
0.7239	-0.0136	0.7240	-0.0188
0.7218	-0.0171	0.7220	-0.0237
0.7237	-0.0195	0.7240	-0.0269
0.7216	-0.0232	0.7220	-0.0321
0.7215	-0.0262	0.7220	-0.0362
0.7194	-0.0290	0.7200	-0.0403
0.7193	-0.0319	0.7200	-0.0444
0.7152	-0.0347	0.7160	-0.0485
0.7090	-0.0373	0.7100	-0.0525
0.7069	-0.0403	0.7080	-0.0569
0.7067	-0.0432	0.7080	-0.0611
0.7025	-0.0458	0.7040	-0.0651
0.7003	-0.0493	0.7020	-0.0703
0.7001	-0.0522	0.7020	-0.0744
0.6998	-0.0551	0.7020	-0.0785
0.6996	-0.0579	0.7020	-0.0825
0.6974	-0.0606	0.7000	-0.0867
0.6971	-0.0635	0.7000	-0.0908
0.6969	-0.0663	0.7000	-0.0948
0.6946	-0.0689	0.6980	-0.0989
0.6923	-0.0718	0.6960	-0.1034
0.6920	-0.0746	0.6960	-0.1074
0.6917	-0.0774	0.6960	-0.1115
0.6894	-0.0801	0.6940	-0.1156
0.6871	-0.0826	0.6920	-0.1197
0.6847	-0.0852	0.6900	-0.1238
0.6844	-0.0880	0.6900	-0.1279
0.6840	-0.0910	0.6900	-0.1322
0.6816	-0.0935	0.6880	-0.1363
0.6812	-0.0963	0.6880	-0.1404
0.6808	-0.0991	0.6880	-0.1445
0.6784	-0.1016	0.6860	-0.1486
0.6760	-0.1040	0.6840	-0.1526
0.6756	-0.1068	0.6840	-0.1568
0.6731	-0.1100	0.6820	-0.1619
0.6726	-0.1127	0.6820	-0.1661
0.6702	-0.1151	0.6800	-0.1701
0.6677	-0.1175	0.6780	-0.1742
0.6672	-0.1205	0.6780	-0.1786
0.6667	-0.1231	0.6780	-0.1826
0.6662	-0.1259	0.6780	-0.1868
0.6637	-0.1283	0.6760	-0.1909
0.6632	-0.1309	0.6760	-0.1949
0.6607	-0.1333	0.6740	-0.1990
0.6601	-0.1360	0.6740	-0.2032
0.6576	-0.1384	0.6720	-0.2075
0.6570	-0.1411	0.6720	-0.2116
0.6545	-0.1433	0.6700	-0.2156
0.6539	-0.1460	0.6700	-0.2197
0.6533	-0.1487	0.6700	-0.2239
0.6507	-0.1509	0.6680	-0.2279
0.6501	-0.1536	0.6680	-0.2320
0.6495	-0.1563	0.6680	-0.2361
0.6488	-0.1591	0.6680	-0.2405
0.6462	-0.1613	0.6660	-0.2446
0.6455	-0.1639	0.6660	-0.2487
0.6427	-0.1668	0.6640	-0.2539
0.6420	-0.1694	0.6640	-0.2579
0.6413	-0.1720	0.6640	-0.2620
0.6387	-0.1741	0.6620	-0.2661
0.6380	-0.1767	0.6620	-0.2702
0.6373	-0.1793	0.6620	-0.2743
0.6365	-0.1819	0.6620	-0.2784
0.6338	-0.1841	0.6600	-0.2827
0.6330	-0.1867	0.6600	-0.2869
0.6323	-0.1893	0.6600	-0.2910
0.6296	-0.1913	0.6580	-0.2950
0.6288	-0.1939	0.6580	-0.2991
0.6280	-0.1965	0.6580	-0.3032
0.6272	-0.1990	0.6580	-0.3073
0.6264	-0.2016	0.6580	-0.3114
0.6236	-0.2037	0.6560	-0.3157
0.6227	-0.2063	0.6560	-0.3198
0.6219	-0.2088	0.6560	-0.3240
0.6191	-0.2107	0.6540	-0.3280
0.6183	-0.2132	0.6540	-0.3321
0.6174	-0.2158	0.6540	-0.3362
0.6165	-0.2183	0.6540	-0.3403
0.6155	-0.2210	0.6540	-0.3447
0.6127	-0.2228	0.6520	-0.3488
0.6118	-0.2253	0.6520	-0.3528
0.6090	-0.2271	0.6500	-0.3569
0.6082	-0.2294	0.6500	-0.3608
0.6072	-0.2319	0.6500	-0.3648
0.6063	-0.2342	0.6500	-0.3686
0.6054	-0.2367	0.6500	-0.3728
0.6045	-0.2390	0.6500	-0.3766
0.6035	-0.2415	0.6500	-0.3806
0.6026	-0.2438	0.6500	-0.3845
0.5998	-0.2453	0.6480	-0.3883
0.5987	-0.2478	0.6480	-0.3924
0.5978	-0.2500	0.6480	-0.3962
0.5968	-0.2525	0.6480	-0.4003
0.5958	-0.2548	0.6480	-0.4041
0.5927	-0.2569	0.6460	-0.4090
0.5917	-0.2592	0.6460	-0.4128
0.5907	-0.2616	0.6460	-0.4170
0.5897	-0.2638	0.6460	-0.4207
0.5886	-0.2663	0.6460	-0.4248
0.5876	-0.2685	0.6460	-0.4287
0.5864	-0.2709	0.6460	-0.4328
0.5836	-0.2723	0.6440	-0.4365
0.5844	-0.2754	0.6460	-0.4403
0.5832	-0.2778	0.6460	-0.4445
0.5804	-0.2791	0.6440	-0.4483
0.5792	-0.2815	0.6440	-0.4523
0.5781	-0.2837	0.6440	-0.4562
0.5771	-0.2859	0.6440	-0.4600
0.5759	-0.2883	0.6440	-0.4641
0.5748	-0.2905	0.6440	-0.4680
0.5736	-0.2928	0.6440	-0.4720
0.5725	-0.2950	0.6440	-0.4758
0.5712	-0.2974	0.6440	-0.4799
0.5701	-0.2995	0.6440	-0.4838
0.5690	-0.3017	0.6440	-0.4875
0.5677	-0.3040	0.6440	-0.4916
0.5666	-0.3062	0.6440	-0.4955
0.5653	-0.3085	0.6440	-0.4996
0.5641	-0.3106	0.6440	-0.5033
0.5629	-0.3128	0.6440	-0.5072
0.5634	-0.3161	0.6460	-0.5113
0.5622	-0.3183	0.6460	-0.5151
0.5609	-0.3205	0.6460	-0.5192
0.5596	-0.3227	0.6460	-0.5230
0.5584	-0.3248	0.6460	-0.5268
0.5571	-0.3271	0.6460	-0.5309
0.5578	-0.3298	0.6480	-0.5339
0.5545	-0.3315	0.6460	-0.5388
0.5532	-0.3336	0.6460	-0.5426
0.5539	-0.3363	0.6480	-0.5456
0.5506	-0.3379	0.6460	-0.5505
0.5493	-0.3400	0.6460	-0.5543
0.5462	-0.3412	0.6440	-0.5585
0.5448	-0.3433	0.6440	-0.5623
0.5451	-0.3466	0.6460	-0.5663
0.5438	-0.3487	0.6460	-0.5702
0.5425	-0.3508	0.6460	-0.5740
0.5410	-0.3530	0.6460	-0.5781
0.5397	-0.3551	0.6460	-0.5820
0.5382	-0.3572	0.6460	-0.5860
0.5352	-0.3582	0.6440	-0.5898
0.5337	-0.3604	0.6440	-0.5939
0.5323	-0.3624	0.6440	-0.5978
0.5310	-0.3644	0.6440	-0.6015
0.5311	-0.3678	0.6460	-0.6056
0.5297	-0.3698	0.6460	-0.6095
0.5282	-0.3720	0.6460	-0.6136
0.5268	-0.3739	0.6460	-0.6173
0.5272	-0.3767	0.6480	-0.6204
0.5275	-0.3799	0.6500	-0.6241
0.5259	-0.3820	0.6500	-0.6283
0.5244	-0.3840	0.6500	-0.6321
0.5228	-0.3862	0.6500	-0.6362
0.5214	-0.3882	0.6500	-0.6400
0.5215	-0.3914	0.6520	-0.6438
0.5199	-0.3935	0.6520	-0.6479
0.5199	-0.3967	0.6540	-0.6518
0.5183	-0.3988	0.6540	-0.6558
0.5168	-0.4008	0.6540	-0.6596
0.5153	-0.4028	0.6540	-0.6634
0.5136	-0.4049	0.6540	-0.6676
0.5120	-0.4068	0.6540	-0.6714
0.5104	-0.4089	0.6540	-0.6754
0.5104	-0.4121	0.6560	-0.6793
0.5087	-0.4142	0.6560	-0.6834
0.5071	-0.4162	0.6560	-0.6872
0.5055	-0.4181	0.6560	-0.6910
0.5053	-0.4214	0.6580	-0.6951
0.5037	-0.4234	0.6580	-0.6989
0.5020	-0.4254	0.6580	-0.7029
0.5004	-0.4273	0.6580	-0.7068
0.5003	-0.4305	0.6600	-0.7106
0.5000	-0.4339	0.6620	-0.7147
0.4968	-0.4345	0.6600	-0.7186
0.4966	-0.4378	0.6620	-0.7226
0.4949	-0.4397	0.6620	-0.7264
0.4945	-0.4431	0.6640	-0.7306
0.4928	-0.4450	0.6640	-0.7344
0.4910	-0.4470	0.6640	-0.7384
0.4912	-0.4498	0.6660	-0.7415
0.4893	-0.4518	0.6660	-0.7455
0.4875	-0.4538	0.6660	-0.7496
0.4871	-0.4572	0.6680	-0.7538
0.4852	-0.4591	0.6680	-0.7578
0.4833	-0.4611	0.6680	-0.7619
0.4828	-0.4645	0.6700	-0.7660
0.4810	-0.4664	0.6700	-0.7701
0.4790	-0.4684	0.6700	-0.7742
0.4785	-0.4718	0.6720	-0.7783
0.4766	-0.4737	0.6720	-0.7823
0.4747	-0.4757	0.6720	-0.7865
0.4741	-0.4791	0.6740	-0.7906
0.4736	-0.4824	0.6760	-0.7946
0.4716	-0.4843	0.6760	-0.7987
0.4696	-0.4863	0.6760	-0.8028
0.4678	-0.4880	0.6760	-0.8066
0.4671	-0.4914	0.6780	-0.8107
0.4651	-0.4933	0.6780	-0.8148
0.4645	-0.4966	0.6800	-0.8189
0.4624	-0.4986	0.6800	-0.8230
0.4604	-0.5005	0.6800	-0.8271
0.4597	-0.5038	0.6820	-0.8311
0.4576	-0.5057	0.6820	-0.8353
0.4574	-0.5085	0.6840	-0.8382
0.4567	-0.5119	0.6860	-0.8423
0.4546	-0.5138	0.6860	-0.8465
0.4538	-0.5171	0.6880	-0.8505
0.4517	-0.5190	0.6880	-0.8546
0.4495	-0.5208	0.6880	-0.8587
0.4487	-0.5242	0.6900	-0.8628
0.4466	-0.5260	0.6900	-0.8669
0.4457	-0.5294	0.6920	-0.8710
0.4448	-0.5327	0.6940	-0.8750
0.4426	-0.5345	0.6940	-0.8792
0.4404	-0.5363	0.6940	-0.8833
0.4395	-0.5397	0.6960	-0.8873
0.4386	-0.5430	0.6980	-0.8914
0.4363	-0.5448	0.6980	-0.8956
0.4354	-0.5481	0.7000	-0.8996
0.4343	-0.5515	0.7020	-0.9037
0.4321	-0.5533	0.7020	-0.9078
0.4298	-0.5550	0.7020	-0.9119
0.4293	-0.5579	0.7040	-0.9149
0.4283	-0.5612	0.7060	-0.9190
0.4260	-0.5630	0.7060	-0.9231
0.4249	-0.5664	0.7080	-0.9272
0.4238	-0.5697	0.7100	-0.9312
0.4226	-0.5730	0.7120	-0.9353
0.4202	-0.5748	0.7120	-0.9395
0.4191	-0.5781	0.7140	-0.9435
0.4169	-0.5797	0.7140	-0.9473
0.4156	-0.5830	0.7160	-0.9515
0.4144	-0.5863	0.7180	-0.9555
0.4132	-0.5897	0.7200	-0.9596
0.4119	-0.5930	0.7220	-0.9637
0.4111	-0.5960	0.7240	-0.9670
0.4097	-0.5993	0.7260	-0.9711
0.4085	-0.6026	0.7280	-0.9751
0.4073	-0.6058	0.7300	-0.9790
0.4048	-0.6075	0.7300	-0.9831
0.4012	-0.6075	0.7280	-0.9871
0.3998	-0.6108	0.7300	-0.9912
0.3984	-0.6141	0.7320	-0.9954
0.3959	-0.6157	0.7320	-0.9994
0.3923	-0.6157	0.7300	-1.0035
0.3908	-0.6190	0.7320	-1.0076
0.3915	-0.6256	0.7380	-1.0117
0.3910	-0.6306	0.7420	-1.0158
0.3884	-0.6322	0.7420	-1.0199
0.3869	-0.6355	0.7440	-1.0239
0.3860	-0.6384	0.7460	-1.0270
0.3844	-0.6417	0.7480	-1.0310
0.3828	-0.6450	0.7500	-1.0351
0.3811	-0.6483	0.7520	-1.0393
0.3795	-0.6515	0.7540	-1.0433
0.3769	-0.6531	0.7540	-1.0474
0.3752	-0.6564	0.7560	-1.0515
0.3735	-0.6596	0.7580	-1.0556
0.3717	-0.6629	0.7600	-1.0597
0.3700	-0.6662	0.7620	-1.0638
0.3683	-0.6694	0.7640	-1.0678
0.3665	-0.6727	0.7660	-1.0720
0.3646	-0.6759	0.7680	-1.0761
0.3636	-0.6788	0.7700	-1.0791
0.3617	-0.6820	0.7720	-1.0832
0.3599	-0.6852	0.7740	-1.0872
0.3580	-0.6885	0.7760	-1.0913
0.3560	-0.6917	0.7780	-1.0955
0.3542	-0.6950	0.7800	-1.0995
0.3531	-0.7000	0.7840	-1.1036
0.3511	-0.7032	0.7860	-1.1077
0.3492	-0.7064	0.7880	-1.1118
0.3471	-0.7097	0.7900	-1.1159
0.3451	-0.7129	0.7920	-1.1200
0.3438	-0.7157	0.7940	-1.1230
0.3417	-0.7189	0.7960	-1.1271
0.3405	-0.7239	0.8000	-1.1311
0.3384	-0.7271	0.8020	-1.1352
0.3362	-0.7303	0.8040	-1.1394
0.3341	-0.7335	0.8060	-1.1434
0.3327	-0.7385	0.8100	-1.1475
0.3305	-0.7417	0.8120	-1.1516
0.3283	-0.7449	0.8140	-1.1557
0.3260	-0.7480	0.8160	-1.1598
0.3254	-0.7527	0.8200	-1.1628
0.3231	-0.7559	0.8220	-1.1669
0.3215	-0.7609	0.8260	-1.1710
0.3192	-0.7640	0.8280	-1.1750
0.3168	-0.7672	0.8300	-1.1792
0.3144	-0.7703	0.8320	-1.1833
0.3121	-0.7734	0.8340	-1.1873
0.3103	-0.7784	0.8380	-1.1914
0.3086	-0.7834	0.8420	-1.1955
0.3062	-0.7865	0.8440	-1.1996
0.3036	-0.7896	0.8460	-1.2037
0.3027	-0.7943	0.8500	-1.2067
0.3001	-0.7974	0.8520	-1.2108
0.2975	-0.8005	0.8540	-1.2149
0.2957	-0.8054	0.8580	-1.2189
0.2937	-0.8104	0.8620	-1.2231
0.2911	-0.8135	0.8640	-1.2272
0.2891	-0.8184	0.8680	-1.2312
0.2871	-0.8234	0.8720	-1.2353
0.2843	-0.8265	0.8740	-1.2395
0.2816	-0.8295	0.8760	-1.2435
0.2802	-0.8342	0.8800	-1.2467
0.2774	-0.8372	0.8820	-1.2509
0.2754	-0.8421	0.8860	-1.2547
0.2733	-0.8470	0.8900	-1.2587
0.2710	-0.8519	0.8940	-1.2628
0.2681	-0.8550	0.8960	-1.2670
0.2658	-0.8599	0.9000	-1.2710
0.2634	-0.8648	0.9040	-1.2751
0.2610	-0.8697	0.9080	-1.2792
0.2581	-0.8726	0.9100	-1.2833
0.2562	-0.8773	0.9140	-1.2866
0.2538	-0.8822	0.9180	-1.2907
0.2513	-0.8871	0.9220	-1.2948
0.2487	-0.8920	0.9260	-1.2989
0.2456	-0.8949	0.9280	-1.3029
0.2435	-0.9017	0.9340	-1.3070
0.2408	-0.9066	0.9380	-1.3112
0.2382	-0.9114	0.9420	-1.3152
0.2364	-0.9160	0.9460	-1.3183
0.2337	-0.9208	0.9500	-1.3223
0.2308	-0.9257	0.9540	-1.3264
0.2280	-0.9305	0.9580	-1.3305
0.2251	-0.9353	0.9620	-1.3346
0.2222	-0.9401	0.9660	-1.3387
0.2192	-0.9449	0.9700	-1.3428
0.2163	-0.9497	0.9740	-1.3468
0.2128	-0.9525	0.9760	-1.3510
0.2098	-0.9573	0.9800	-1.3551
0.2078	-0.9618	0.9840	-1.3581
0.2046	-0.9666	0.9880	-1.3622
0.2020	-0.9733	0.9940	-1.3662
0.1987	-0.9780	0.9980	-1.3703
0.0027	-0.2970	0.2970	-1.5618
0.0018	-0.3010	0.3010	-1.5648
0.0006	-0.3020	0.3020	-1.5689
-0.0006	-0.3020	0.3020	-1.5726
-0.0017	-0.3010	0.3010	-1.5765
-0.0029	-0.3000	0.3000	-1.5806
-0.0041	-0.3000	0.3000	-1.5844
-0.0055	-0.2989	0.2990	-1.5893
-0.0067	-0.2979	0.2980	-1.5934
-0.0079	-0.2979	0.2980	-1.5972
-0.0091	-0.2969	0.2970	-1.6013
-0.0102	-0.2968	0.2970	-1.6051
-0.0116	-0.2958	0.2960	-1.6100
-0.0127	-0.2957	0.2960	-1.6138
-0.0139	-0.2947	0.2950	-1.6180
-0.0150	-0.2946	0.2950	-1.6217
-0.0162	-0.2946	0.2950	-1.6258
-0.0174	-0.2955	0.2960	-1.6297
-0.0184	-0.2964	0.2970	-1.6326
-0.0196	-0.2974	0.2980	-1.6365
-0.0206	-0.2993	0.3000	-1.6394
-0.0219	-0.3012	0.3020	-1.6433
-0.0229	-0.3031	0.3040	-1.6462
-0.0243	-0.3050	0.3060	-1.6504
-0.0253	-0.3070	0.3080	-1.6532
-0.0267	-0.3088	0.3100	-1.6572
-0.0279	-0.3118	0.3130	-1.6602
-0.0293	-0.3136	0.3150	-1.6640
-0.0305	-0.3155	0.3170	-1.6671
-0.0317	-0.3184	0.3200	-1.6700
-0.0331	-0.3203	0.3220	-1.6739
-0.0344	-0.3232	0.3250	-1.6768
-0.0359	-0.3250	0.3270	-1.6807
-0.0372	-0.3279	0.3300	-1.6836
-0.0385	-0.3308	0.3330	-1.6866
-0.0400	-0.3326	0.3350	-1.6904
-0.0414	-0.3355	0.3380	-1.6935
-0.0431	-0.3383	0.3410	-1.6975
-0.0444	-0.3411	0.3440	-1.7003
-0.0458	-0.3440	0.3470	-1.7033
-0.0477	-0.3467	0.3500	-1.7074
-0.0490	-0.3496	0.3530	-1.7101
-0.0509	-0.3523	0.3560	-1.7142
-0.0524	-0.3552	0.3590	-1.7172
-0.0540	-0.3590	0.3630	-1.7202
-0.0559	-0.3617	0.3660	-1.7240
-0.0576	-0.3655	0.3700	-1.7270
-0.0591	-0.3683	0.3730	-1.7300
-0.0612	-0.3720	0.3770	-1.7338
-0.0628	-0.3748	0.3800	-1.7368
-0.0649	-0.3785	0.3840	-1.7407
-0.0667	-0.3822	0.3880	-1.7437
-0.0686	-0.3860	0.3920	-1.7466
-0.0708	-0.3896	0.3960	-1.7505
-0.0727	-0.3933	0.4000	-1.7534
-0.0748	-0.3980	0.4050	-1.7565
-0.0770	-0.4017	0.4090	-1.7602
-0.0790	-0.4054	0.4130	-1.7633
-0.0812	-0.4100	0.4180	-1.7663
-0.0836	-0.4136	0.4220	-1.7701
-0.0858	-0.4183	0.4270	-1.7731
-0.0881	-0.4229	0.4320	-1.7761
-0.0907	-0.4275	0.4370	-1.7799
-0.0930	-0.4321	0.4420	-1.7829
-0.0959	-0.4366	0.4470	-1.7870
-0.0984	-0.4422	0.4530	-1.7898
-0.1008	-0.4468	0.4580	-1.7927
-0.1035	-0.4523	0.4640	-1.7957
-0.1064	-0.4568	0.4690	-1.7996
-0.1091	-0.4623	0.4750	-1.8025
-0.1124	-0.4677	0.4810	-1.8066
-0.1153	-0.4742	0.4880	-1.8093
-0.1182	-0.4797	0.4940	-1.8124
-0.1216	-0.4850	0.5000	-1.8164
-0.1245	-0.4904	0.5060	-1.8195
-0.1279	-0.4978	0.5140	-1.8222
-0.1314	-0.5031	0.5200	-1.8263
-0.1350	-0.5105	0.5280	-1.8293
-0.1384	-0.5178	0.5360	-1.8320
-0.1426	-0.5250	0.5440	-1.8361
-0.1463	-0.5323	0.5520	-1.8391
-0.1499	-0.5396	0.5600	-1.8418
-0.1543	-0.5466	0.5680	-1.8460
-0.1581	-0.5539	0.5760	-1.8489
-0.1624	-0.5630	0.5860	-1.8516
-0.1670	-0.5700	0.5940	-1.8557
-0.1715	-0.5791	0.6040	-1.8587
-0.1766	-0.5881	0.6140	-1.8625
-0.1818	-0.5990	0.6260	-1.8655
-0.1866	-0.6080	0.6360	-1.8686
-0.1918	-0.6169	0.6460	-1.8723
-0.1973	-0.6277	0.6580	-1.8754
-0.2028	-0.6386	0.6700	-1.8784
-0.2090	-0.6492	0.6820	-1.8822
-0.2146	-0.6600	0.6940	-1.8852
-0.2209	-0.6726	0.7080	-1.8881
-0.2279	-0.6851	0.7220	-1.8920
-0.2340	-0.6957	0.7340	-1.8952
-0.2406	-0.7082	0.7480	-1.8983
-0.2487	-0.7224	0.7640	-1.9023
-0.2561	-0.7367	0.7800	-1.9054
-0.2645	-0.7529	0.7980	-1.9087
-0.2728	-0.7669	0.8140	-1.9125
-0.2813	-0.7830	0.8320	-1.9158
-0.2898	-0.7991	0.8500	-1.9187
-0.3000	-0.8166	0.8700	-1.9228
-0.3094	-0.8345	0.8900	-1.9258
-0.3198	-0.8541	0.9120	-1.9291
-0.3311	-0.8733	0.9340	-1.9332
-0.3738	-0.9232	0.9960	-1.9555
-0.3806	-0.9183	0.9940	-1.9637
-0.3843	-0.9167	0.9940	-1.9678
-0.3873	-0.9133	0.9920	-1.9719
-0.3910	-0.9117	0.9920	-1.9760
-0.3945	-0.9102	0.9920	-1.9798
-0.3983	-0.9085	0.9920	-1.9839
-0.4020	-0.9069	0.9920	-1.9880
-0.4048	-0.9034	0.9900	-1.9921
-0.4086	-0.9018	0.9900	-1.9962
-0.4123	-0.9001	0.9900	-2.0003
-0.4150	-0.8966	0.9880	-2.0043
-0.4196	-0.8967	0.9900	-2.0085
-0.4224	-0.8931	0.9880	-2.0126
-0.4269	-0.8932	0.9900	-2.0166
-0.4297	-0.8897	0.9880	-2.0207
-0.4334	-0.8879	0.9880	-2.0249
-0.4376	-0.8881	0.9900	-2.0286
-0.4403	-0.8845	0.9880	-2.0327
-0.4440	-0.8826	0.9880	-2.0368
-0.4475	-0.8808	0.9880	-2.0409
-0.4511	-0.8790	0.9880	-2.0450
-0.4548	-0.8771	0.9880	-2.0491
-0.4583	-0.8753	0.9880	-2.0531
-0.4610	-0.8716	0.9860	-2.0573
-0.4655	-0.8715	0.9880	-2.0614
-0.4690	-0.8696	0.9880	-2.0654
-0.4716	-0.8659	0.9860	-2.0695
-0.4761	-0.8657	0.9880	-2.0737
-0.4794	-0.8639	0.9880	-2.0774
-0.4820	-0.8602	0.9860	-2.0815
-0.4865	-0.8599	0.9880	-2.0856
-0.4899	-0.8580	0.9880	-2.0897
-0.4935	-0.8559	0.9880	-2.0938
-0.4970	-0.8539	0.9880	-2.0979
-0.5004	-0.8519	0.9880	-2.1019
-0.5039	-0.8498	0.9880	-2.1061
-0.5074	-0.8477	0.9880	-2.1102
-0.5109	-0.8457	0.9880	-2.1142
-0.5143	-0.8436	0.9880	-2.1183
-0.5189	-0.8431	0.9900	-2.1225
-0.5210	-0.8394	0.9880	-2.1263
-0.5244	-0.8373	0.9880	-2.1303
-0.5289	-0.8369	0.9900	-2.1344
-0.5313	-0.8330	0.9880	-2.1386
-0.5346	-0.8308	0.9880	-2.1426
-0.5392	-0.8303	0.9900	-2.1467
-0.5426	-0.8281	0.9900	-2.1508
-0.5459	-0.8259	0.9900	-2.1549
-0.5504	-0.8253	0.9920	-2.1590
-0.5527	-0.8214	0.9900	-2.1631
-0.5560	-0.8191	0.9900	-2.1671
-0.5605	-0.8185	0.9920	-2.1713
-0.5636	-0.8163	0.9920	-2.1751
-0.5669	-0.8140	0.9920	-2.1791
-0.5703	-0.8117	0.9920	-2.1832
-0.5748	-0.8110	0.9940	-2.1874
-0.5780	-0.8087	0.9940	-2.1914
-0.5814	-0.8063	0.9940	-2.1955
-0.5847	-0.8039	0.9940	-2.1996
-0.5879	-0.8015	0.9940	-2.2037
-0.5924	-0.8007	0.9960	-2.2078
-0.5957	-0.7982	0.9960	-2.2119
-0.5989	-0.7958	0.9960	-2.2159
-0.6022	-0.7933	0.9960	-2.2201
-0.6064	-0.7926	0.9980	-2.2239
-0.6097	-0.7901	0.9980	-2.2280
-0.6129	-0.7877	0.9980	-2.2320
-0.9030	-0.4155	0.9940	-2.7104
-0.9011	-0.4101	0.9900	-2.7145
-0.8972	-0.4042	0.9840	-2.7183
-0.8955	-0.3982	0.9800	-2.7232
-0.8934	-0.3929	0.9760	-2.7273
-0.8894	-0.3870	0.9700	-2.7312
-0.8873	-0.3819	0.9660	-2.7352
-0.8833	-0.3761	0.9600	-2.7390
-0.8793	-0.3701	0.9540	-2.7431
-0.8770	-0.3652	0.9500	-2.7470
-0.8748	-0.3602	0.9460	-2.7510
-0.8709	-0.3536	0.9400	-2.7559
-0.8687	-0.3486	0.9360	-2.7600
-0.8663	-0.3437	0.9320	-2.7638
-0.8640	-0.3387	0.9280	-2.7680
-0.8615	-0.3340	0.9240	-2.7717
-0.8573	-0.3283	0.9180	-2.7758
-0.8567	-0.3243	0.9160	-2.7797
-0.8526	-0.3180	0.9100	-2.7846
-0.8502	-0.3131	0.9060	-2.7887
-0.8476	-0.3085	0.9020	-2.7925
-0.8451	-0.3037	0.8980	-2.7965
-0.8425	-0.2992	0.8940	-2.8004
-0.8399	-0.2944	0.8900	-2.8045
-0.8373	-0.2898	0.8860	-2.8083
-0.8346	-0.2852	0.8820	-2.8124
-0.8338	-0.2813	0.8800	-2.8162
-0.8315	-0.2757	0.8760	-2.8214
-0.8287	-0.2713	0.8720	-2.8252
-0.8279	-0.2673	0.8700	-2.8293
-0.8251	-0.2630	0.8660	-2.8331
-0.8224	-0.2584	0.8620	-2.8372
-0.8195	-0.2540	0.8580	-2.8410
-0.8187	-0.2501	0.8560	-2.8452
-0.8158	-0.2458	0.8520	-2.8489
-0.8129	-0.2413	0.8480	-2.8530
-0.8103	-0.2362	0.8440	-2.8579
-0.8073	-0.2320	0.8400	-2.8617
-0.8044	-0.2276	0.8360	-2.8659
-0.8014	-0.2234	0.8320	-2.8697
-0.7985	-0.2192	0.8280	-2.8737
-0.7974	-0.2156	0.8260	-2.8776
-0.7963	-0.2118	0.8240	-2.8817
-0.7952	-0.2082	0.8220	-2.8855
-0.7924	-0.2031	0.8180	-2.8907
-0.7893	-0.1991	0.8140	-2.8944
-0.7881	-0.1954	0.8120	-2.8986
-0.7850	-0.1914	0.8080	-2.9024
-0.7838	-0.1877	0.8060	-2.9065
-0.7806	-0.1839	0.8020	-2.9102
-0.7794	-0.1802	0.8000	-2.9144
-0.7762	-0.1763	0.7960	-2.9182
-0.7750	-0.1727	0.7940	-2.9223
-0.7739	-0.1685	0.7920	-2.9272
-0.7706	-0.1647	0.7880	-2.9311
-0.7673	-0.1608	0.7840	-2.9351
-0.7680	-0.1578	0.7840	-2.9389
-0.7666	-0.1543	0.7820	-2.9430
-0.7633	-0.1505	0.7780	-2.9469
-0.7619	-0.1471	0.7760	-2.9509
-0.7586	-0.1434	0.7720	-2.9547
-0.7572	-0.1399	0.7700	-2.9589
-0.7559	-0.1359	0.7680	-2.9637
-0.7525	-0.1321	0.7640	-2.9679
-0.7510	-0.1289	0.7620	-2.9716
-0.7496	-0.1255	0.7600	-2.9757
-0.7461	-0.1220	0.7560	-2.9796
-0.7466	-0.1189	0.7560	-2.9837
-0.7431	-0.1155	0.7520	-2.9874
-0.7416	-0.1121	0.7500	-2.9916
-0.7400	-0.1090	0.7480	-2.9954
-0.7385	-0.1056	0.7460	-2.9995
-0.7350	-0.1015	0.7420	-3.0044
-0.7354	-0.0987	0.7420	-3.0082
-0.7338	-0.0954	0.7400	-3.0123
-0.7302	-0.0921	0.7360	-3.0161
-0.7286	-0.0889	0.7340	-3.0202
-0.7270	-0.0857	0.7320	-3.0242
-0.7253	-0.0827	0.7300	-3.0281
-0.7000	-0.0750	0.7040	-3.0349
-0.6964	-0.0711	0.7000	-3.0399
-0.6947	-0.0683	0.6980	-3.0436
-0.6949	-0.0654	0.6980	-3.0477
-0.6912	-0.0624	0.6940	-3.0516
-0.6914	-0.0597	0.6940	-3.0554
-0.6897	-0.0568	0.6920	-3.0594
-0.6879	-0.0540	0.6900	-3.0633
-0.6861	-0.0512	0.6880	-3.0671
-0.6843	-0.0482	0.6860	-3.0712
-0.6825	-0.0455	0.6840	-3.0750
-0.6807	-0.0420	0.6820	-3.0799
-0.6789	-0.0394	0.6800	-3.0837
-0.6790	-0.0366	0.6800	-3.0878
-0.6772	-0.0339	0.6780	-3.0916
-0.6753	-0.0312	0.6760	-3.0955
-0.6734	-0.0284	0.6740	-3.0995
-0.6715	-0.0257	0.6720	-3.1033
-0.6696	-0.0231	0.6700	-3.1072
-0.6677	-0.0204	0.6680	-3.1110
-0.6678	-0.0177	0.6680	-3.1151
-0.6658	-0.0151	0.6660	-3.1189
-0.6639	-0.0118	0.6640	-3.1239
-0.6639	-0.0093	0.6640	-3.1276
-0.6620	-0.0065	0.6620	-3.1317
-0.6600	-0.0040	0.6600	-3.1356
-0.6580	-0.0015	0.6580	-3.1394
-0.5860	-0.0066	0.5860	-3.1304
-0.5860	-0.0042	0.5860	-3.1345
-0.5860	-0.0020	0.5860	-3.1382
-0.5279	-0.0094	0.5280	-3.1239
-0.5240	-0.0072	0.5240	-3.1279
-0.5240	-0.0052	0.5240	-3.1317
-0.5220	-0.0026	0.5220	-3.1366
-0.5200	-0.0004	0.5200	-3.1407
-0.4539	-0.0108	0.4540	-3.1178
-0.4519	-0.0089	0.4520	-3.1219
-0.4499	-0.0071	0.4500	-3.1258
-0.4490	-0.0054	0.4490	-3.1295
-0.4470	-0.0032	0.4470	-3.1345
-0.4450	-0.0015	0.4450	-3.1382
-0.6180	-0.0033	0.6180	-3.1363
-0.6100	-0.0002	0.6100	-3.1413
-0.6511	-0.0948	0.6580	-2.9970
-0.6495	-0.0920	0.6560	-3.0008
-0.6499	-0.0894	0.6560	-3.0049
-0.6482	-0.0866	0.6540	-3.0087
-0.6486	-0.0840	0.6540	-3.0128
-0.6469	-0.0812	0.6520	-3.0167
-0.6472	-0.0786	0.6520	-3.0207
-0.6475	-0.0762	0.6520	-3.0245
-0.6459	-0.0733	0.6500	-3.0287
-0.7930	-0.0895	0.7980	-3.0292
-0.6461	-0.0708	0.6500	-3.0325
-0.7893	-0.0861	0.7940	-3.0330
-0.7878	-0.0819	0.7920	-3.0380
-0.7861	-0.0788	0.7900	-3.0417
-0.7844	-0.0756	0.7880	-3.0455
-0.7827	-0.0722	0.7860	-3.0496
-0.7790	-0.0688	0.7820	-3.0535
-0.7772	-0.0657	0.7800	-3.0573
-0.7775	-0.0625	0.7800	-3.0613
-0.7737	-0.0592	0.7760	-3.0652
-0.7720	-0.0561	0.7740	-3.0690
-0.7702	-0.0530	0.7720	-3.0729
-0.7684	-0.0498	0.7700	-3.0769
-0.7666	-0.0458	0.7680	-3.0819
-0.7648	-0.0429	0.7660	-3.0856
-0.7630	-0.0398	0.7640	-3.0894
-0.7611	-0.0366	0.7620	-3.0936
-0.7573	-0.0335	0.7580	-3.0974
-0.7574	-0.0306	0.7580	-3.1012
-0.7555	-0.0277	0.7560	-3.1050
-0.7536	-0.0245	0.7540	-3.1091
-0.7517	-0.0216	0.7520	-3.1129
-0.7498	-0.0186	0.7500	-3.1168
-0.7478	-0.0156	0.7480	-3.1208
-0.7459	-0.0127	0.7460	-3.1246
-0.7419	-0.0090	0.7420	-3.1295
-0.7420	-0.0061	0.7420	-3.1333
-0.7420	-0.0033	0.7420	-3.1372
-0.7380	-0.0002	0.7380	-3.1413
