x	y	r	phi
-0.6000	0.0022	0.6000	3.1379
-0.5900	0.0051	0.5900	3.1329
-0.5799	0.0079	0.5800	3.1280
-0.5719	0.0101	0.5720	3.1240
-0.5639	0.0128	0.5640	3.1190
-0.5558	0.0155	0.5560	3.1138
-0.5477	0.0174	0.5480	3.1098
-0.5396	0.0199	0.5400	3.1048
-0.5315	0.0222	0.5320	3.0999
-0.5235	0.0240	0.5240	3.0959
-0.5173	0.0263	0.5180	3.0909
-0.5112	0.0286	0.5120	3.0857
-0.5041	0.0302	0.5050	3.0817
-0.4980	0.0323	0.4990	3.0768
-0.4908	0.0339	0.4920	3.0727
-0.4837	0.0358	0.4850	3.0678
-0.4785	0.0378	0.4800	3.0628
-0.4734	0.0393	0.4750	3.0588
-0.4672	0.0411	0.4690	3.0539
-0.4620	0.0426	0.4640	3.0497
-0.4559	0.0442	0.4580	3.0449
-0.4506	0.0461	0.4530	3.0397
-0.4455	0.0474	0.4480	3.0356
-0.4403	0.0490	0.4430	3.0307
-0.4361	0.0507	0.4390	3.0258
-0.4309	0.0519	0.4340	3.0217
-0.4257	0.0534	0.4290	3.0168
-0.4215	0.0547	0.4250	3.0126
-0.4172	0.0562	0.4210	3.0078
-0.4120	0.0576	0.4160	3.0026
-0.4078	0.0588	0.4120	2.9985
-0.4035	0.0602	0.4080	2.9936
-0.3993	0.0612	0.4040	2.9894
-0.3951	0.0626	0.4000	2.9846
-0.3908	0.0638	0.3960	2.9797
-0.3876	0.0650	0.3930	2.9755
-0.3843	0.0665	0.3900	2.9704
-0.3801	0.0672	0.3860	2.9665
-0.3758	0.0685	0.3820	2.9613
-0.3726	0.0694	0.3790	2.9575
-0.3683	0.0705	0.3750	2.9523
-0.3661	0.0715	0.3730	2.9486
-0.3618	0.0726	0.3690	2.9434
-0.3585	0.0738	0.3660	2.9384
-0.3552	0.0747	0.3630	2.9344
-0.3519	0.0758	0.3600	2.9295
-0.3487	0.0766	0.3570	2.9254
-0.3454	0.0776	0.3540	2.9205
-0.3431	0.0786	0.3520	2.9164
-0.3398	0.0797	0.3490	2.9112
-0.3365	0.0807	0.3460	2.9063
-0.3332	0.0813	0.3430	2.9022
-0.3309	0.0825	0.3410	2.8973
-0.3286	0.0833	0.3390	2.8932
-0.3253	0.0842	0.3360	2.8883
-0.3230	0.0850	0.3340	2.8842
-0.3206	0.0861	0.3320	2.8793
-0.3174	0.0866	0.3290	2.8752
-0.3150	0.0876	0.3270	2.8703
-0.3128	0.0884	0.3250	2.8662
-0.3104	0.0894	0.3230	2.8613
-0.3071	0.0898	0.3200	2.8572
-0.3048	0.0908	0.3180	2.8521
-0.3025	0.0914	0.3160	2.8482
-0.3001	0.0924	0.3140	2.8430
-0.2978	0.0929	0.3120	2.8392
-0.2964	0.0942	0.3110	2.8340
-0.2941	0.0948	0.3090	2.8299
-0.2908	0.0953	0.3060	2.8250
-0.2894	0.0961	0.3050	2.8209
-0.2871	0.0969	0.3030	2.8160
-0.2848	0.0974	0.3010	2.8120
-0.2835	0.0982	0.3000	2.8081
-0.2811	0.0990	0.2980	2.8030
-0.2787	0.0997	0.2960	2.7980
-0.2764	0.1002	0.2940	2.7940
-0.2751	0.1010	0.2930	2.7898
-0.2727	0.1016	0.2910	2.7849
-0.2703	0.1022	0.2890	2.7801
-0.2680	0.1026	0.2870	2.7759
-0.2657	0.1032	0.2850	2.7710
-0.2634	0.1036	0.2830	2.7669
-0.2619	0.1045	0.2820	2.7620
-0.2596	0.1048	0.2800	2.7579
-0.2582	0.1057	0.2790	2.7530
-0.2568	0.1064	0.2780	2.7489
-0.2545	0.1069	0.2760	2.7440
-0.2531	0.1075	0.2750	2.7402
-0.2507	0.1080	0.2730	2.7350
-0.2494	0.1085	0.2720	2.7313
-0.2470	0.1089	0.2700	2.7263
-0.2457	0.1095	0.2690	2.7222
-0.2443	0.1101	0.2680	2.7181
-0.2420	0.1105	0.2660	2.7132
-0.2406	0.1110	0.2650	2.7094
-0.2382	0.1114	0.2630	2.7042
-0.2369	0.1119	0.2620	2.7004
-0.2355	0.1126	0.2610	2.6955
-0.2332	0.1127	0.2590	2.6914
-0.2317	0.1134	0.2580	2.6865
-0.2304	0.1139	0.2570	2.6824
-0.2289	0.1146	0.2560	2.6775
-0.2276	0.1151	0.2550	2.6734
-0.2252	0.1153	0.2530	2.6685
-0.2239	0.1157	0.2520	2.6647
-0.2234	0.1166	0.2520	2.6606
-0.2211	0.1167	0.2500	2.6557
-0.2197	0.1172	0.2490	2.6516
-0.2182	0.1178	0.2480	2.6467
-0.2169	0.1182	0.2470	2.6426
-0.2155	0.1186	0.2460	2.6387
-0.2141	0.1192	0.2450	2.6336
-0.2127	0.1195	0.2440	2.6297
-0.2113	0.1201	0.2430	2.6248
-0.2099	0.1204	0.2420	2.6208
-0.2084	0.1210	0.2410	2.6158
-0.2071	0.1213	0.2400	2.6118
-0.2058	0.1216	0.2390	2.6080
-0.2043	0.1221	0.2380	2.6028
-0.2030	0.1224	0.2370	2.5989
-0.2015	0.1229	0.2360	2.5941
-0.2010	0.1237	0.2360	2.5899
-0.1987	0.1236	0.2340	2.5850
-0.1973	0.1239	0.2330	2.5809
-0.1960	0.1241	0.2320	2.5771
-0.1945	0.1246	0.2310	2.5719
-0.1932	0.1248	0.2300	2.5682
-0.1927	0.1256	0.2300	2.5640
-0.1912	0.1260	0.2290	2.5592
-0.1899	0.1262	0.2280	2.5550
-0.1884	0.1266	0.2270	2.5501
-0.1871	0.1267	0.2260	2.5463
-0.1856	0.1271	0.2250	2.5411
-0.1852	0.1278	0.2250	2.5373
-0.1846	0.1286	0.2250	2.5333
-0.1824	0.1284	0.2230	2.5283
-0.1810	0.1285	0.2220	2.5243
-0.1805	0.1292	0.2220	2.5204
-0.1791	0.1295	0.2210	2.5155
-0.1777	0.1296	0.2200	2.5114
-0.1772	0.1304	0.2200	2.5073
-0.1758	0.1306	0.2190	2.5024
-0.1745	0.1307	0.2180	2.4986
-0.1730	0.1310	0.2170	2.4934
-0.1725	0.1317	0.2170	2.4896
-0.1720	0.1324	0.2170	2.4855
-0.1707	0.1324	0.2160	2.4817
-0.1692	0.1327	0.2150	2.4765
-0.1679	0.1327	0.2140	2.4727
-0.1665	0.1329	0.2130	2.4678
-0.1659	0.1336	0.2130	2.4637
-0.1646	0.1336	0.2120	2.4596
-0.1641	0.1343	0.2120	2.4558
-0.1635	0.1349	0.2120	2.4517
-0.1621	0.1351	0.2110	2.4468
-0.1615	0.1358	0.2110	2.4427
-0.1601	0.1359	0.2100	2.4378
-0.1588	0.1359	0.2090	2.4339
-0.1583	0.1365	0.2090	2.4298
-0.1568	0.1366	0.2080	2.4249
-0.1563	0.1373	0.2080	2.4209
-0.1550	0.1372	0.2070	2.4171
-0.1544	0.1378	0.2070	2.4130
-0.1530	0.1379	0.2060	2.4081
-0.1525	0.1385	0.2060	2.4039
-0.1512	0.1385	0.2050	2.3999
-0.1506	0.1391	0.2050	2.3961
-0.1492	0.1391	0.2040	2.3912
-0.1486	0.1397	0.2040	2.3871
-0.1481	0.1403	0.2040	2.3829
-0.1466	0.1404	0.2030	2.3781
-0.1454	0.1402	0.2020	2.3742
-0.1448	0.1408	0.2020	2.3702
-0.1434	0.1408	0.2010	2.3652
-0.1428	0.1414	0.2010	2.3612
-0.1416	0.1413	0.2000	2.3573
-0.1410	0.1418	0.2000	2.3532
-0.1405	0.1424	0.2000	2.3494
-0.1391	0.1424	0.1990	2.3445
-0.1385	0.1429	0.1990	2.3407
-0.1379	0.1434	0.1990	2.3366
-0.1365	0.1434	0.1980	2.3317
-0.1360	0.1439	0.1980	2.3279
-0.1354	0.1444	0.1980	2.3241
-0.1342	0.1442	0.1970	2.3202
-0.1336	0.1448	0.1970	2.3161
-0.1322	0.1447	0.1960	2.3112
-0.1317	0.1452	0.1960	2.3074
-0.1311	0.1457	0.1960	2.3037
-0.1297	0.1456	0.1950	2.2987
-0.1291	0.1461	0.1950	2.2946
-0.1286	0.1466	0.1950	2.2908
-0.1274	0.1463	0.1940	2.2870
-0.1268	0.1468	0.1940	2.2831
-0.1262	0.1473	0.1940	2.2791
-0.1248	0.1472	0.1930	2.2741
-0.1243	0.1477	0.1930	2.2703
-0.1237	0.1481	0.1930	2.2666
-0.1223	0.1480	0.1920	2.2616
-0.1217	0.1485	0.1920	2.2575
-0.1212	0.1489	0.1920	2.2537
-0.1200	0.1486	0.1910	2.2499
-0.1193	0.1491	0.1910	2.2457
-0.1188	0.1496	0.1910	2.2420
-0.1174	0.1494	0.1900	2.2370
-0.1169	0.1498	0.1900	2.2333
-0.1163	0.1503	0.1900	2.2294
-0.1157	0.1507	0.1900	2.2253
-0.1143	0.1505	0.1890	2.2204
-0.1137	0.1509	0.1890	2.2166
-0.1139	0.1521	0.1900	2.2136
-0.1126	0.1518	0.1890	2.2087
-0.1120	0.1523	0.1890	2.2049
-0.1114	0.1527	0.1890	2.2011
-0.1102	0.1523	0.1880	2.1972
-0.1096	0.1527	0.1880	2.1932
-0.1090	0.1532	0.1880	2.1894
-0.1084	0.1536	0.1880	2.1855
-0.1078	0.1540	0.1880	2.1814
-0.1072	0.1544	0.1880	2.1776
-0.1066	0.1548	0.1880	2.1738
-0.1060	0.1553	0.1880	2.1697
-0.1047	0.1550	0.1870	2.1648
-0.1041	0.1554	0.1870	2.1610
-0.1028	0.1550	0.1860	2.1561
-0.1016	0.1546	0.1850	2.1523
-0.1010	0.1550	0.1850	2.1484
-0.1004	0.1554	0.1850	2.1443
-0.0998	0.1558	0.1850	2.1406
-0.0992	0.1562	0.1850	2.1367
-0.0986	0.1566	0.1850	2.1326
-0.0973	0.1562	0.1840	2.1277
-0.0974	0.1573	0.1850	2.1249
-0.0967	0.1577	0.1850	2.1209
-0.0954	0.1573	0.1840	2.1160
-0.0948	0.1577	0.1840	2.1122
-0.0942	0.1580	0.1840	2.1084
-0.0936	0.1584	0.1840	2.1045
-0.0930	0.1588	0.1840	2.1004
-0.0917	0.1584	0.1830	2.0955
-0.0911	0.1587	0.1830	2.0917
-0.0905	0.1591	0.1830	2.0879
-0.0898	0.1594	0.1830	2.0838
-0.0892	0.1598	0.1830	2.0800
-0.0886	0.1601	0.1830	2.0761
-0.0879	0.1605	0.1830	2.0721
-0.0873	0.1608	0.1830	2.0683
-0.0861	0.1604	0.1820	2.0634
-0.0855	0.1607	0.1820	2.0596
-0.0854	0.1618	0.1830	2.0565
-0.0848	0.1622	0.1830	2.0528
-0.0836	0.1617	0.1820	2.0478
-0.0829	0.1620	0.1820	2.0440
-0.0823	0.1623	0.1820	2.0399
-0.0817	0.1627	0.1820	2.0361
-0.0810	0.1630	0.1820	2.0322
-0.0804	0.1633	0.1820	2.0282
-0.0797	0.1636	0.1820	2.0244
-0.0791	0.1639	0.1820	2.0205
-0.0784	0.1642	0.1820	2.0164
-0.0778	0.1645	0.1820	2.0126
-0.0772	0.1648	0.1820	2.0088
-0.0765	0.1651	0.1820	2.0047
-0.0755	0.1645	0.1810	2.0009
-0.0748	0.1648	0.1810	1.9971
-0.0742	0.1651	0.1810	1.9933
-0.0735	0.1654	0.1810	1.9892
-0.0729	0.1657	0.1810	1.9854
-0.0723	0.1659	0.1810	1.9815
-0.0716	0.1662	0.1810	1.9775
-0.0710	0.1665	0.1810	1.9737
-0.0703	0.1668	0.1810	1.9698
-0.0696	0.1671	0.1810	1.9657
-0.0690	0.1673	0.1810	1.9619
-0.0684	0.1676	0.1810	1.9581
-0.0677	0.1679	0.1810	1.9540
-0.0670	0.1681	0.1810	1.9502
-0.0663	0.1684	0.1810	1.9460
-0.0657	0.1687	0.1810	1.9423
-0.0645	0.1680	0.1800	1.9373
-0.0644	0.1692	0.1810	1.9343
-0.0637	0.1694	0.1810	1.9305
-0.0631	0.1697	0.1810	1.9267
-0.0624	0.1699	0.1810	1.9227
-0.0617	0.1701	0.1810	1.9188
-0.0611	0.1704	0.1810	1.9150
-0.0604	0.1706	0.1810	1.9110
-0.0597	0.1709	0.1810	1.9071
-0.0590	0.1711	0.1810	1.9030
-0.0584	0.1713	0.1810	1.8992
-0.0577	0.1716	0.1810	1.8953
-0.0570	0.1718	0.1810	1.8913
-0.0564	0.1720	0.1810	1.8875
-0.0560	0.1732	0.1820	1.8836
-0.0553	0.1734	0.1820	1.8795
-0.0543	0.1726	0.1810	1.8758
-0.0537	0.1729	0.1810	1.8719
-0.0530	0.1731	0.1810	1.8678
-0.0526	0.1742	0.1820	1.8640
-0.0516	0.1735	0.1810	1.8600
-0.0509	0.1737	0.1810	1.8561
-0.0503	0.1739	0.1810	1.8523
-0.0498	0.1750	0.1820	1.8482
-0.0492	0.1752	0.1820	1.8443
-0.0485	0.1754	0.1820	1.8406
-0.0478	0.1756	0.1820	1.8365
-0.0471	0.1758	0.1820	1.8326
-0.0464	0.1760	0.1820	1.8288
-0.0457	0.1762	0.1820	1.8248
-0.0451	0.1763	0.1820	1.8209
-0.0443	0.1765	0.1820	1.8168
-0.0436	0.1767	0.1820	1.8130
-0.0434	0.1778	0.1830	1.8100
-0.0427	0.1780	0.1830	1.8062
-0.0420	0.1781	0.1830	1.8023
-0.0413	0.1783	0.1830	1.7983
-0.0406	0.1784	0.1830	1.7945
-0.0399	0.1786	0.1830	1.7906
-0.0392	0.1788	0.1830	1.7865
-0.0385	0.1789	0.1830	1.7828
-0.0378	0.1791	0.1830	1.7787
-0.0371	0.1792	0.1830	1.7748
-0.0364	0.1793	0.1830	1.7710
-0.0361	0.1804	0.1840	1.7680
-0.0354	0.1806	0.1840	1.7642
-0.0346	0.1807	0.1840	1.7601
-0.0339	0.1808	0.1840	1.7563
-0.0332	0.1810	0.1840	1.7525
-0.0325	0.1811	0.1840	1.7484
-0.0321	0.1822	0.1850	1.7454
-0.0314	0.1823	0.1850	1.7415
-0.0307	0.1824	0.1850	1.7377
-0.0300	0.1826	0.1850	1.7337
-0.0293	0.1827	0.1850	1.7299
-0.0286	0.1828	0.1850	1.7260
-0.0280	0.1839	0.1860	1.7219
-0.0273	0.1840	0.1860	1.7181
-0.0266	0.1841	0.1860	1.7140
-0.0258	0.1842	0.1860	1.7102
-0.0254	0.1853	0.1870	1.7072
-0.0247	0.1854	0.1870	1.7034
-0.0240	0.1855	0.1870	1.6996
-0.0232	0.1855	0.1870	1.6954
-0.0226	0.1856	0.1870	1.6917
-0.0218	0.1857	0.1870	1.6879
-0.0211	0.1858	0.1870	1.6837
-0.0206	0.1869	0.1880	1.6808
-0.0199	0.1869	0.1880	1.6769
-0.0192	0.1870	0.1880	1.6731
-0.0184	0.1871	0.1880	1.6690
-0.0177	0.1872	0.1880	1.6652
-0.0170	0.1872	0.1880	1.6614
-0.0163	0.1883	0.1890	1.6573
-0.0156	0.1884	0.1890	1.6534
-0.0148	0.1884	0.1890	1.6494
-0.0141	0.1885	0.1890	1.6456
-0.0134	0.1885	0.1890	1.6417
-0.0129	0.1896	0.1900	1.6388
-0.0122	0.1896	0.1900	1.6349
-0.0114	0.1897	0.1900	1.6308
-0.0107	0.1897	0.1900	1.6270
-0.0102	0.1907	0.1910	1.6240
-0.0094	0.1908	0.1910	1.6202
-0.0087	0.1908	0.1910	1.6161
-0.0080	0.1918	0.1920	1.6123
-0.0072	0.1919	0.1920	1.6085
-0.0064	0.1919	0.1920	1.6044
-0.0057	0.1919	0.1920	1.6006
-0.0052	0.1929	0.1930	1.5975
-0.0044	0.1930	0.1930	1.5935
-0.0036	0.1930	0.1930	1.5894
-0.0030	0.1940	0.1940	1.5861
-0.0022	0.1940	0.1940	1.5820
-0.0014	0.1940	0.1940	1.5779
-0.0006	0.1940	0.1940	1.5739
0.0002	0.1950	0.1950	1.5697
0.0010	0.1950	0.1950	1.5656
0.0018	0.1950	0.1950	1.5616
0.0024	0.1960	0.1960	1.5585
0.0032	0.1960	0.1960	1.5545
0.0040	0.1960	0.1960	1.5504
0.0046	0.1969	0.1970	1.5474
0.0054	0.1969	0.1970	1.5433
0.0062	0.1969	0.1970	1.5393
0.0071	0.1979	0.1980	1.5351
0.0079	0.1978	0.1980	1.5310
0.0087	0.1978	0.1980	1.5270
0.0095	0.1978	0.1980	1.5229
0.0102	0.1987	0.1990	1.5196
0.0110	0.1987	0.1990	1.5155
0.0117	0.1997	0.2000	1.5125
0.0125	0.1996	0.2000	1.5084
0.0133	0.1996	0.2000	1.5043
0.0142	0.2005	0.2010	1.5002
0.0150	0.2004	0.2010	1.4961
0.0158	0.2004	0.2010	1.4920
0.0165	0.2013	0.2020	1.4890
0.0173	0.2013	0.2020	1.4849
0.0182	0.2022	0.2030	1.4809
0.0191	0.2021	0.2030	1.4767
0.0199	0.2020	0.2030	1.4726
0.0207	0.2019	0.2030	1.4686
0.0214	0.2029	0.2040	1.4656
0.0223	0.2028	0.2040	1.4615
0.0230	0.2037	0.2050	1.4582
0.0239	0.2036	0.2050	1.4541
0.0248	0.2045	0.2060	1.4500
0.0256	0.2044	0.2060	1.4460
0.0264	0.2053	0.2070	1.4429
0.0272	0.2052	0.2070	1.4389
0.0282	0.2061	0.2080	1.4348
0.0291	0.2060	0.2080	1.4306
0.0299	0.2058	0.2080	1.4266
0.0307	0.2067	0.2090	1.4235
0.0315	0.2066	0.2090	1.4195
0.0325	0.2075	0.2100	1.4154
0.0334	0.2073	0.2100	1.4113
0.0342	0.2082	0.2110	1.4080
0.0350	0.2081	0.2110	1.4040
0.0359	0.2079	0.2110	1.3999
0.0367	0.2088	0.2120	1.3969
0.0377	0.2096	0.2130	1.3928
0.0385	0.2105	0.2140	1.3898
0.0394	0.2103	0.2140	1.3857
0.0403	0.2102	0.2140	1.3815
0.0413	0.2110	0.2150	1.3775
0.0422	0.2108	0.2150	1.3734
0.0431	0.2117	0.2160	1.3701
0.0439	0.2115	0.2160	1.3660
0.0450	0.2133	0.2180	1.3630
0.0461	0.2141	0.2190	1.3589
0.0469	0.2139	0.2190	1.3549
0.0478	0.2137	0.2190	1.3508
0.0487	0.2135	0.2190	1.3466
0.0495	0.2143	0.2200	1.3437
0.0513	0.2139	0.2200	1.3355
0.0533	0.2155	0.2220	1.3281
0.0545	0.2173	0.2240	1.3252
0.0554	0.2171	0.2240	1.3210
0.0563	0.2168	0.2240	1.3169
0.0574	0.2176	0.2250	1.3129
0.0583	0.2173	0.2250	1.3088
0.0592	0.2181	0.2260	1.3058
0.0601	0.2179	0.2260	1.3017
0.0613	0.2186	0.2270	1.2976
0.0625	0.2203	0.2290	1.2943
0.0634	0.2211	0.2300	1.2913
0.0644	0.2208	0.2300	1.2872
0.0655	0.2215	0.2310	1.2832
0.0665	0.2223	0.2320	1.2801
0.0677	0.2230	0.2330	1.2761
0.0686	0.2227	0.2330	1.2720
0.0695	0.2224	0.2330	1.2678
0.0707	0.2231	0.2340	1.2638
0.0717	0.2238	0.2350	1.2605
0.0730	0.2244	0.2360	1.2564
0.0740	0.2252	0.2370	1.2535
0.0752	0.2258	0.2380	1.2493
0.0762	0.2265	0.2390	1.2464
0.0771	0.2262	0.2390	1.2422
0.0784	0.2268	0.2400	1.2381
0.0796	0.2275	0.2410	1.2341
0.0807	0.2282	0.2420	1.2310
0.0819	0.2288	0.2430	1.2270
0.0829	0.2295	0.2440	1.2239
0.0839	0.2291	0.2440	1.2199
0.0851	0.2297	0.2450	1.2161
0.0861	0.2304	0.2460	1.2131
0.0874	0.2310	0.2470	1.2090
0.0887	0.2316	0.2480	1.2048
0.0898	0.2322	0.2490	1.2019
0.0910	0.2328	0.2500	1.1980
0.0921	0.2335	0.2510	1.1951
0.0931	0.2331	0.2510	1.1909
0.0944	0.2337	0.2520	1.1869
0.0957	0.2342	0.2530	1.1831
0.0968	0.2349	0.2540	1.1800
0.0981	0.2354	0.2550	1.1760
0.0994	0.2359	0.2560	1.1719
0.1005	0.2365	0.2570	1.1689
0.1018	0.2371	0.2580	1.1651
0.1029	0.2377	0.2590	1.1621
0.1043	0.2382	0.2600	1.1580
0.1057	0.2386	0.2610	1.1538
0.1068	0.2392	0.2620	1.1509
0.1081	0.2397	0.2630	1.1470
0.1095	0.2402	0.2640	1.1430
0.1111	0.2417	0.2660	1.1399
0.1125	0.2421	0.2670	1.1359
0.1137	0.2427	0.2680	1.1328
0.1150	0.2432	0.2690	1.1290
0.1164	0.2436	0.2700	1.1250
0.1176	0.2442	0.2710	1.1220
0.1190	0.2446	0.2720	1.1179
0.1204	0.2450	0.2730	1.1141
0.1220	0.2464	0.2750	1.1111
0.1235	0.2468	0.2760	1.1070
0.1247	0.2474	0.2770	1.1040
0.1261	0.2478	0.2780	1.1002
0.1275	0.2481	0.2790	1.0960
0.1292	0.2495	0.2810	1.0931
0.1307	0.2499	0.2820	1.0889
0.1319	0.2504	0.2830	1.0860
0.1333	0.2508	0.2840	1.0821
0.1351	0.2521	0.2860	1.0789
0.1365	0.2524	0.2870	1.0750
0.1380	0.2528	0.2880	1.0710
0.1398	0.2541	0.2900	1.0679
0.1413	0.2544	0.2910	1.0639
0.1427	0.2547	0.2920	1.0601
0.1445	0.2561	0.2940	1.0571
0.1460	0.2563	0.2950	1.0530
0.1478	0.2576	0.2970	1.0500
0.1493	0.2579	0.2980	1.0462
0.1511	0.2592	0.3000	1.0429
0.1526	0.2594	0.3010	1.0391
0.1547	0.2605	0.3030	1.0350
0.1560	0.2609	0.3040	1.0320
0.1575	0.2612	0.3050	1.0282
0.1596	0.2622	0.3070	1.0240
0.1609	0.2626	0.3080	1.0211
0.1631	0.2637	0.3100	1.0169
0.1649	0.2649	0.3120	1.0140
0.1664	0.2651	0.3130	1.0101
0.1686	0.2661	0.3150	1.0061
0.1705	0.2673	0.3170	1.0030
0.1721	0.2674	0.3180	0.9990
0.1740	0.2686	0.3200	0.9959
0.1761	0.2696	0.3220	0.9922
0.1780	0.2707	0.3240	0.9891
0.1797	0.2708	0.3250	0.9851
0.1819	0.2718	0.3270	0.9810
0.1838	0.2729	0.3290	0.9780
0.1860	0.2738	0.3310	0.9742
0.1879	0.2749	0.3330	0.9712
0.1902	0.2758	0.3350	0.9671
0.1921	0.2769	0.3370	0.9641
0.1944	0.2777	0.3390	0.9600
0.1966	0.2786	0.3410	0.9561
0.1986	0.2796	0.3430	0.9532
0.2015	0.2813	0.3460	0.9491
0.2029	0.2815	0.3470	0.9461
0.2047	0.2814	0.3480	0.9420
0.2075	0.2831	0.3510	0.9381
0.2096	0.2841	0.3530	0.9352
0.2125	0.2856	0.3560	0.9310
0.2146	0.2866	0.3580	0.9281
0.2176	0.2881	0.3610	0.9239
0.2196	0.2890	0.3630	0.9210
0.2226	0.2906	0.3660	0.9171
0.2246	0.2915	0.3680	0.9142
0.2277	0.2929	0.3710	0.9100
0.2298	0.2938	0.3730	0.9071
0.2329	0.2952	0.3760	0.9029
0.2352	0.2959	0.3780	0.8992
0.2380	0.2975	0.3810	0.8961
0.2411	0.2989	0.3840	0.8921
0.2439	0.3005	0.3870	0.8890
0.2463	0.3011	0.3890	0.8853
0.2491	0.3027	0.3920	0.8822
0.2522	0.3040	0.3950	0.8784
0.2549	0.3057	0.3980	0.8757
0.2587	0.3077	0.4020	0.8716
0.2615	0.3093	0.4050	0.8689
0.2646	0.3105	0.4080	0.8651
0.2675	0.3120	0.4110	0.8621
0.2707	0.3133	0.4140	0.8583
0.2741	0.3156	0.4180	0.8556
0.2773	0.3168	0.4210	0.8517
0.2809	0.3189	0.4250	0.8487
0.2841	0.3201	0.4280	0.8449
0.2877	0.3222	0.4320	0.8419
0.2910	0.3233	0.4350	0.8380
0.2949	0.3252	0.4390	0.8343
0.2978	0.3266	0.4420	0.8315
0.3024	0.3292	0.4470	0.8277
0.3061	0.3312	0.4510	0.8247
0.3101	0.3329	0.4550	0.8209
0.3132	0.3342	0.4580	0.8179
0.3172	0.3359	0.4620	0.8141
0.3208	0.3380	0.4660	0.8114
0.3263	0.3411	0.4720	0.8075
0.3308	0.3437	0.4770	0.8046
0.3349	0.3453	0.4810	0.8007
0.3386	0.3472	0.4850	0.7980
0.3435	0.3494	0.4900	0.7939
0.3480	0.3520	0.4950	0.7912
0.3536	0.3549	0.5010	0.7873
0.3582	0.3574	0.5060	0.7843
0.3624	0.3589	0.5100	0.7805
0.3676	0.3621	0.5160	0.7778
0.3719	0.3635	0.5200	0.7740
0.3772	0.3666	0.5260	0.7710
0.3830	0.3693	0.5320	0.7672
0.3884	0.3723	0.5380	0.7642
0.3942	0.3749	0.5440	0.7604
0.3996	0.3779	0.5500	0.7576
0.4068	0.3819	0.5580	0.7539
0.4124	0.3848	0.5640	0.7508
0.4193	0.3891	0.5720	0.7481
0.4252	0.3916	0.5780	0.7443
0.4311	0.3940	0.5840	0.7404
0.4382	0.3981	0.5920	0.7375
0.4442	0.4004	0.5980	0.7336
0.4513	0.4044	0.6060	0.7307
0.4588	0.4080	0.6140	0.7268
0.4660	0.4120	0.6220	0.7240
0.4747	0.4172	0.6320	0.7211
0.4823	0.4207	0.6400	0.7172
0.4895	0.4246	0.6480	0.7145
0.4988	0.4291	0.6580	0.7104
0.5076	0.4343	0.6680	0.7077
0.5169	0.4388	0.6780	0.7039
0.5243	0.4424	0.6860	0.7009
0.5336	0.4468	0.6960	0.6971
0.5441	0.4530	0.7080	0.6943
0.5535	0.4574	0.7180	0.6906
0.5642	0.4633	0.7300	0.6875
0.5736	0.4675	0.7400	0.6838
0.5844	0.4733	0.7520	0.6807
0.5956	0.4785	0.7640	0.6769
0.6078	0.4857	0.7780	0.6742
0.6190	0.4908	0.7900	0.6703
0.6315	0.4976	0.8040	0.6674
0.6444	0.5038	0.8180	0.6635
0.6568	0.5107	0.8320	0.6609
0.6700	0.5165	0.8460	0.6567
0.6842	0.5244	0.8620	0.6540
0.6988	0.5315	0.8780	0.6502
0.7132	0.5390	0.8940	0.6471
0.7281	0.5459	0.9100	0.6434
0.7440	0.5547	0.9280	0.6406
0.7601	0.5632	0.9460	0.6377
0.7768	0.5709	0.9640	0.6338
0.7944	0.5806	0.9840	0.6311
0.3453	-0.4281	0.5500	-0.8920
0.3436	-0.4295	0.5500	-0.8960
0.3418	-0.4309	0.5500	-0.9002
0.3388	-0.4307	0.5480	-0.9043
0.3371	-0.4321	0.5480	-0.9083
0.3353	-0.4335	0.5480	-0.9124
0.3335	-0.4348	0.5480	-0.9166
0.3318	-0.4361	0.5480	-0.9204
0.3284	-0.4362	0.5460	-0.9256
0.3266	-0.4376	0.5460	-0.9296
0.3248	-0.4389	0.5460	-0.9337
0.3230	-0.4402	0.5460	-0.9378
0.3213	-0.4414	0.5460	-0.9416
0.3195	-0.4428	0.5460	-0.9457
0.3165	-0.4424	0.5440	-0.9498
0.3159	-0.4453	0.5460	-0.9538
0.3140	-0.4466	0.5460	-0.9580
0.3122	-0.4479	0.5460	-0.9621
0.3104	-0.4492	0.5460	-0.9661
0.3074	-0.4488	0.5440	-0.9702
0.3057	-0.4500	0.5440	-0.9741
0.3038	-0.4512	0.5440	-0.9782
0.3020	-0.4525	0.5440	-0.9822
0.3001	-0.4537	0.5440	-0.9863
0.2983	-0.4549	0.5440	-0.9905
0.2964	-0.4561	0.5440	-0.9945
0.2946	-0.4574	0.5440	-0.9986
0.2928	-0.4585	0.5440	-1.0025
0.2910	-0.4597	0.5440	-1.0065
0.2891	-0.4609	0.5440	-1.0106
0.2861	-0.4603	0.5420	-1.0147
0.2842	-0.4615	0.5420	-1.0188
0.2823	-0.4627	0.5420	-1.0229
0.2816	-0.4654	0.5440	-1.0267
0.2797	-0.4666	0.5440	-1.0308
0.2778	-0.4677	0.5440	-1.0349
0.2759	-0.4689	0.5440	-1.0390
0.2739	-0.4700	0.5440	-1.0431
0.2720	-0.4711	0.5440	-1.0471
0.2702	-0.4721	0.5440	-1.0510
0.2683	-0.4733	0.5440	-1.0551
0.2664	-0.4743	0.5440	-1.0591
0.2644	-0.4754	0.5440	-1.0632
0.2624	-0.4765	0.5440	-1.0674
0.2607	-0.4775	0.5440	-1.0711
0.2587	-0.4786	0.5440	-1.0752
0.2567	-0.4796	0.5440	-1.0793
0.2548	-0.4806	0.5440	-1.0834
0.2537	-0.4835	0.5460	-1.0875
0.2508	-0.4827	0.5440	-1.0916
0.2490	-0.4837	0.5440	-1.0955
0.2470	-0.4847	0.5440	-1.0995
0.2459	-0.4875	0.5460	-1.1036
0.2430	-0.4867	0.5440	-1.1077
0.2410	-0.4877	0.5440	-1.1118
0.2390	-0.4887	0.5440	-1.1159
0.2380	-0.4914	0.5460	-1.1197
0.2352	-0.4905	0.5440	-1.1237
0.2332	-0.4915	0.5440	-1.1279
0.2320	-0.4943	0.5460	-1.1320
0.2314	-0.4968	0.5480	-1.1350
0.2281	-0.4961	0.5460	-1.1398
0.2260	-0.4970	0.5460	-1.1440
0.2252	-0.4996	0.5480	-1.1472
0.2233	-0.5004	0.5480	-1.1511
0.2213	-0.5013	0.5480	-1.1552
0.2192	-0.5022	0.5480	-1.1592
0.2172	-0.5031	0.5480	-1.1633
0.2151	-0.5040	0.5480	-1.1675
0.2140	-0.5067	0.5500	-1.1712
0.2119	-0.5075	0.5500	-1.1753
0.2098	-0.5084	0.5500	-1.1794
0.2077	-0.5093	0.5500	-1.1835
0.2056	-0.5101	0.5500	-1.1876
0.2035	-0.5110	0.5500	-1.1917
0.2016	-0.5117	0.5500	-1.1955
0.2002	-0.5144	0.5520	-1.1996
0.1981	-0.5152	0.5520	-1.2037
0.1960	-0.5160	0.5520	-1.2078
0.1946	-0.5187	0.5540	-1.2118
0.1926	-0.5194	0.5540	-1.2157
0.1905	-0.5202	0.5540	-1.2198
0.1884	-0.5210	0.5540	-1.2238
0.1862	-0.5218	0.5540	-1.2280
0.1841	-0.5225	0.5540	-1.2321
0.1826	-0.5251	0.5560	-1.2361
0.1806	-0.5258	0.5560	-1.2399
0.1785	-0.5266	0.5560	-1.2441
0.1769	-0.5292	0.5580	-1.2482
0.1748	-0.5299	0.5580	-1.2522
0.1726	-0.5306	0.5580	-1.2563
0.1704	-0.5313	0.5580	-1.2605
0.1684	-0.5320	0.5580	-1.2642
0.1673	-0.5344	0.5600	-1.2675
0.1652	-0.5351	0.5600	-1.2713
0.1630	-0.5357	0.5600	-1.2754
0.1614	-0.5383	0.5620	-1.2795
0.1592	-0.5390	0.5620	-1.2836
0.1576	-0.5415	0.5640	-1.2877
0.1553	-0.5422	0.5640	-1.2918
0.1533	-0.5428	0.5640	-1.2955
0.1516	-0.5453	0.5660	-1.2997
0.1493	-0.5459	0.5660	-1.3038
0.1471	-0.5465	0.5660	-1.3078
0.1449	-0.5471	0.5660	-1.3119
0.1433	-0.5496	0.5680	-1.3158
0.1410	-0.5502	0.5680	-1.3199
0.1393	-0.5527	0.5700	-1.3239
0.1370	-0.5533	0.5700	-1.3280
0.1347	-0.5538	0.5700	-1.3322
0.1325	-0.5544	0.5700	-1.3362
0.1313	-0.5567	0.5720	-1.3393
0.1295	-0.5592	0.5740	-1.3433
0.1273	-0.5597	0.5740	-1.3471
0.1250	-0.5602	0.5740	-1.3512
0.1232	-0.5627	0.5760	-1.3553
0.1209	-0.5632	0.5760	-1.3594
0.1185	-0.5637	0.5760	-1.3635
0.1167	-0.5661	0.5780	-1.3675
0.1149	-0.5685	0.5800	-1.3714
0.1126	-0.5690	0.5800	-1.3755
0.1102	-0.5694	0.5800	-1.3796
0.1079	-0.5699	0.5800	-1.3837
0.1061	-0.5722	0.5820	-1.3875
0.1043	-0.5746	0.5840	-1.3913
0.1019	-0.5750	0.5840	-1.3954
0.1007	-0.5773	0.5860	-1.3981
0.0983	-0.5777	0.5860	-1.4023
0.0965	-0.5800	0.5880	-1.4060
0.0942	-0.5804	0.5880	-1.4098
0.0922	-0.5828	0.5900	-1.4139
0.0899	-0.5831	0.5900	-1.4178
0.0880	-0.5854	0.5920	-1.4216
0.0861	-0.5877	0.5940	-1.4254
0.0837	-0.5881	0.5940	-1.4295
0.0814	-0.5884	0.5940	-1.4333
0.0794	-0.5907	0.5960	-1.4371
0.0773	-0.5930	0.5980	-1.4412
0.0750	-0.5933	0.5980	-1.4450
0.0734	-0.5955	0.6000	-1.4481
0.0712	-0.5958	0.6000	-1.4518
0.0692	-0.5980	0.6020	-1.4557
0.0669	-0.5983	0.6020	-1.4595
0.0646	-0.6005	0.6040	-1.4636
0.0624	-0.6008	0.6040	-1.4673
0.0603	-0.6030	0.6060	-1.4712
0.0580	-0.6052	0.6080	-1.4753
0.0556	-0.6054	0.6080	-1.4791
0.0535	-0.6076	0.6100	-1.4830
0.0514	-0.6098	0.6120	-1.4867
0.0489	-0.6100	0.6120	-1.4908
0.0467	-0.6122	0.6140	-1.4947
0.0450	-0.6144	0.6160	-1.4976
0.0427	-0.6145	0.6160	-1.5015
0.0404	-0.6167	0.6180	-1.5053
0.0382	-0.6188	0.6200	-1.5091
0.0358	-0.6210	0.6220	-1.5132
0.0334	-0.6211	0.6220	-1.5170
0.0312	-0.6232	0.6240	-1.5208
0.0286	-0.6233	0.6240	-1.5250
0.0263	-0.6254	0.6260	-1.5287
0.0240	-0.6275	0.6280	-1.5325
0.0217	-0.6296	0.6300	-1.5364
0.0199	-0.6317	0.6320	-1.5393
0.0174	-0.6318	0.6320	-1.5432
0.0149	-0.6338	0.6340	-1.5473
0.0125	-0.6359	0.6360	-1.5511
0.0101	-0.6379	0.6380	-1.5550
0.0075	-0.6400	0.6400	-1.5590
0.0051	-0.6400	0.6400	-1.5628
0.0026	-0.6420	0.6420	-1.5667
0.0002	-0.6440	0.6440	-1.5705
-0.0024	-0.6460	0.6460	-1.5745
-0.0042	-0.6480	0.6480	-1.5773
-0.0069	-0.6500	0.6500	-1.5813
-0.0093	-0.6499	0.6500	-1.5852
-0.0119	-0.6519	0.6520	-1.5890
-0.0144	-0.6538	0.6540	-1.5928
-0.0172	-0.6558	0.6560	-1.5970
-0.0197	-0.6577	0.6580	-1.6007
-0.0223	-0.6596	0.6600	-1.6045
-0.0251	-0.6615	0.6620	-1.6087
-0.0277	-0.6634	0.6640	-1.6125
-0.0297	-0.6653	0.6660	-1.6155
-0.0324	-0.6672	0.6680	-1.6193
-0.0351	-0.6691	0.6700	-1.6231
-0.0377	-0.6709	0.6720	-1.6269
-0.0406	-0.6728	0.6740	-1.6310
-0.0433	-0.6746	0.6760	-1.6348
-0.0460	-0.6764	0.6780	-1.6387
-0.0489	-0.6782	0.6800	-1.6427
-0.0516	-0.6800	0.6820	-1.6465
-0.0538	-0.6819	0.6840	-1.6496
-0.0567	-0.6857	0.6880	-1.6533
-0.0594	-0.6854	0.6880	-1.6572
-0.0623	-0.6892	0.6920	-1.6610
-0.0654	-0.6909	0.6940	-1.6651
-0.0682	-0.6926	0.6960	-1.6690
-0.0710	-0.6944	0.6980	-1.6727
-0.0743	-0.6981	0.7020	-1.6768
-0.0764	-0.6998	0.7040	-1.6795
-0.0795	-0.7015	0.7060	-1.6836
-0.0824	-0.7032	0.7080	-1.6875
-0.0854	-0.7049	0.7100	-1.6913
-0.0886	-0.7085	0.7140	-1.6951
-0.0917	-0.7101	0.7160	-1.6992
-0.0947	-0.7117	0.7180	-1.7030
-0.0979	-0.7153	0.7220	-1.7068
-0.1003	-0.7170	0.7240	-1.7098
-0.1036	-0.7206	0.7280	-1.7136
-0.1067	-0.7222	0.7300	-1.7175
-0.1099	-0.7237	0.7320	-1.7215
-0.1133	-0.7272	0.7360	-1.7253
-0.1164	-0.7288	0.7380	-1.7292
-0.1197	-0.7303	0.7400	-1.7333
-0.1232	-0.7337	0.7440	-1.7371
-0.1260	-0.7373	0.7480	-1.7401
-0.1292	-0.7388	0.7500	-1.7439
-0.1327	-0.7422	0.7540	-1.7478
-0.1361	-0.7436	0.7560	-1.7518
-0.1399	-0.7470	0.7600	-1.7559
-0.1431	-0.7484	0.7620	-1.7598
-0.1469	-0.7518	0.7660	-1.7638
-0.1500	-0.7552	0.7700	-1.7669
-0.1534	-0.7566	0.7720	-1.7709
-0.1574	-0.7599	0.7760	-1.7750
-0.1607	-0.7612	0.7780	-1.7788
-0.1646	-0.7645	0.7820	-1.7829
-0.1686	-0.7677	0.7860	-1.7870
-0.1726	-0.7709	0.7900	-1.7911
-0.1760	-0.7722	0.7920	-1.7949
-0.1792	-0.7756	0.7960	-1.7979
-0.1834	-0.7787	0.8000	-1.8020
-0.1874	-0.7819	0.8040	-1.8061
-0.1916	-0.7850	0.8080	-1.8102
-0.1956	-0.7881	0.8120	-1.8140
-0.1997	-0.7912	0.8160	-1.8181
-0.2098	-0.7906	0.8180	-1.8301
-0.2308	-0.7952	0.8280	-1.8532
-0.2329	-0.7904	0.8240	-1.8574
-0.2356	-0.7875	0.8220	-1.8615
-0.2383	-0.7825	0.8180	-1.8664
-0.2409	-0.7796	0.8160	-1.8705
-0.2426	-0.7749	0.8120	-1.8742
-0.2452	-0.7720	0.8100	-1.8784
-0.2472	-0.7672	0.8060	-1.8825
-0.2495	-0.7643	0.8040	-1.8863
-0.2519	-0.7614	0.8020	-1.8903
-0.2538	-0.7566	0.7980	-1.8945
-0.2563	-0.7536	0.7960	-1.8986
-0.2584	-0.7508	0.7940	-1.9023
-0.2610	-0.7456	0.7900	-1.9075
-0.2632	-0.7427	0.7880	-1.9113
-0.2656	-0.7398	0.7860	-1.9155
-0.2673	-0.7349	0.7820	-1.9196
-0.2695	-0.7320	0.7800	-1.9236
-0.2716	-0.7290	0.7780	-1.9274
-0.2739	-0.7260	0.7760	-1.9316
-0.2761	-0.7231	0.7740	-1.9356
-0.2784	-0.7201	0.7720	-1.9397
-0.2804	-0.7171	0.7700	-1.9436
-0.2827	-0.7119	0.7660	-1.9487
-0.2846	-0.7090	0.7640	-1.9526
-0.2867	-0.7060	0.7620	-1.9566
-0.2889	-0.7030	0.7600	-1.9607
-0.2908	-0.7000	0.7580	-1.9646
-0.2929	-0.6969	0.7560	-1.9687
-0.2949	-0.6939	0.7540	-1.9727
-0.2970	-0.6909	0.7520	-1.9768
-0.2989	-0.6879	0.7500	-1.9807
-0.3008	-0.6848	0.7480	-1.9847
-0.3028	-0.6818	0.7460	-1.9888
-0.3053	-0.6785	0.7440	-1.9937
-0.3073	-0.6754	0.7420	-1.9978
-0.3093	-0.6723	0.7400	-2.0019
-0.3109	-0.6693	0.7380	-2.0057
-0.3128	-0.6662	0.7360	-2.0098
-0.3147	-0.6631	0.7340	-2.0139
-0.3165	-0.6600	0.7320	-2.0180
-0.3182	-0.6570	0.7300	-2.0218
-0.3200	-0.6539	0.7280	-2.0259
-0.3218	-0.6508	0.7260	-2.0300
-0.3242	-0.6496	0.7260	-2.0338
-0.3260	-0.6464	0.7240	-2.0379
-0.3283	-0.6431	0.7220	-2.0428
-0.3300	-0.6399	0.7200	-2.0469
-0.3317	-0.6368	0.7180	-2.0510
-0.3333	-0.6337	0.7160	-2.0551
-0.3358	-0.6324	0.7160	-2.0589
-0.3374	-0.6292	0.7140	-2.0630
-0.3390	-0.6261	0.7120	-2.0670
-0.3406	-0.6230	0.7100	-2.0712
-0.3430	-0.6216	0.7100	-2.0750
-0.3446	-0.6185	0.7080	-2.0791
-0.3461	-0.6153	0.7060	-2.0831
-0.3475	-0.6123	0.7040	-2.0870
-0.3496	-0.6087	0.7020	-2.0922
-0.3521	-0.6073	0.7020	-2.0963
-0.3535	-0.6042	0.7000	-2.1001
-0.3549	-0.6011	0.6980	-2.1041
-0.3563	-0.5979	0.6960	-2.1083
-0.3586	-0.5965	0.6960	-2.1121
-0.3600	-0.5933	0.6940	-2.1161
-0.3614	-0.5901	0.6920	-2.1202
-0.3638	-0.5887	0.6920	-2.1244
-0.3650	-0.5856	0.6900	-2.1282
-0.3674	-0.5841	0.6900	-2.1322
-0.3687	-0.5809	0.6880	-2.1364
-0.3700	-0.5777	0.6860	-2.1405
-0.3723	-0.5762	0.6860	-2.1445
-0.3734	-0.5731	0.6840	-2.1483
-0.3753	-0.5694	0.6820	-2.1535
-0.3776	-0.5679	0.6820	-2.1576
-0.3788	-0.5647	0.6800	-2.1617
-0.3799	-0.5616	0.6780	-2.1655
-0.3822	-0.5600	0.6780	-2.1696
-0.3833	-0.5568	0.6760	-2.1737
-0.3856	-0.5553	0.6760	-2.1778
-0.3867	-0.5520	0.6740	-2.1819
-0.3890	-0.5504	0.6740	-2.1860
-0.3912	-0.5488	0.6740	-2.1900
-0.3921	-0.5457	0.6720	-2.1939
-0.3932	-0.5425	0.6700	-2.1980
-0.3954	-0.5409	0.6700	-2.2020
-0.3964	-0.5376	0.6680	-2.2062
-0.3986	-0.5360	0.6680	-2.2103
-0.3996	-0.5328	0.6660	-2.2143
-0.4010	-0.5292	0.6640	-2.2193
-0.4032	-0.5276	0.6640	-2.2233
-0.4053	-0.5259	0.6640	-2.2274
-0.4063	-0.5227	0.6620	-2.2316
-0.4084	-0.5210	0.6620	-2.2356
-0.4091	-0.5179	0.6600	-2.2394
-0.4113	-0.5162	0.6600	-2.2435
-0.4133	-0.5145	0.6600	-2.2476
-0.4142	-0.5113	0.6580	-2.2517
-0.4163	-0.5096	0.6580	-2.2558
-0.4171	-0.5063	0.6560	-2.2598
-0.4190	-0.5047	0.6560	-2.2637
-0.4198	-0.5015	0.6540	-2.2678
-0.4206	-0.4982	0.6520	-2.2719
-0.4239	-0.4980	0.6540	-2.2759
-0.4246	-0.4948	0.6520	-2.2801
-0.4267	-0.4930	0.6520	-2.2842
-0.4273	-0.4898	0.6500	-2.2882
-0.4292	-0.4881	0.6500	-2.2921
-0.4312	-0.4864	0.6500	-2.2962
-0.4318	-0.4831	0.6480	-2.3002
-0.4338	-0.4813	0.6480	-2.3043
-0.4358	-0.4796	0.6480	-2.3084
-0.4377	-0.4778	0.6480	-2.3125
-0.4388	-0.4741	0.6460	-2.3175
-0.4393	-0.4709	0.6440	-2.3215
-0.4412	-0.4691	0.6440	-2.3256
-0.4432	-0.4673	0.6440	-2.3297
-0.4450	-0.4655	0.6440	-2.3338
-0.4454	-0.4623	0.6420	-2.3376
-0.4473	-0.4605	0.6420	-2.3417
-0.4492	-0.4587	0.6420	-2.3457
-0.4511	-0.4568	0.6420	-2.3499
-0.4530	-0.4550	0.6420	-2.3540
-0.4534	-0.4517	0.6400	-2.3580
-0.4552	-0.4499	0.6400	-2.3621
-0.4570	-0.4481	0.6400	-2.3660
-0.4574	-0.4448	0.6380	-2.3701
-0.4591	-0.4430	0.6380	-2.3741
-0.4610	-0.4411	0.6380	-2.3782
-0.4628	-0.4392	0.6380	-2.3824
-0.4631	-0.4359	0.6360	-2.3864
-0.4649	-0.4340	0.6360	-2.3905
-0.4665	-0.4322	0.6360	-2.3944
-0.4668	-0.4290	0.6340	-2.3984
-0.4686	-0.4271	0.6340	-2.4025
-0.4718	-0.4265	0.6360	-2.4066
-0.4735	-0.4246	0.6360	-2.4107
-0.4738	-0.4213	0.6340	-2.4148
-0.4755	-0.4193	0.6340	-2.4189
-0.4771	-0.4175	0.6340	-2.4227
-0.4773	-0.4143	0.6320	-2.4268
-0.4805	-0.4136	0.6340	-2.4309
-0.4822	-0.4116	0.6340	-2.4350
-0.4823	-0.4084	0.6320	-2.4390
-0.4840	-0.4064	0.6320	-2.4432
-0.4856	-0.4045	0.6320	-2.4470
-0.4872	-0.4026	0.6320	-2.4510
-0.4888	-0.4006	0.6320	-2.4551
-0.4905	-0.3985	0.6320	-2.4593
-0.4921	-0.3966	0.6320	-2.4633
-0.4925	-0.3929	0.6300	-2.4683
-0.4954	-0.3925	0.6320	-2.4715
-0.4957	-0.3888	0.6300	-2.4764
-0.4973	-0.3868	0.6300	-2.4805
-0.4988	-0.3848	0.6300	-2.4846
-0.5004	-0.3827	0.6300	-2.4887
-0.5019	-0.3808	0.6300	-2.4925
-0.5034	-0.3788	0.6300	-2.4966
-0.5050	-0.3767	0.6300	-2.5007
-0.5065	-0.3746	0.6300	-2.5048
-0.5080	-0.3726	0.6300	-2.5088
-0.5096	-0.3705	0.6300	-2.5129
-0.5111	-0.3684	0.6300	-2.5171
-0.5125	-0.3664	0.6300	-2.5209
-0.5140	-0.3643	0.6300	-2.5249
-0.5155	-0.3622	0.6300	-2.5291
-0.5169	-0.3601	0.6300	-2.5332
-0.5184	-0.3580	0.6300	-2.5372
-0.5199	-0.3559	0.6300	-2.5413
-0.5213	-0.3537	0.6300	-2.5454
-0.5226	-0.3518	0.6300	-2.5492
-0.5241	-0.3496	0.6300	-2.5533
-0.5239	-0.3463	0.6280	-2.5574
-0.5269	-0.3453	0.6300	-2.5615
-0.5283	-0.3431	0.6300	-2.5656
-0.5298	-0.3410	0.6300	-2.5697
-0.5311	-0.3389	0.6300	-2.5735
-0.5324	-0.3368	0.6300	-2.5776
-0.5338	-0.3346	0.6300	-2.5817
-0.5352	-0.3324	0.6300	-2.5858
-0.5365	-0.3302	0.6300	-2.5898
-0.5379	-0.3280	0.6300	-2.5940
-0.5391	-0.3260	0.6300	-2.5978
-0.5419	-0.3252	0.6320	-2.6011
-0.5431	-0.3231	0.6320	-2.6049
-0.5444	-0.3210	0.6320	-2.6089
-0.5458	-0.3187	0.6320	-2.6130
-0.5471	-0.3165	0.6320	-2.6172
-0.5483	-0.3142	0.6320	-2.6212
-0.5496	-0.3120	0.6320	-2.6253
-0.5508	-0.3099	0.6320	-2.6291
-0.5538	-0.3086	0.6340	-2.6332
-0.5551	-0.3063	0.6340	-2.6373
-0.5563	-0.3041	0.6340	-2.6414
-0.5576	-0.3018	0.6340	-2.6454
-0.5606	-0.3005	0.6360	-2.6496
-0.5617	-0.2983	0.6360	-2.6534
-0.5629	-0.2960	0.6360	-2.6575
-0.5641	-0.2937	0.6360	-2.6616
-0.5653	-0.2914	0.6360	-2.6657
-0.5665	-0.2891	0.6360	-2.6698
-0.5677	-0.2868	0.6360	-2.6738
-0.5688	-0.2846	0.6360	-2.6777
-0.5699	-0.2822	0.6360	-2.6818
-0.5729	-0.2808	0.6380	-2.6858
-0.5740	-0.2785	0.6380	-2.6899
-0.5752	-0.2761	0.6380	-2.6941
-0.5763	-0.2738	0.6380	-2.6981
-0.5791	-0.2724	0.6400	-2.7019
-0.5821	-0.2709	0.6420	-2.7060
-0.5814	-0.2676	0.6400	-2.7102
-0.5824	-0.2653	0.6400	-2.7142
-0.5835	-0.2629	0.6400	-2.7183
-0.5864	-0.2613	0.6420	-2.7224
-0.5874	-0.2591	0.6420	-2.7262
-0.5885	-0.2567	0.6420	-2.7303
-0.5913	-0.2550	0.6440	-2.7344
-0.5924	-0.2527	0.6440	-2.7384
-0.5934	-0.2502	0.6440	-2.7426
-0.5944	-0.2478	0.6440	-2.7467
-0.5781	-0.2241	0.6200	-2.7717
-0.5699	-0.2176	0.6100	-2.7769
-0.5614	-0.2119	0.6000	-2.7807
-0.5549	-0.2062	0.5920	-2.7859
-0.5466	-0.2000	0.5820	-2.7909
-0.5380	-0.1944	0.5720	-2.7949
-0.5314	-0.1890	0.5640	-2.7998
-0.5229	-0.1830	0.5540	-2.8050
-0.5163	-0.1778	0.5460	-2.8100
-0.5094	-0.1731	0.5380	-2.8140
-0.5046	-0.1686	0.5320	-2.8192
-0.4976	-0.1641	0.5240	-2.8230
-0.4909	-0.1591	0.5160	-2.8282
-0.4859	-0.1549	0.5100	-2.8331
-0.4808	-0.1511	0.5040	-2.8372
-0.4749	-0.1465	0.4970	-2.8424
-0.4689	-0.1421	0.4900	-2.8473
-0.4638	-0.1385	0.4840	-2.8514
-0.4587	-0.1345	0.4780	-2.8563
-0.4536	-0.1305	0.4720	-2.8614
-0.4483	-0.1271	0.4660	-2.8653
-0.4442	-0.1235	0.4610	-2.8705
-0.4390	-0.1197	0.4550	-2.8754
-0.4337	-0.1163	0.4490	-2.8795
-0.4294	-0.1128	0.4440	-2.8847
-0.4251	-0.1095	0.4390	-2.8895
-0.4207	-0.1065	0.4340	-2.8937
-0.4164	-0.1032	0.4290	-2.8986
-0.4120	-0.1003	0.4240	-2.9027
-0.4086	-0.0974	0.4200	-2.9076
-0.4042	-0.0941	0.4150	-2.9127
-0.3997	-0.0914	0.4100	-2.9169
-0.3962	-0.0885	0.4060	-2.9218
-0.3928	-0.0856	0.4020	-2.9269
-0.3892	-0.0833	0.3980	-2.9308
-0.3857	-0.0805	0.3940	-2.9359
-0.3822	-0.0778	0.3900	-2.9408
-0.3785	-0.0755	0.3860	-2.9447
-0.3750	-0.0729	0.3820	-2.9496
-0.3714	-0.0703	0.3780	-2.9544
-0.3687	-0.0684	0.3750	-2.9583
-0.3651	-0.0659	0.3710	-2.9629
-0.3624	-0.0639	0.3680	-2.9670
-0.3588	-0.0616	0.3640	-2.9716
-0.3561	-0.0593	0.3610	-2.9766
-0.3524	-0.0573	0.3570	-2.9803
-0.3497	-0.0551	0.3540	-2.9853
-0.3470	-0.0530	0.3510	-2.9899
-0.3442	-0.0513	0.3480	-2.9938
-0.3415	-0.0491	0.3450	-2.9986
-0.3387	-0.0474	0.3420	-3.0025
-0.3360	-0.0454	0.3390	-3.0074
-0.3332	-0.0433	0.3360	-3.0123
-0.3314	-0.0418	0.3340	-3.0161
-0.3286	-0.0399	0.3310	-3.0207
-0.3258	-0.0382	0.3280	-3.0248
-0.3240	-0.0365	0.3260	-3.0294
-0.3211	-0.0346	0.3230	-3.0344
-0.6325	-0.0670	0.6360	-3.0360
-0.3193	-0.0331	0.3210	-3.0381
-0.6327	-0.0645	0.6360	-3.0401
-0.3165	-0.0313	0.3180	-3.0431
-0.6350	-0.0622	0.6380	-3.0439
-0.3146	-0.0299	0.3160	-3.0469
-0.6352	-0.0598	0.6380	-3.0477
-0.3127	-0.0282	0.3140	-3.0516
-0.6354	-0.0574	0.6380	-3.0516
-0.3108	-0.0268	0.3120	-3.0557
-0.6356	-0.0547	0.6380	-3.0557
-0.6358	-0.0524	0.6380	-3.0594
-0.3080	-0.0251	0.3090	-3.0603
-0.6360	-0.0499	0.6380	-3.0633
-0.3061	-0.0234	0.3070	-3.0652
-0.6382	-0.0476	0.6400	-3.0671
-0.3042	-0.0221	0.3050	-3.0690
-0.6404	-0.0453	0.6420	-3.0709
-0.3023	-0.0205	0.3030	-3.0739
-0.6426	-0.0429	0.6440	-3.0750
-0.6407	-0.0403	0.6420	-3.0788
-0.6409	-0.0376	0.6420	-3.0829
-0.6410	-0.0350	0.6420	-3.0870
-0.6412	-0.0324	0.6420	-3.0911
-0.6413	-0.0300	0.6420	-3.0949
-0.6434	-0.0274	0.6440	-3.0990
-0.6435	-0.0248	0.6440	-3.1031
-0.6456	-0.0222	0.6460	-3.1072
-0.6457	-0.0198	0.6460	-3.1110
-0.6180	-0.0033	0.6180	-3.1363
-0.6100	-0.0002	0.6100	-3.1413
-0.6511	-0.0948	0.6580	-2.9970
-0.6495	-0.0920	0.6560	-3.0008
-0.6499	-0.0894	0.6560	-3.0049
-0.6482	-0.0866	0.6540	-3.0087
-0.6486	-0.0840	0.6540	-3.0128
-0.6469	-0.0812	0.6520	-3.0167
-0.6472	-0.0786	0.6520	-3.0207
-0.6475	-0.0762	0.6520	-3.0245
-0.6459	-0.0733	0.6500	-3.0287
-0.7930	-0.0895	0.7980	-3.0292
-0.6461	-0.0708	0.6500	-3.0325
-0.7893	-0.0861	0.7940	-3.0330
-0.7878	-0.0819	0.7920	-3.0380
-0.7861	-0.0788	0.7900	-3.0417
-0.7844	-0.0756	0.7880	-3.0455
-0.7827	-0.0722	0.7860	-3.0496
-0.7790	-0.0688	0.7820	-3.0535
-0.7772	-0.0657	0.7800	-3.0573
-0.7775	-0.0625	0.7800	-3.0613
-0.7737	-0.0592	0.7760	-3.0652
-0.7720	-0.0561	0.7740	-3.0690
-0.7702	-0.0530	0.7720	-3.0729
-0.7684	-0.0498	0.7700	-3.0769
-0.7666	-0.0458	0.7680	-3.0819
-0.7648	-0.0429	0.7660	-3.0856
-0.7630	-0.0398	0.7640	-3.0894
-0.7611	-0.0366	0.7620	-3.0936
-0.7573	-0.0335	0.7580	-3.0974
-0.7574	-0.0306	0.7580	-3.1012
-0.7555	-0.0277	0.7560	-3.1050
-0.7536	-0.0245	0.7540	-3.1091
-0.7517	-0.0216	0.7520	-3.1129
-0.7498	-0.0186	0.7500	-3.1168
-0.7478	-0.0156	0.7480	-3.1208
-0.7459	-0.0127	0.7460	-3.1246
-0.7419	-0.0090	0.7420	-3.1295
-0.7420	-0.0061	0.7420	-3.1333
-0.7420	-0.0033	0.7420	-3.1372
-0.7380	-0.0002	0.7380	-3.1413
