x	y	r	phi
-0.4440	0.0003	0.4440	3.1408
-0.4430	0.0020	0.4430	3.1370
-0.4410	0.0037	0.4410	3.1332
-0.4390	0.0059	0.4390	3.1283
-0.4369	0.0075	0.4370	3.1244
-0.4359	0.0092	0.4360	3.1204
-0.4339	0.0109	0.4340	3.1166
-0.4328	0.0125	0.4330	3.1127
-0.4318	0.0141	0.4320	3.1089
-0.4307	0.0162	0.4310	3.1040
-0.4276	0.0177	0.4280	3.1002
-0.4266	0.0194	0.4270	3.0961
-0.4265	0.0210	0.4270	3.0923
-0.4254	0.0226	0.4260	3.0885
-0.4233	0.0243	0.4240	3.0844
-0.4202	0.0260	0.4210	3.0798
-0.4191	0.0277	0.4200	3.0756
-0.4180	0.0292	0.4190	3.0718
-0.4169	0.0307	0.4180	3.0680
-0.4158	0.0322	0.4170	3.0642
-0.4146	0.0342	0.4160	3.0592
-0.4125	0.0357	0.4140	3.0552
-0.4113	0.0372	0.4130	3.0514
-0.4102	0.0387	0.4120	3.0475
-0.4090	0.0402	0.4110	3.0437
-0.4079	0.0417	0.4100	3.0397
-0.4067	0.0436	0.4090	3.0347
-0.4045	0.0449	0.4070	3.0310
-0.4033	0.0464	0.4060	3.0271
-0.4022	0.0478	0.4050	3.0233
-0.4010	0.0493	0.4040	3.0192
-0.3997	0.0512	0.4030	3.0143
-0.3976	0.0524	0.4010	3.0104
-0.3974	0.0540	0.4010	3.0066
-0.3952	0.0552	0.3990	3.0029
-0.3939	0.0567	0.3980	2.9987
-0.3937	0.0582	0.3980	2.9949
-0.3925	0.0595	0.3970	2.9911
-0.3912	0.0613	0.3960	2.9862
-0.3890	0.0625	0.3940	2.9823
-0.3878	0.0639	0.3930	2.9783
-0.3875	0.0654	0.3930	2.9745
-0.3873	0.0669	0.3930	2.9706
-0.3850	0.0680	0.3910	2.9668
-0.3818	0.0693	0.3880	2.9619
-0.3815	0.0709	0.3880	2.9578
-0.3802	0.0723	0.3870	2.9538
-0.3799	0.0738	0.3870	2.9497
-0.3786	0.0751	0.3860	2.9458
-0.3773	0.0764	0.3850	2.9418
-0.3770	0.0780	0.3850	2.9377
-0.3757	0.0796	0.3840	2.9328
-0.3743	0.0809	0.3830	2.9287
-0.3730	0.0823	0.3820	2.9245
-0.3717	0.0835	0.3810	2.9205
-0.3714	0.0850	0.3810	2.9167
-0.3691	0.0861	0.3790	2.9126
-0.3677	0.0876	0.3780	2.9077
-0.3673	0.0891	0.3780	2.9035
-0.3660	0.0904	0.3770	2.8995
-0.3647	0.0916	0.3760	2.8954
-0.3633	0.0929	0.3750	2.8913
-0.3620	0.0940	0.3740	2.8874
-0.3606	0.0952	0.3730	2.8834
-0.3602	0.0967	0.3730	2.8793
-0.3588	0.0982	0.3720	2.8744
-0.3584	0.0997	0.3720	2.8703
-0.3570	0.1009	0.3710	2.8662
-0.3557	0.1020	0.3700	2.8624
-0.3543	0.1031	0.3690	2.8583
-0.3539	0.1046	0.3690	2.8542
-0.3525	0.1057	0.3680	2.8501
-0.3520	0.1072	0.3680	2.8460
-0.3506	0.1086	0.3670	2.8411
-0.3492	0.1098	0.3660	2.8370
-0.3478	0.1109	0.3650	2.8330
-0.3473	0.1122	0.3650	2.8291
-0.3459	0.1133	0.3640	2.8250
-0.3445	0.1144	0.3630	2.8209
-0.3440	0.1158	0.3630	2.8169
-0.3426	0.1168	0.3620	2.8130
-0.3422	0.1182	0.3620	2.8089
-0.3406	0.1196	0.3610	2.8040
-0.3401	0.1210	0.3610	2.7999
-0.3387	0.1220	0.3600	2.7959
-0.3382	0.1234	0.3600	2.7917
-0.3367	0.1244	0.3590	2.7876
-0.3363	0.1257	0.3590	2.7839
-0.3348	0.1267	0.3580	2.7798
-0.3343	0.1281	0.3580	2.7756
-0.3328	0.1291	0.3570	2.7716
-0.3313	0.1304	0.3560	2.7666
-0.3307	0.1317	0.3560	2.7626
-0.3293	0.1327	0.3550	2.7585
-0.3278	0.1336	0.3540	2.7546
-0.3273	0.1349	0.3540	2.7506
-0.3267	0.1363	0.3540	2.7465
-0.3252	0.1372	0.3530	2.7424
-0.3238	0.1381	0.3520	2.7385
-0.3232	0.1394	0.3520	2.7345
-0.3227	0.1407	0.3520	2.7304
-0.3211	0.1419	0.3510	2.7255
-0.3205	0.1432	0.3510	2.7214
-0.3190	0.1441	0.3500	2.7174
-0.3184	0.1454	0.3500	2.7132
-0.3178	0.1466	0.3500	2.7094
-0.3172	0.1479	0.3500	2.7053
-0.3157	0.1488	0.3490	2.7012
-0.3151	0.1501	0.3490	2.6971
-0.3136	0.1508	0.3480	2.6933
-0.3130	0.1521	0.3480	2.6893
-0.3115	0.1529	0.3470	2.6851
-0.3108	0.1542	0.3470	2.6810
-0.3092	0.1553	0.3460	2.6761
-0.3085	0.1566	0.3460	2.6720
-0.3079	0.1578	0.3460	2.6680
-0.3073	0.1590	0.3460	2.6641
-0.3058	0.1598	0.3450	2.6600
-0.3051	0.1610	0.3450	2.6560
-0.3036	0.1618	0.3440	2.6519
-0.3029	0.1631	0.3440	2.6477
-0.3014	0.1637	0.3430	2.6439
-0.3007	0.1650	0.3430	2.6399
-0.3000	0.1662	0.3430	2.6358
-0.2994	0.1674	0.3430	2.6316
-0.2987	0.1685	0.3430	2.6279
-0.2972	0.1693	0.3420	2.6238
-0.2965	0.1705	0.3420	2.6197
-0.2958	0.1717	0.3420	2.6156
-0.2951	0.1728	0.3420	2.6118
-0.2934	0.1738	0.3410	2.6066
-0.2926	0.1751	0.3410	2.6025
-0.2920	0.1762	0.3410	2.5987
-0.2913	0.1774	0.3410	2.5946
-0.2905	0.1786	0.3410	2.5905
-0.2889	0.1792	0.3400	2.5864
-0.2874	0.1798	0.3390	2.5826
-0.2867	0.1810	0.3390	2.5785
-0.2859	0.1821	0.3390	2.5744
-0.2852	0.1833	0.3390	2.5703
-0.2844	0.1845	0.3390	2.5663
-0.2837	0.1856	0.3390	2.5621
-0.2829	0.1867	0.3390	2.5583
-0.2822	0.1879	0.3390	2.5543
-0.2806	0.1885	0.3380	2.5501
-0.2798	0.1896	0.3380	2.5460
-0.2790	0.1907	0.3380	2.5420
-0.2783	0.1919	0.3380	2.5379
-0.2775	0.1930	0.3380	2.5338
-0.2767	0.1941	0.3380	2.5297
-0.2751	0.1947	0.3370	2.5256
-0.2743	0.1958	0.3370	2.5215
-0.2743	0.1975	0.3380	2.5175
-0.2727	0.1981	0.3370	2.5133
-0.2718	0.1992	0.3370	2.5092
-0.2710	0.2003	0.3370	2.5052
-0.2692	0.2011	0.3360	2.5000
-0.2684	0.2022	0.3360	2.4959
-0.2685	0.2036	0.3370	2.4929
-0.2677	0.2047	0.3370	2.4888
-0.2669	0.2058	0.3370	2.4847
-0.2660	0.2069	0.3370	2.4806
-0.2652	0.2080	0.3370	2.4765
-0.2633	0.2087	0.3360	2.4713
-0.2624	0.2098	0.3360	2.4672
-0.2616	0.2109	0.3360	2.4632
-0.2607	0.2119	0.3360	2.4591
-0.2599	0.2130	0.3360	2.4549
-0.2590	0.2141	0.3360	2.4509
-0.2582	0.2150	0.3360	2.4471
-0.2573	0.2161	0.3360	2.4430
-0.2564	0.2172	0.3360	2.4388
-0.2555	0.2182	0.3360	2.4348
-0.2546	0.2192	0.3360	2.4307
-0.2547	0.2207	0.3370	2.4274
-0.2528	0.2213	0.3360	2.4225
-0.2519	0.2224	0.3360	2.4184
-0.2510	0.2234	0.3360	2.4143
-0.2501	0.2244	0.3360	2.4103
-0.2492	0.2254	0.3360	2.4061
-0.2482	0.2265	0.3360	2.4020
-0.2473	0.2275	0.3360	2.3980
-0.2464	0.2285	0.3360	2.3939
-0.2464	0.2300	0.3370	2.3906
-0.2454	0.2310	0.3370	2.3865
-0.2445	0.2320	0.3370	2.3825
-0.2435	0.2330	0.3370	2.3783
-0.2426	0.2340	0.3370	2.3742
-0.2417	0.2349	0.3370	2.3704
-0.2407	0.2359	0.3370	2.3664
-0.2397	0.2369	0.3370	2.3622
-0.2395	0.2385	0.3380	2.3581
-0.2385	0.2395	0.3380	2.3541
-0.2375	0.2405	0.3380	2.3500
-0.2365	0.2415	0.3380	2.3458
-0.2362	0.2431	0.3390	2.3418
-0.2352	0.2441	0.3390	2.3377
-0.2342	0.2451	0.3390	2.3336
-0.2332	0.2460	0.3390	2.3295
-0.2322	0.2470	0.3390	2.3254
-0.2312	0.2479	0.3390	2.3213
-0.2302	0.2489	0.3390	2.3173
-0.2292	0.2498	0.3390	2.3131
-0.2288	0.2515	0.3400	2.3090
-0.2278	0.2524	0.3400	2.3050
-0.2268	0.2533	0.3400	2.3009
-0.2257	0.2543	0.3400	2.2968
-0.2247	0.2552	0.3400	2.2927
-0.2236	0.2561	0.3400	2.2886
-0.2226	0.2570	0.3400	2.2845
-0.2209	0.2572	0.3390	2.2805
-0.2198	0.2581	0.3390	2.2763
-0.2194	0.2597	0.3400	2.2722
-0.2184	0.2606	0.3400	2.2682
-0.2179	0.2623	0.3410	2.2641
-0.2168	0.2632	0.3410	2.2599
-0.2158	0.2641	0.3410	2.2559
-0.2147	0.2649	0.3410	2.2518
-0.2136	0.2658	0.3410	2.2477
-0.2125	0.2667	0.3410	2.2436
-0.2114	0.2676	0.3410	2.2395
-0.2097	0.2676	0.3400	2.2354
-0.2092	0.2693	0.3410	2.2314
-0.2090	0.2707	0.3420	2.2283
-0.2079	0.2715	0.3420	2.2243
-0.2059	0.2718	0.3410	2.2191
-0.2048	0.2727	0.3410	2.2150
-0.2052	0.2749	0.3430	2.2120
-0.2046	0.2765	0.3440	2.2079
-0.2029	0.2766	0.3430	2.2038
-0.2012	0.2766	0.3420	2.1997
-0.2006	0.2782	0.3430	2.1956
-0.2001	0.2798	0.3440	2.1915
-0.1995	0.2815	0.3450	2.1875
-0.1989	0.2831	0.3460	2.1833
-0.1978	0.2839	0.3460	2.1792
-0.1966	0.2847	0.3460	2.1752
-0.1955	0.2855	0.3460	2.1713
-0.1952	0.2869	0.3470	2.1684
-0.1941	0.2876	0.3470	2.1645
-0.1935	0.2892	0.3480	2.1604
-0.1924	0.2900	0.3480	2.1566
-0.1912	0.2908	0.3480	2.1526
-0.1901	0.2915	0.3480	2.1487
-0.1890	0.2922	0.3480	2.1449
-0.1883	0.2938	0.3490	2.1408
-0.1872	0.2945	0.3490	2.1370
-0.1866	0.2961	0.3500	2.1332
-0.1854	0.2969	0.3500	2.1291
-0.1848	0.2984	0.3510	2.1252
-0.1844	0.2998	0.3520	2.1223
-0.1838	0.3014	0.3530	2.1184
-0.1826	0.3021	0.3530	2.1143
-0.1814	0.3028	0.3530	2.1106
-0.1803	0.3035	0.3530	2.1067
-0.1795	0.3051	0.3540	2.1026
-0.1788	0.3067	0.3550	2.0988
-0.1782	0.3082	0.3560	2.0950
-0.1769	0.3089	0.3560	2.0909
-0.1752	0.3087	0.3550	2.0871
-0.1745	0.3103	0.3560	2.0830
-0.1741	0.3117	0.3570	2.0803
-0.1728	0.3124	0.3570	2.0761
-0.1721	0.3139	0.3580	2.0723
-0.1709	0.3146	0.3580	2.0686
-0.1701	0.3161	0.3590	2.0645
-0.1689	0.3168	0.3590	2.0606
-0.1677	0.3174	0.3590	2.0568
-0.1664	0.3181	0.3590	2.0528
-0.1652	0.3187	0.3590	2.0489
-0.1643	0.3203	0.3600	2.0448
-0.1644	0.3225	0.3620	2.0421
-0.1639	0.3250	0.3640	2.0380
-0.1636	0.3274	0.3660	2.0342
-0.1628	0.3289	0.3670	2.0303
-0.1606	0.3278	0.3650	2.0263
-0.1589	0.3275	0.3640	2.0225
-0.1571	0.3272	0.3630	2.0183
-0.1563	0.3288	0.3640	2.0145
-0.1559	0.3311	0.3660	2.0108
-0.1549	0.3327	0.3670	2.0066
-0.1544	0.3340	0.3680	2.0039
-0.1535	0.3356	0.3690	1.9998
-0.1526	0.3371	0.3700	1.9960
-0.1517	0.3385	0.3710	1.9922
-0.1503	0.3392	0.3710	1.9880
-0.1501	0.3414	0.3730	1.9851
-0.1492	0.3429	0.3740	1.9812
-0.1483	0.3444	0.3750	1.9775
-0.1473	0.3459	0.3760	1.9734
-0.1460	0.3465	0.3760	1.9695
-0.1447	0.3471	0.3760	1.9657
-0.1433	0.3476	0.3760	1.9617
-0.1419	0.3482	0.3760	1.9578
-0.1409	0.3497	0.3770	1.9537
-0.1399	0.3512	0.3780	1.9499
-0.1392	0.3525	0.3790	1.9469
-0.1386	0.3549	0.3810	1.9431
-0.1379	0.3573	0.3830	1.9392
-0.1369	0.3588	0.3840	1.9352
-0.1355	0.3593	0.3840	1.9314
-0.1340	0.3599	0.3840	1.9273
-0.1326	0.3604	0.3840	1.9234
-0.1313	0.3609	0.3840	1.9197
-0.1305	0.3622	0.3850	1.9166
-0.1298	0.3646	0.3870	1.9128
-0.1286	0.3661	0.3880	1.9088
-0.1272	0.3665	0.3880	1.9049
-0.1258	0.3670	0.3880	1.9011
-0.1246	0.3685	0.3890	1.8970
-0.1242	0.3708	0.3910	1.8940
-0.1231	0.3722	0.3920	1.8902
-0.1223	0.3745	0.3940	1.8864
-0.1211	0.3760	0.3950	1.8823
-0.1199	0.3774	0.3960	1.8785
-0.1185	0.3779	0.3960	1.8746
-0.1176	0.3792	0.3970	1.8716
-0.1164	0.3806	0.3980	1.8675
-0.1152	0.3820	0.3990	1.8637
-0.1141	0.3834	0.4000	1.8600
-0.1128	0.3848	0.4010	1.8558
-0.1116	0.3862	0.4020	1.8520
-0.1110	0.3885	0.4040	1.8490
-0.1097	0.3898	0.4050	1.8452
-0.1084	0.3913	0.4060	1.8411
-0.1072	0.3926	0.4070	1.8373
-0.1060	0.3940	0.4080	1.8335
-0.1046	0.3954	0.4090	1.8294
-0.1031	0.3958	0.4090	1.8255
-0.1021	0.3971	0.4100	1.8226
-0.1006	0.3975	0.4100	1.8187
-0.0992	0.3988	0.4110	1.8146
-0.0980	0.4002	0.4120	1.8109
-0.0965	0.4016	0.4130	1.8067
-0.0955	0.4039	0.4150	1.8029
-0.0947	0.4061	0.4170	1.7999
-0.0933	0.4075	0.4180	1.7958
-0.0918	0.4088	0.4190	1.7917
-0.0904	0.4102	0.4200	1.7877
-0.0892	0.4125	0.4220	1.7838
-0.0877	0.4138	0.4230	1.7797
-0.0869	0.4160	0.4250	1.7767
-0.0856	0.4183	0.4270	1.7726
-0.0839	0.4187	0.4270	1.7686
-0.0823	0.4190	0.4270	1.7647
-0.0808	0.4203	0.4280	1.7606
-0.0793	0.4216	0.4290	1.7566
-0.0779	0.4239	0.4310	1.7525
-0.0770	0.4261	0.4330	1.7495
-0.0756	0.4284	0.4350	1.7454
-0.0744	0.4316	0.4380	1.7415
-0.0728	0.4329	0.4390	1.7374
-0.0709	0.4322	0.4380	1.7334
-0.0691	0.4315	0.4370	1.7296
-0.0681	0.4347	0.4400	1.7263
-0.0668	0.4369	0.4420	1.7225
-0.0653	0.4392	0.4440	1.7183
-0.0638	0.4414	0.4460	1.7143
-0.0622	0.4426	0.4470	1.7105
-0.0609	0.4438	0.4480	1.7072
-0.0595	0.4461	0.4500	1.7034
-0.0578	0.4473	0.4510	1.6993
-0.0562	0.4495	0.4530	1.6952
-0.0545	0.4507	0.4540	1.6911
-0.0534	0.4529	0.4560	1.6881
-0.0519	0.4551	0.4580	1.6843
-0.0501	0.4563	0.4590	1.6802
-0.0484	0.4584	0.4610	1.6761
-0.0468	0.4606	0.4630	1.6720
-0.0455	0.4618	0.4640	1.6690
-0.0438	0.4629	0.4650	1.6652
-0.0421	0.4651	0.4670	1.6611
-0.0404	0.4673	0.4690	1.6570
-0.0387	0.4694	0.4710	1.6530
-0.0369	0.4706	0.4720	1.6491
-0.0356	0.4737	0.4750	1.6459
-0.0339	0.4748	0.4760	1.6420
-0.0321	0.4769	0.4780	1.6379
-0.0303	0.4790	0.4800	1.6339
-0.0285	0.4812	0.4820	1.6300
-0.0270	0.4822	0.4830	1.6268
-0.0253	0.4843	0.4850	1.6230
-0.0234	0.4864	0.4870	1.6188
-0.0215	0.4885	0.4890	1.6147
-0.0196	0.4906	0.4910	1.6107
-0.0181	0.4927	0.4930	1.6076
-0.0163	0.4937	0.4940	1.6039
-0.0144	0.4958	0.4960	1.5998
-0.0124	0.4988	0.4990	1.5956
-0.0104	0.5009	0.5010	1.5916
-0.0089	0.5039	0.5040	1.5885
-0.0071	0.5060	0.5060	1.5848
-0.0050	0.5080	0.5080	1.5807
-0.0029	0.5110	0.5110	1.5765
-0.0009	0.5120	0.5120	1.5725
0.0007	0.5140	0.5140	1.5695
0.0028	0.5160	0.5160	1.5654
0.0048	0.5180	0.5180	1.5616
0.0069	0.5200	0.5200	1.5575
0.0091	0.5219	0.5220	1.5533
0.0107	0.5259	0.5260	1.5504
0.0129	0.5258	0.5260	1.5463
0.0150	0.5298	0.5300	1.5425
0.0172	0.5317	0.5320	1.5384
0.0190	0.5357	0.5360	1.5354
0.0212	0.5376	0.5380	1.5313
0.0235	0.5395	0.5400	1.5272
0.0258	0.5434	0.5440	1.5234
0.0281	0.5453	0.5460	1.5193
0.0299	0.5492	0.5500	1.5163
0.0324	0.5530	0.5540	1.5122
0.0348	0.5549	0.5560	1.5081
0.0371	0.5568	0.5580	1.5043
0.0393	0.5566	0.5580	1.5002
0.0412	0.5585	0.5600	1.4972
0.0438	0.5623	0.5640	1.4931
0.0464	0.5661	0.5680	1.4890
0.0484	0.5699	0.5720	1.4860
0.0509	0.5717	0.5740	1.4819
0.0535	0.5755	0.5780	1.4781
0.0562	0.5793	0.5820	1.4741
0.0588	0.5810	0.5840	1.4699
0.0612	0.5868	0.5900	1.4670
0.0640	0.5905	0.5940	1.4628
0.0663	0.5903	0.5940	1.4590
0.0689	0.5920	0.5960	1.4550
0.0712	0.5958	0.6000	1.4519
0.0741	0.5994	0.6040	1.4479
0.0770	0.6031	0.6080	1.4438
0.0800	0.6067	0.6120	1.4396
0.0824	0.6105	0.6160	1.4367
0.0854	0.6141	0.6200	1.4325
0.0882	0.6157	0.6220	1.4285
0.0913	0.6193	0.6260	1.4244
0.0945	0.6229	0.6300	1.4203
0.0972	0.6285	0.6360	1.4173
0.1001	0.6301	0.6380	1.4132
0.1033	0.6336	0.6420	1.4092
0.1066	0.6371	0.6460	1.4050
0.1092	0.6408	0.6500	1.4021
0.1128	0.6462	0.6560	1.3979
0.1162	0.6497	0.6600	1.3938
0.1195	0.6532	0.6640	1.3898
0.1223	0.6567	0.6680	1.3867
0.1257	0.6601	0.6720	1.3827
0.1291	0.6635	0.6760	1.3786
0.1331	0.6689	0.6820	1.3744
0.1358	0.6724	0.6860	1.3715
0.1397	0.6777	0.6920	1.3674
0.1434	0.6811	0.6960	1.3633
0.1470	0.6844	0.7000	1.3592
0.1503	0.6898	0.7060	1.3562
0.1540	0.6931	0.7100	1.3521
0.1581	0.6983	0.7160	1.3481
0.1619	0.7016	0.7200	1.3440
0.1654	0.7069	0.7260	1.3410
0.1697	0.7121	0.7320	1.3369
0.1740	0.7172	0.7380	1.3327
0.1784	0.7223	0.7440	1.3287
0.1815	0.7256	0.7480	1.3256
0.1859	0.7307	0.7540	1.3216
0.1905	0.7357	0.7600	1.3175
0.1950	0.7408	0.7660	1.3134
0.1988	0.7460	0.7720	1.3104
0.2034	0.7509	0.7780	1.3063
0.2080	0.7559	0.7840	1.3023
0.2127	0.7608	0.7900	1.2981
0.2166	0.7660	0.7960	1.2952
0.2220	0.7727	0.8040	1.2910
0.2269	0.7776	0.8100	1.2869
0.2317	0.7824	0.8160	1.2829
0.2358	0.7874	0.8220	1.2798
0.2413	0.7941	0.8300	1.2758
0.2469	0.8008	0.8380	1.2717
0.2526	0.8074	0.8460	1.2675
0.2568	0.8124	0.8520	1.2646
0.2619	0.8170	0.8580	1.2605
0.2678	0.8236	0.8660	1.2564
0.2737	0.8300	0.8740	1.2523
0.2787	0.8368	0.8820	1.2493
0.2847	0.8432	0.8900	1.2452
0.2907	0.8497	0.8980	1.2412
0.2968	0.8560	0.9060	1.2371
0.3020	0.8627	0.9140	1.2341
0.3082	0.8690	0.9220	1.2300
0.3145	0.8752	0.9300	1.2258
0.3214	0.8833	0.9400	1.2218
0.3271	0.8898	0.9480	1.2185
0.3340	0.8979	0.9580	1.2147
0.3405	0.9040	0.9660	1.2106
0.3478	0.9119	0.9760	1.2065
0.3543	0.9201	0.9860	1.2032
0.3615	0.9281	0.9960	1.1994
0.9654	-0.2452	0.9960	-0.2487
0.9644	-0.2490	0.9960	-0.2527
0.9615	-0.2522	0.9940	-0.2566
0.9586	-0.2554	0.9920	-0.2604
0.9556	-0.2588	0.9900	-0.2645
0.9527	-0.2619	0.9880	-0.2683
0.9497	-0.2653	0.9860	-0.2724
0.9467	-0.2684	0.9840	-0.2762
0.9435	-0.2724	0.9820	-0.2811
0.9423	-0.2763	0.9820	-0.2852
0.9393	-0.2793	0.9800	-0.2891
0.9363	-0.2826	0.9780	-0.2931
0.9333	-0.2856	0.9760	-0.2969
0.9302	-0.2888	0.9740	-0.3010
0.9272	-0.2918	0.9720	-0.3049
0.9241	-0.2949	0.9700	-0.3089
0.9229	-0.2984	0.9700	-0.3127
0.9198	-0.3016	0.9680	-0.3169
0.9167	-0.3045	0.9660	-0.3207
0.9136	-0.3076	0.9640	-0.3247
0.9105	-0.3104	0.9620	-0.3286
0.9074	-0.3135	0.9600	-0.3327
0.9043	-0.3163	0.9580	-0.3365
0.9030	-0.3200	0.9580	-0.3405
0.8999	-0.3228	0.9560	-0.3444
0.8967	-0.3258	0.9540	-0.3485
0.8935	-0.3285	0.9520	-0.3523
0.8903	-0.3314	0.9500	-0.3564
0.8872	-0.3341	0.9480	-0.3602
0.8858	-0.3378	0.9480	-0.3643
0.8826	-0.3405	0.9460	-0.3682
0.8813	-0.3438	0.9460	-0.3719
0.8799	-0.3474	0.9460	-0.3760
0.8763	-0.3509	0.9440	-0.3809
0.8731	-0.3536	0.9420	-0.3847
0.8717	-0.3571	0.9420	-0.3889
0.8684	-0.3597	0.9400	-0.3927
0.8651	-0.3624	0.9380	-0.3967
0.8619	-0.3650	0.9360	-0.4006
0.8604	-0.3685	0.9360	-0.4047
0.8572	-0.3709	0.9340	-0.4084
0.8538	-0.3737	0.9320	-0.4125
0.8505	-0.3761	0.9300	-0.4164
0.8490	-0.3796	0.9300	-0.4205
0.8476	-0.3828	0.9300	-0.4242
0.8442	-0.3855	0.9280	-0.4284
0.8427	-0.3887	0.9280	-0.4322
0.8392	-0.3913	0.9260	-0.4363
0.8378	-0.3945	0.9260	-0.4401
0.8343	-0.3971	0.9240	-0.4442
0.8310	-0.3994	0.9220	-0.4480
0.8294	-0.4028	0.9220	-0.4521
0.8260	-0.4050	0.9200	-0.4559
0.8244	-0.4084	0.9200	-0.4600
0.8210	-0.4107	0.9180	-0.4638
0.8193	-0.4141	0.9180	-0.4680
0.8159	-0.4165	0.9160	-0.4720
0.8142	-0.4196	0.9160	-0.4758
0.8107	-0.4220	0.9140	-0.4799
0.8090	-0.4253	0.9140	-0.4840
0.8055	-0.4277	0.9120	-0.4881
0.8039	-0.4308	0.9120	-0.4919
0.8021	-0.4341	0.9120	-0.4961
0.8003	-0.4373	0.9120	-0.5001
0.7964	-0.4402	0.9100	-0.5050
0.7929	-0.4425	0.9080	-0.5091
0.7912	-0.4456	0.9080	-0.5129
0.7893	-0.4488	0.9080	-0.5170
0.7875	-0.4520	0.9080	-0.5211
0.7858	-0.4550	0.9080	-0.5249
0.7821	-0.4573	0.9060	-0.5290
0.7803	-0.4604	0.9060	-0.5331
0.7785	-0.4634	0.9060	-0.5369
0.7766	-0.4666	0.9060	-0.5410
0.7747	-0.4698	0.9060	-0.5451
0.7728	-0.4729	0.9060	-0.5492
0.7676	-0.4738	0.9020	-0.5530
0.7639	-0.4759	0.9000	-0.5571
0.7620	-0.4789	0.9000	-0.5611
0.7601	-0.4819	0.9000	-0.5650
0.7565	-0.4839	0.8980	-0.5691
0.7561	-0.4881	0.9000	-0.5732
0.7526	-0.4898	0.8980	-0.5770
0.7489	-0.4918	0.8960	-0.5811
0.7452	-0.4938	0.8940	-0.5852
0.7432	-0.4968	0.8940	-0.5892
0.7413	-0.4997	0.8940	-0.5931
0.7393	-0.5027	0.8940	-0.5972
0.7372	-0.5058	0.8940	-0.6013
0.7353	-0.5085	0.8940	-0.6051
0.7315	-0.5104	0.8920	-0.6092
0.7294	-0.5134	0.8920	-0.6133
0.7291	-0.5173	0.8940	-0.6170
0.7270	-0.5203	0.8940	-0.6212
0.7248	-0.5233	0.8940	-0.6253
0.7227	-0.5262	0.8940	-0.6293
0.7207	-0.5290	0.8940	-0.6332
0.7185	-0.5319	0.8940	-0.6373
0.7147	-0.5337	0.8920	-0.6414
0.7127	-0.5364	0.8920	-0.6451
0.7105	-0.5393	0.8920	-0.6493
0.7083	-0.5422	0.8920	-0.6534
0.7062	-0.5449	0.8920	-0.6572
0.7040	-0.5478	0.8920	-0.6612
0.7002	-0.5494	0.8900	-0.6654
0.6996	-0.5534	0.8920	-0.6692
0.6974	-0.5562	0.8920	-0.6732
0.6951	-0.5590	0.8920	-0.6773
0.6912	-0.5606	0.8900	-0.6815
0.6891	-0.5633	0.8900	-0.6853
0.6868	-0.5661	0.8900	-0.6893
0.6844	-0.5689	0.8900	-0.6935
0.6823	-0.5715	0.8900	-0.6973
0.6800	-0.5742	0.8900	-0.7013
0.6776	-0.5770	0.8900	-0.7054
0.6754	-0.5796	0.8900	-0.7093
0.6745	-0.5837	0.8920	-0.7134
0.6706	-0.5851	0.8900	-0.7174
0.6682	-0.5879	0.8900	-0.7215
0.6674	-0.5918	0.8920	-0.7254
0.6650	-0.5945	0.8920	-0.7294
0.6611	-0.5959	0.8900	-0.7335
0.6588	-0.5984	0.8900	-0.7374
0.6578	-0.6024	0.8920	-0.7415
0.6554	-0.6051	0.8920	-0.7455
0.6531	-0.6076	0.8920	-0.7493
0.6506	-0.6103	0.8920	-0.7535
0.6481	-0.6129	0.8920	-0.7575
0.6456	-0.6156	0.8920	-0.7616
0.6417	-0.6167	0.8900	-0.7655
0.6406	-0.6207	0.8920	-0.7696
0.6381	-0.6233	0.8920	-0.7736
0.6357	-0.6257	0.8920	-0.7774
0.6332	-0.6283	0.8920	-0.7816
0.6306	-0.6309	0.8920	-0.7856
0.6282	-0.6333	0.8920	-0.7894
0.6256	-0.6359	0.8920	-0.7935
0.6243	-0.6399	0.8940	-0.7977
0.6220	-0.6422	0.8940	-0.8014
0.6193	-0.6448	0.8940	-0.8055
0.6166	-0.6473	0.8940	-0.8097
0.6140	-0.6498	0.8940	-0.8137
0.6115	-0.6521	0.8940	-0.8175
0.6102	-0.6561	0.8960	-0.8216
0.6075	-0.6586	0.8960	-0.8257
0.6037	-0.6594	0.8940	-0.8295
0.6023	-0.6634	0.8960	-0.8336
0.5995	-0.6659	0.8960	-0.8377
0.5971	-0.6681	0.8960	-0.8415
0.5943	-0.6705	0.8960	-0.8456
0.5928	-0.6745	0.8980	-0.8497
0.5901	-0.6769	0.8980	-0.8538
0.5888	-0.6806	0.9000	-0.8576
0.5860	-0.6831	0.9000	-0.8617
0.5832	-0.6855	0.9000	-0.8658
0.5806	-0.6876	0.9000	-0.8696
0.5778	-0.6900	0.9000	-0.8737
0.5762	-0.6940	0.9020	-0.8778
0.5761	-0.6992	0.9060	-0.8817
0.5689	-0.7077	0.9080	-0.8936
0.2298	-0.3126	0.3880	-0.9370
0.2247	-0.3089	0.3820	-0.9419
0.2230	-0.3090	0.3810	-0.9457
0.2228	-0.3115	0.3830	-0.9498
0.2216	-0.3124	0.3830	-0.9538
0.2210	-0.3141	0.3840	-0.9577
0.2197	-0.3150	0.3840	-0.9618
0.2193	-0.3164	0.3850	-0.9648
0.2180	-0.3173	0.3850	-0.9689
0.2167	-0.3182	0.3850	-0.9729
0.2155	-0.3190	0.3850	-0.9768
0.2147	-0.3208	0.3860	-0.9809
0.2140	-0.3225	0.3870	-0.9850
0.2127	-0.3233	0.3870	-0.9887
0.2114	-0.3241	0.3870	-0.9929
0.2101	-0.3250	0.3870	-0.9970
0.2094	-0.3267	0.3880	-1.0008
0.2081	-0.3275	0.3880	-1.0049
0.2072	-0.3292	0.3890	-1.0090
0.2060	-0.3300	0.3890	-1.0128
0.2052	-0.3317	0.3900	-1.0168
0.2038	-0.3325	0.3900	-1.0210
0.2025	-0.3333	0.3900	-1.0248
0.2011	-0.3341	0.3900	-1.0289
0.2007	-0.3356	0.3910	-1.0319
0.1993	-0.3364	0.3910	-1.0360
0.1985	-0.3380	0.3920	-1.0398
0.1976	-0.3397	0.3930	-1.0439
0.1967	-0.3414	0.3940	-1.0480
0.1954	-0.3421	0.3940	-1.0518
0.1940	-0.3429	0.3940	-1.0559
0.1931	-0.3446	0.3950	-1.0600
0.1923	-0.3462	0.3960	-1.0638
0.1909	-0.3470	0.3960	-1.0678
0.1894	-0.3477	0.3960	-1.0720
0.1881	-0.3485	0.3960	-1.0758
0.1875	-0.3499	0.3970	-1.0788
0.1870	-0.3524	0.3990	-1.0829
0.1856	-0.3532	0.3990	-1.0869
0.1843	-0.3539	0.3990	-1.0908
0.1828	-0.3547	0.3990	-1.0949
0.1818	-0.3563	0.4000	-1.0990
0.1809	-0.3579	0.4010	-1.1027
0.1799	-0.3595	0.4020	-1.1069
0.1788	-0.3611	0.4030	-1.1110
0.1775	-0.3618	0.4030	-1.1148
0.1760	-0.3625	0.4030	-1.1188
0.1753	-0.3640	0.4040	-1.1219
0.1743	-0.3656	0.4050	-1.1259
0.1733	-0.3672	0.4060	-1.1298
0.1722	-0.3688	0.4070	-1.1339
0.1711	-0.3704	0.4080	-1.1379
0.1697	-0.3710	0.4080	-1.1418
0.1682	-0.3717	0.4080	-1.1459
0.1679	-0.3740	0.4100	-1.1489
0.1664	-0.3747	0.4100	-1.1530
0.1653	-0.3763	0.4110	-1.1570
0.1642	-0.3779	0.4120	-1.1608
0.1627	-0.3785	0.4120	-1.1650
0.1615	-0.3801	0.4130	-1.1691
0.1604	-0.3816	0.4140	-1.1728
0.1589	-0.3823	0.4140	-1.1769
0.1577	-0.3839	0.4150	-1.1811
0.1566	-0.3854	0.4160	-1.1849
0.1558	-0.3868	0.4170	-1.1879
0.1546	-0.3884	0.4180	-1.1920
0.1530	-0.3890	0.4180	-1.1960
0.1519	-0.3905	0.4190	-1.1999
0.1506	-0.3921	0.4200	-1.2040
0.1498	-0.3945	0.4220	-1.2080
0.1486	-0.3960	0.4230	-1.2118
0.1470	-0.3966	0.4230	-1.2160
0.1453	-0.3973	0.4230	-1.2201
0.1445	-0.3986	0.4240	-1.2231
0.1436	-0.4011	0.4260	-1.2269
0.1423	-0.4026	0.4270	-1.2309
0.1407	-0.4032	0.4270	-1.2350
0.1395	-0.4046	0.4280	-1.2389
0.1382	-0.4061	0.4290	-1.2429
0.1368	-0.4077	0.4300	-1.2470
0.1355	-0.4091	0.4310	-1.2509
0.1346	-0.4105	0.4320	-1.2538
0.1330	-0.4110	0.4320	-1.2580
0.1316	-0.4125	0.4330	-1.2621
0.1308	-0.4159	0.4360	-1.2661
0.1294	-0.4174	0.4370	-1.2702
0.1277	-0.4179	0.4370	-1.2744
0.1263	-0.4194	0.4380	-1.2784
0.1248	-0.4209	0.4390	-1.2825
0.1241	-0.4232	0.4410	-1.2855
0.1224	-0.4237	0.4410	-1.2896
0.1209	-0.4251	0.4420	-1.2937
0.1195	-0.4266	0.4430	-1.2977
0.1180	-0.4280	0.4440	-1.3019
0.1165	-0.4295	0.4450	-1.3060
0.1153	-0.4319	0.4470	-1.3100
0.1142	-0.4332	0.4480	-1.3131
0.1127	-0.4346	0.4490	-1.3171
0.1111	-0.4361	0.4500	-1.3212
0.1096	-0.4375	0.4510	-1.3254
0.1081	-0.4389	0.4520	-1.3294
0.1067	-0.4413	0.4540	-1.3335
0.1051	-0.4427	0.4550	-1.3376
0.1040	-0.4440	0.4560	-1.3406
0.1027	-0.4463	0.4580	-1.3446
0.1011	-0.4477	0.4590	-1.3488
0.0995	-0.4491	0.4600	-1.3529
0.0981	-0.4515	0.4620	-1.3569
0.0964	-0.4529	0.4630	-1.3610
0.0953	-0.4541	0.4640	-1.3640
0.0936	-0.4555	0.4650	-1.3681
0.0919	-0.4568	0.4660	-1.3722
0.0905	-0.4592	0.4680	-1.3763
0.0888	-0.4605	0.4690	-1.3804
0.0870	-0.4619	0.4700	-1.3845
0.0854	-0.4632	0.4710	-1.3885
0.0843	-0.4654	0.4730	-1.3916
0.0828	-0.4677	0.4750	-1.3956
0.0810	-0.4691	0.4760	-1.3998
0.0792	-0.4704	0.4770	-1.4039
0.0777	-0.4727	0.4790	-1.4079
0.0759	-0.4740	0.4800	-1.4120
0.0741	-0.4753	0.4810	-1.4162
0.0730	-0.4775	0.4830	-1.4191
0.0712	-0.4787	0.4840	-1.4232
0.0695	-0.4810	0.4860	-1.4273
0.0678	-0.4833	0.4880	-1.4314
0.0661	-0.4855	0.4900	-1.4355
0.0643	-0.4868	0.4910	-1.4395
0.0630	-0.4890	0.4930	-1.4426
0.0612	-0.4902	0.4940	-1.4466
0.0593	-0.4914	0.4950	-1.4508
0.0575	-0.4937	0.4970	-1.4549
0.0557	-0.4959	0.4990	-1.4589
0.0539	-0.4981	0.5010	-1.4630
0.0526	-0.5002	0.5030	-1.4660
0.0507	-0.5014	0.5040	-1.4701
0.0488	-0.5036	0.5060	-1.4743
0.0468	-0.5048	0.5070	-1.4783
0.0449	-0.5070	0.5090	-1.4824
0.0430	-0.5092	0.5110	-1.4865
0.0410	-0.5104	0.5120	-1.4905
0.0396	-0.5125	0.5140	-1.4936
0.0377	-0.5146	0.5160	-1.4976
0.0357	-0.5168	0.5180	-1.5018
0.0337	-0.5189	0.5200	-1.5059
0.0318	-0.5210	0.5220	-1.5099
0.0303	-0.5231	0.5240	-1.5129
0.0283	-0.5252	0.5260	-1.5170
0.0262	-0.5273	0.5280	-1.5211
0.0242	-0.5294	0.5300	-1.5252
0.0221	-0.5315	0.5320	-1.5293
0.0200	-0.5336	0.5340	-1.5334
0.0184	-0.5357	0.5360	-1.5364
0.0163	-0.5378	0.5380	-1.5405
0.0142	-0.5398	0.5400	-1.5445
0.0120	-0.5419	0.5420	-1.5486
0.0098	-0.5439	0.5440	-1.5528
0.0076	-0.5459	0.5460	-1.5568
0.0060	-0.5500	0.5500	-1.5599
0.0038	-0.5520	0.5520	-1.5639
0.0015	-0.5540	0.5540	-1.5680
-0.0007	-0.5560	0.5560	-1.5721
-0.0030	-0.5580	0.5580	-1.5762
-0.0047	-0.5600	0.5600	-1.5792
-0.0070	-0.5640	0.5640	-1.5833
-0.0094	-0.5659	0.5660	-1.5874
-0.0118	-0.5679	0.5680	-1.5915
-0.0137	-0.5718	0.5720	-1.5948
-0.0160	-0.5738	0.5740	-1.5986
-0.0183	-0.5757	0.5760	-1.6026
-0.0208	-0.5776	0.5780	-1.6067
-0.0233	-0.5815	0.5820	-1.6109
-0.0257	-0.5834	0.5840	-1.6149
-0.0278	-0.5873	0.5880	-1.6182
-0.0304	-0.5892	0.5900	-1.6223
-0.0327	-0.5911	0.5920	-1.6261
-0.0354	-0.5949	0.5960	-1.6302
-0.0379	-0.5968	0.5980	-1.6343
-0.0400	-0.6007	0.6020	-1.6373
-0.0424	-0.6025	0.6040	-1.6411
-0.0452	-0.6063	0.6080	-1.6452
-0.0477	-0.6081	0.6100	-1.6490
-0.0503	-0.6119	0.6140	-1.6529
-0.0523	-0.6138	0.6160	-1.6558
-0.0550	-0.6176	0.6200	-1.6597
-0.0579	-0.6213	0.6240	-1.6637
-0.0605	-0.6231	0.6260	-1.6675
-0.0633	-0.6268	0.6300	-1.6714
-0.0655	-0.6306	0.6340	-1.6743
-0.0684	-0.6343	0.6380	-1.6782
-0.0712	-0.6360	0.6400	-1.6823
-0.0741	-0.6397	0.6440	-1.6861
-0.0765	-0.6435	0.6480	-1.6891
-0.0794	-0.6471	0.6520	-1.6929
-0.0825	-0.6508	0.6560	-1.6970
-0.0856	-0.6544	0.6600	-1.7008
-0.0886	-0.6581	0.6640	-1.7046
-0.0908	-0.6598	0.6660	-1.7076
-0.0942	-0.6654	0.6720	-1.7114
-0.0975	-0.6689	0.6760	-1.7156
-0.1007	-0.6725	0.6800	-1.7194
-0.1033	-0.6762	0.6840	-1.7224
-0.1065	-0.6797	0.6880	-1.7262
-0.1097	-0.6832	0.6920	-1.7300
-0.1131	-0.6867	0.6960	-1.7341
-0.1164	-0.6902	0.7000	-1.7379
-0.1195	-0.6958	0.7060	-1.7409
-0.1229	-0.6993	0.7100	-1.7447
-0.1262	-0.7028	0.7140	-1.7485
-0.1299	-0.7062	0.7180	-1.7527
-0.1329	-0.7117	0.7240	-1.7554
-0.1365	-0.7151	0.7280	-1.7595
-0.1404	-0.7204	0.7340	-1.7633
-0.1440	-0.7238	0.7380	-1.7671
-0.1481	-0.7291	0.7440	-1.7712
-0.1509	-0.7326	0.7480	-1.7740
-0.1551	-0.7379	0.7540	-1.7780
-0.1588	-0.7412	0.7580	-1.7818
-0.1629	-0.7464	0.7640	-1.7856
-0.1664	-0.7518	0.7700	-1.7886
-0.1702	-0.7551	0.7740	-1.7925
-0.1746	-0.7602	0.7800	-1.7966
-0.1789	-0.7654	0.7860	-1.8004
-0.1831	-0.7705	0.7920	-1.8042
-0.1869	-0.7758	0.7980	-1.8072
-0.1912	-0.7809	0.8040	-1.8110
-0.1959	-0.7860	0.8100	-1.8151
-0.2004	-0.7910	0.8160	-1.8189
-0.2042	-0.7962	0.8220	-1.8219
-0.2088	-0.8012	0.8280	-1.8257
-0.2134	-0.8062	0.8340	-1.8296
-0.2188	-0.8131	0.8420	-1.8337
-0.2228	-0.8182	0.8480	-1.8367
-0.2306	-0.8223	0.8540	-1.8442
-0.2431	-0.8291	0.8640	-1.8560
-0.2569	-0.8396	0.8780	-1.8677
-0.2644	-0.8435	0.8840	-1.8745
-0.2670	-0.8406	0.8820	-1.8784
-0.2699	-0.8376	0.8800	-1.8825
-0.2733	-0.8344	0.8780	-1.8874
-0.2759	-0.8314	0.8760	-1.8912
-0.2791	-0.8304	0.8760	-1.8950
-0.2818	-0.8273	0.8740	-1.8991
-0.2843	-0.8244	0.8720	-1.9029
-0.2875	-0.8233	0.8720	-1.9067
-0.2902	-0.8202	0.8700	-1.9109
-0.2926	-0.8172	0.8680	-1.9146
-0.2957	-0.8161	0.8680	-1.9184
-0.2984	-0.8130	0.8660	-1.9226
-0.3015	-0.8118	0.8660	-1.9264
-0.3038	-0.8088	0.8640	-1.9301
-0.3064	-0.8057	0.8620	-1.9343
-0.3088	-0.8026	0.8600	-1.9381
-0.3119	-0.8015	0.8600	-1.9419
-0.3144	-0.7983	0.8580	-1.9460
-0.3174	-0.7971	0.8580	-1.9498
-0.3198	-0.7940	0.8560	-1.9536
-0.3223	-0.7909	0.8540	-1.9577
-0.3245	-0.7878	0.8520	-1.9616
-0.3275	-0.7866	0.8520	-1.9653
-0.3305	-0.7853	0.8520	-1.9692
-0.3329	-0.7821	0.8500	-1.9733
-0.3352	-0.7790	0.8480	-1.9771
-0.3382	-0.7755	0.8460	-1.9820
-0.3411	-0.7742	0.8460	-1.9858
-0.3442	-0.7728	0.8460	-1.9899
-0.3472	-0.7715	0.8460	-1.9937
-0.3493	-0.7683	0.8440	-1.9975
-0.3525	-0.7669	0.8440	-2.0017
-0.3547	-0.7636	0.8420	-2.0057
-0.3568	-0.7604	0.8400	-2.0095
-0.3599	-0.7590	0.8400	-2.0136
-0.3631	-0.7575	0.8400	-2.0178
-0.3650	-0.7543	0.8380	-2.0215
-0.3673	-0.7510	0.8360	-2.0256
-0.3704	-0.7495	0.8360	-2.0297
-0.3732	-0.7481	0.8360	-2.0336
-0.3753	-0.7448	0.8340	-2.0376
-0.3775	-0.7414	0.8320	-2.0417
-0.3805	-0.7399	0.8320	-2.0459
-0.3833	-0.7384	0.8320	-2.0496
-0.3864	-0.7369	0.8320	-2.0537
-0.3884	-0.7335	0.8300	-2.0578
-0.3913	-0.7320	0.8300	-2.0617
-0.3933	-0.7287	0.8280	-2.0657
-0.3963	-0.7270	0.8280	-2.0698
-0.3981	-0.7237	0.8260	-2.0737
-0.4010	-0.7221	0.8260	-2.0777
-0.4040	-0.7205	0.8260	-2.0818
-0.4067	-0.7189	0.8260	-2.0856
-0.4086	-0.7155	0.8240	-2.0897
-0.4106	-0.7121	0.8220	-2.0938
-0.4133	-0.7105	0.8220	-2.0976
-0.4162	-0.7088	0.8220	-2.1017
-0.4191	-0.7072	0.8220	-2.1058
-0.4208	-0.7038	0.8200	-2.1096
-0.4237	-0.7021	0.8200	-2.1137
-0.4265	-0.7004	0.8200	-2.1178
-0.4292	-0.6987	0.8200	-2.1216
-0.4317	-0.6948	0.8180	-2.1268
-0.4344	-0.6931	0.8180	-2.1306
-0.4372	-0.6913	0.8180	-2.1347
-0.4400	-0.6896	0.8180	-2.1388
-0.4416	-0.6862	0.8160	-2.1426
-0.4444	-0.6844	0.8160	-2.1467
-0.4472	-0.6825	0.8160	-2.1508
-0.4487	-0.6792	0.8140	-2.1546
-0.4515	-0.6773	0.8140	-2.1587
-0.4542	-0.6755	0.8140	-2.1628
-0.4557	-0.6721	0.8120	-2.1667
-0.4595	-0.6719	0.8140	-2.1707
-0.4623	-0.6700	0.8140	-2.1748
-0.4637	-0.6666	0.8120	-2.1786
-0.4664	-0.6647	0.8120	-2.1827
-0.4691	-0.6628	0.8120	-2.1868
-0.4705	-0.6593	0.8100	-2.1906
-0.4732	-0.6574	0.8100	-2.1947
-0.4759	-0.6555	0.8100	-2.1988
-0.4784	-0.6536	0.8100	-2.2026
-0.4811	-0.6517	0.8100	-2.2067
-0.4837	-0.6497	0.8100	-2.2108
-0.4852	-0.6461	0.8080	-2.2149
-0.4876	-0.6443	0.8080	-2.2187
-0.4903	-0.6422	0.8080	-2.2228
-0.4929	-0.6403	0.8080	-2.2269
-0.4953	-0.6384	0.8080	-2.2307
-0.4967	-0.6347	0.8060	-2.2348
-0.5005	-0.6343	0.8080	-2.2388
-0.5029	-0.6324	0.8080	-2.2427
-0.5056	-0.6303	0.8080	-2.2468
-0.5069	-0.6267	0.8060	-2.2509
-0.5092	-0.6248	0.8060	-2.2547
-0.5118	-0.6227	0.8060	-2.2588
-0.5144	-0.6205	0.8060	-2.2629
-0.5167	-0.6186	0.8060	-2.2667
-0.5192	-0.6165	0.8060	-2.2708
-0.5218	-0.6143	0.8060	-2.2749
-0.5254	-0.6138	0.8080	-2.2787
-0.5266	-0.6102	0.8060	-2.2828
-0.5291	-0.6080	0.8060	-2.2869
-0.5314	-0.6060	0.8060	-2.2907
-0.5339	-0.6038	0.8060	-2.2948
-0.5363	-0.6016	0.8060	-2.2989
-0.5373	-0.5981	0.8040	-2.3027
-0.5411	-0.5974	0.8060	-2.3068
-0.5435	-0.5952	0.8060	-2.3108
-0.5458	-0.5931	0.8060	-2.3147
-0.5482	-0.5908	0.8060	-2.3188
-0.5506	-0.5886	0.8060	-2.3228
-0.5529	-0.5865	0.8060	-2.3267
-0.5553	-0.5842	0.8060	-2.3308
-0.5591	-0.5834	0.8080	-2.3349
-0.5612	-0.5813	0.8080	-2.3386
-0.5622	-0.5775	0.8060	-2.3428
-0.5646	-0.5752	0.8060	-2.3469
-0.5683	-0.5743	0.8080	-2.3509
-0.5705	-0.5722	0.8080	-2.3548
-0.5729	-0.5698	0.8080	-2.3589
-0.5752	-0.5674	0.8080	-2.3630
-0.5773	-0.5653	0.8080	-2.3667
-0.5797	-0.5629	0.8080	-2.3709
-0.5820	-0.5605	0.8080	-2.3750
-0.5841	-0.5583	0.8080	-2.3788
-0.5878	-0.5573	0.8100	-2.3828
-0.5901	-0.5549	0.8100	-2.3870
-0.5924	-0.5524	0.8100	-2.3911
-0.5946	-0.5500	0.8100	-2.3951
-0.5969	-0.5476	0.8100	-2.3992
-0.5991	-0.5451	0.8100	-2.4034
-0.6028	-0.5440	0.8120	-2.4074
-0.6035	-0.5402	0.8100	-2.4115
-0.6058	-0.5377	0.8100	-2.4156
-0.6094	-0.5366	0.8120	-2.4197
-0.6131	-0.5354	0.8140	-2.4238
-0.6137	-0.5317	0.8120	-2.4276
-0.6173	-0.5306	0.8140	-2.4316
-0.6195	-0.5280	0.8140	-2.4358
-0.6217	-0.5255	0.8140	-2.4399
-0.6238	-0.5229	0.8140	-2.4439
-0.6275	-0.5216	0.8160	-2.4480
-0.6296	-0.5191	0.8160	-2.4522
-0.6317	-0.5165	0.8160	-2.4562
-0.6338	-0.5139	0.8160	-2.4603
-0.6375	-0.5125	0.8180	-2.4644
-0.6396	-0.5100	0.8180	-2.4685
-0.6427	-0.5092	0.8200	-2.4715
-0.6447	-0.5067	0.8200	-2.4756
-0.6468	-0.5040	0.8200	-2.4797
-0.6489	-0.5013	0.8200	-2.4838
-0.6509	-0.4987	0.8200	-2.4878
-0.6530	-0.4960	0.8200	-2.4920
-0.6566	-0.4945	0.8220	-2.4961
-0.6586	-0.4919	0.8220	-2.5001
-0.6622	-0.4903	0.8240	-2.5042
-0.6642	-0.4876	0.8240	-2.5083
-0.6662	-0.4849	0.8240	-2.5124
-0.6682	-0.4822	0.8240	-2.5165
-0.6718	-0.4806	0.8260	-2.5206
-0.6737	-0.4779	0.8260	-2.5246
-0.6773	-0.4762	0.8280	-2.5288
-0.6793	-0.4735	0.8280	-2.5329
-0.6812	-0.4707	0.8280	-2.5369
-0.6848	-0.4690	0.8300	-2.5410
-0.6867	-0.4662	0.8300	-2.5452
-0.6902	-0.4646	0.8320	-2.5492
-0.6921	-0.4617	0.8320	-2.5533
-0.6957	-0.4599	0.8340	-2.5574
-0.6975	-0.4571	0.8340	-2.5615
-0.6993	-0.4545	0.8340	-2.5653
-0.7028	-0.4527	0.8360	-2.5694
-0.7047	-0.4498	0.8360	-2.5735
-0.7082	-0.4480	0.8380	-2.5776
-0.7100	-0.4451	0.8380	-2.5817
-0.7119	-0.4421	0.8380	-2.5858
-0.7153	-0.4403	0.8400	-2.5898
-0.7172	-0.4374	0.8400	-2.5940
-0.7207	-0.4354	0.8420	-2.5981
-0.7224	-0.4325	0.8420	-2.6021
-0.7259	-0.4306	0.8440	-2.6062
-0.7294	-0.4286	0.8460	-2.6104
-0.7311	-0.4256	0.8460	-2.6144
-0.7341	-0.4245	0.8480	-2.6174
-0.7359	-0.4214	0.8480	-2.6215
-0.7376	-0.4184	0.8480	-2.6256
-0.7410	-0.4164	0.8500	-2.6296
-0.7445	-0.4143	0.8520	-2.6337
-0.7479	-0.4122	0.8540	-2.6379
-0.7496	-0.4092	0.8540	-2.6419
-0.7513	-0.4061	0.8540	-2.6460
-0.7529	-0.4030	0.8540	-2.6501
-0.7581	-0.4018	0.8580	-2.6542
-0.7615	-0.3996	0.8600	-2.6583
-0.7614	-0.3956	0.8580	-2.6624
-0.7647	-0.3934	0.8600	-2.6664
-0.7681	-0.3912	0.8620	-2.6706
-0.7697	-0.3880	0.8620	-2.6747
-0.7731	-0.3858	0.8640	-2.6787
-0.7765	-0.3835	0.8660	-2.6828
-0.7780	-0.3803	0.8660	-2.6870
-0.7804	-0.3660	0.8620	-2.7031
-0.7746	-0.3595	0.8540	-2.7071
-0.7692	-0.3522	0.8460	-2.7123
-0.7634	-0.3457	0.8380	-2.7164
-0.7593	-0.3401	0.8320	-2.7205
-0.7552	-0.3346	0.8260	-2.7245
-0.7495	-0.3276	0.8180	-2.7295
-0.7435	-0.3214	0.8100	-2.7336
-0.7393	-0.3160	0.8040	-2.7377
-0.7351	-0.3106	0.7980	-2.7418
-0.7293	-0.3037	0.7900	-2.7470
-0.7250	-0.2985	0.7840	-2.7510
-0.7188	-0.2925	0.7760	-2.7551
-0.7144	-0.2873	0.7700	-2.7592
-0.7102	-0.2816	0.7640	-2.7641
-0.7058	-0.2765	0.7580	-2.7682
-0.7013	-0.2714	0.7520	-2.7723
-0.6968	-0.2664	0.7460	-2.7764
-0.6925	-0.2609	0.7400	-2.7813
-0.6898	-0.2566	0.7360	-2.7854
-0.6851	-0.2520	0.7300	-2.7892
-0.6789	-0.2458	0.7220	-2.7941
-0.6742	-0.2411	0.7160	-2.7982
-0.6713	-0.2372	0.7120	-2.8020
-0.6685	-0.2331	0.7080	-2.8061
-0.6640	-0.2279	0.7020	-2.8110
-0.6592	-0.2234	0.6960	-2.8149
-0.6563	-0.2194	0.6920	-2.8190
-0.6514	-0.2151	0.6860	-2.8227
-0.6487	-0.2106	0.6820	-2.8277
-0.6438	-0.2061	0.6760	-2.8317
-0.6408	-0.2025	0.6720	-2.8356
-0.6377	-0.1988	0.6680	-2.8394
-0.6330	-0.1937	0.6620	-2.8446
-0.6299	-0.1902	0.6580	-2.8484
-0.6268	-0.1866	0.6540	-2.8522
-0.6237	-0.1830	0.6500	-2.8563
-0.6208	-0.1788	0.6460	-2.8612
-0.6157	-0.1748	0.6400	-2.8650
-0.6145	-0.1717	0.6380	-2.8691
-0.6113	-0.1683	0.6340	-2.8730
-0.6082	-0.1642	0.6300	-2.8778
-0.6050	-0.1607	0.6260	-2.8820
-0.5998	-0.1569	0.6200	-2.8857
-0.5985	-0.1540	0.6180	-2.8898
-0.5954	-0.1500	0.6140	-2.8947
-0.5901	-0.1463	0.6080	-2.8986
-0.5888	-0.1434	0.6060	-2.9027
-0.5854	-0.1402	0.6020	-2.9065
-0.5822	-0.1364	0.5980	-2.9114
-0.5789	-0.1332	0.5940	-2.9154
-0.5774	-0.1305	0.5920	-2.9193
-0.5741	-0.1273	0.5880	-2.9234
-0.5708	-0.1236	0.5840	-2.9283
-0.5693	-0.1210	0.5820	-2.9321
-0.5659	-0.1179	0.5780	-2.9362
-0.5624	-0.1149	0.5740	-2.9400
-0.5609	-0.1122	0.5720	-2.9441
-0.5575	-0.1087	0.5680	-2.9490
-0.5559	-0.1062	0.5660	-2.9528
-0.5524	-0.1032	0.5620	-2.9569
-0.5509	-0.1007	0.5600	-2.9608
-0.5474	-0.0973	0.5560	-2.9657
-0.5458	-0.0947	0.5540	-2.9698
-0.5423	-0.0920	0.5500	-2.9735
-0.5407	-0.0894	0.5480	-2.9776
-0.5391	-0.0865	0.5460	-2.9825
-0.5355	-0.0838	0.5420	-2.9864
-0.5338	-0.0813	0.5400	-2.9905
-0.5302	-0.0786	0.5360	-2.9943
-0.5286	-0.0758	0.5340	-2.9992
-0.5249	-0.0731	0.5300	-3.0032
-0.5232	-0.0708	0.5280	-3.0071
-0.5215	-0.0684	0.5260	-3.0112
-0.5198	-0.0661	0.5240	-3.0150
-0.5162	-0.0631	0.5200	-3.0199
-0.5144	-0.0607	0.5180	-3.0241
-0.5127	-0.0586	0.5160	-3.0278
-0.5109	-0.0564	0.5140	-3.0316
-0.5092	-0.0536	0.5120	-3.0368
-0.5074	-0.0514	0.5100	-3.0406
-0.5056	-0.0493	0.5080	-3.0445
-0.4859	-0.0457	0.4880	-3.0477
-0.4840	-0.0436	0.4860	-3.0519
-0.4812	-0.0414	0.4830	-3.0557
-0.4794	-0.0389	0.4810	-3.0606
-0.4776	-0.0369	0.4790	-3.0644
-0.4757	-0.0350	0.4770	-3.0682
-0.4739	-0.0329	0.4750	-3.0723
-0.4720	-0.0310	0.4730	-3.0761
-0.4711	-0.0286	0.4720	-3.0810
-0.4692	-0.0267	0.4700	-3.0848
-0.4653	-0.0247	0.4660	-3.0887
-0.4634	-0.0227	0.4640	-3.0927
-0.4625	-0.0205	0.4630	-3.0974
-0.4606	-0.0185	0.4610	-3.1014
-0.4587	-0.0167	0.4590	-3.1053
-0.4578	-0.0149	0.4580	-3.1091
-0.4558	-0.0129	0.4560	-3.1132
-0.4539	-0.0108	0.4540	-3.1178
-0.4519	-0.0089	0.4520	-3.1219
-0.4499	-0.0071	0.4500	-3.1258
-0.4490	-0.0054	0.4490	-3.1295
-0.4470	-0.0032	0.4470	-3.1345
-0.4450	-0.0015	0.4450	-3.1382
-0.6180	-0.0033	0.6180	-3.1363
-0.6100	-0.0002	0.6100	-3.1413
-0.6511	-0.0948	0.6580	-2.9970
-0.6495	-0.0920	0.6560	-3.0008
-0.6499	-0.0894	0.6560	-3.0049
-0.6482	-0.0866	0.6540	-3.0087
-0.6486	-0.0840	0.6540	-3.0128
-0.6469	-0.0812	0.6520	-3.0167
-0.6472	-0.0786	0.6520	-3.0207
-0.6475	-0.0762	0.6520	-3.0245
-0.6459	-0.0733	0.6500	-3.0287
-0.7930	-0.0895	0.7980	-3.0292
-0.6461	-0.0708	0.6500	-3.0325
-0.7893	-0.0861	0.7940	-3.0330
-0.7878	-0.0819	0.7920	-3.0380
-0.7861	-0.0788	0.7900	-3.0417
-0.7844	-0.0756	0.7880	-3.0455
-0.7827	-0.0722	0.7860	-3.0496
-0.7790	-0.0688	0.7820	-3.0535
-0.7772	-0.0657	0.7800	-3.0573
-0.7775	-0.0625	0.7800	-3.0613
-0.7737	-0.0592	0.7760	-3.0652
-0.7720	-0.0561	0.7740	-3.0690
-0.7702	-0.0530	0.7720	-3.0729
-0.7684	-0.0498	0.7700	-3.0769
-0.7666	-0.0458	0.7680	-3.0819
-0.7648	-0.0429	0.7660	-3.0856
-0.7630	-0.0398	0.7640	-3.0894
-0.7611	-0.0366	0.7620	-3.0936
-0.7573	-0.0335	0.7580	-3.0974
-0.7574	-0.0306	0.7580	-3.1012
-0.7555	-0.0277	0.7560	-3.1050
-0.7536	-0.0245	0.7540	-3.1091
-0.7517	-0.0216	0.7520	-3.1129
-0.7498	-0.0186	0.7500	-3.1168
-0.7478	-0.0156	0.7480	-3.1208
-0.7459	-0.0127	0.7460	-3.1246
-0.7419	-0.0090	0.7420	-3.1295
-0.7420	-0.0061	0.7420	-3.1333
-0.7420	-0.0033	0.7420	-3.1372
-0.7380	-0.0002	0.7380	-3.1413
