x	y	r	phi
-0.6960	0.0026	0.6960	3.1379
-0.7000	0.0059	0.7000	3.1332
-0.7039	0.0086	0.7040	3.1293
-0.7079	0.0119	0.7080	3.1247
-0.7098	0.0155	0.7100	3.1198
-0.7138	0.0188	0.7140	3.1152
-0.7177	0.0223	0.7180	3.1105
-0.7215	0.0260	0.7220	3.1056
-0.7234	0.0286	0.7240	3.1021
-0.7273	0.0323	0.7280	3.0972
-0.7311	0.0359	0.7320	3.0925
-0.7349	0.0397	0.7360	3.0876
-0.7387	0.0433	0.7400	3.0830
-0.7425	0.0470	0.7440	3.0784
-0.7463	0.0501	0.7480	3.0746
-0.7501	0.0539	0.7520	3.0699
-0.7538	0.0579	0.7560	3.0650
-0.7575	0.0616	0.7600	3.0604
-0.7612	0.0657	0.7640	3.0555
-0.7628	0.0695	0.7660	3.0508
-0.7685	0.0729	0.7720	3.0470
-0.7722	0.0769	0.7760	3.0424
-0.7758	0.0808	0.7800	3.0378
-0.7794	0.0851	0.7840	3.0329
-0.7829	0.0892	0.7880	3.0282
-0.7885	0.0929	0.7940	3.0243
-0.7941	0.0972	0.8000	3.0197
-0.7956	0.1014	0.8020	3.0148
-0.7990	0.1056	0.8060	3.0101
-0.8065	0.1104	0.8140	3.0055
-0.8120	0.1143	0.8200	3.0017
-0.8154	0.1186	0.8240	2.9971
-0.8188	0.1232	0.8280	2.9922
-0.8221	0.1277	0.8320	2.9875
-0.8274	0.1326	0.8380	2.9826
-0.8327	0.1374	0.8440	2.9780
-0.8381	0.1416	0.8500	2.9742
-0.8434	0.1465	0.8560	2.9696
-0.8486	0.1515	0.8620	2.9649
-0.8537	0.1568	0.8680	2.9600
-0.8589	0.1618	0.8740	2.9554
-0.8642	0.1662	0.8800	2.9516
-0.8673	0.1710	0.8840	2.9470
-0.8723	0.1765	0.8900	2.9420
-0.8793	0.1821	0.8980	2.9374
-0.8844	0.1874	0.9040	2.9328
-0.8915	0.1925	0.9120	2.9289
-0.8964	0.1981	0.9180	2.9241
-0.8974	0.2028	0.9200	2.9194
-0.9042	0.2087	0.9280	2.9148
-0.9129	0.2154	0.9380	2.9099
-0.9177	0.2211	0.9440	2.9052
-0.9247	0.2264	0.9520	2.9014
-0.9294	0.2322	0.9580	2.8967
-0.9380	0.2393	0.9680	2.8918
-0.9427	0.2451	0.9740	2.8872
-0.9492	0.2516	0.9820	2.8825
-0.9579	0.2578	0.9920	2.8787
-0.9625	0.2638	0.9980	2.8741
-0.1644	0.4817	0.5090	1.8997
-0.1603	0.4768	0.5030	1.8951
-0.1560	0.4729	0.4980	1.8894
-0.1518	0.4680	0.4920	1.8845
-0.1476	0.4641	0.4870	1.8787
-0.1435	0.4602	0.4820	1.8730
-0.1399	0.4560	0.4770	1.8684
-0.1366	0.4529	0.4730	1.8637
-0.1326	0.4488	0.4680	1.8580
-0.1286	0.4448	0.4630	1.8523
-0.1252	0.4406	0.4580	1.8477
-0.1216	0.4374	0.4540	1.8419
-0.1184	0.4341	0.4500	1.8370
-0.1146	0.4300	0.4450	1.8313
-0.1116	0.4266	0.4410	1.8267
-0.1082	0.4234	0.4370	1.8209
-0.1052	0.4200	0.4330	1.8162
-0.1019	0.4167	0.4290	1.8106
-0.0990	0.4133	0.4250	1.8059
-0.0960	0.4109	0.4220	1.8002
-0.0930	0.4075	0.4180	1.7952
-0.0901	0.4051	0.4150	1.7896
-0.0873	0.4016	0.4110	1.7849
-0.0844	0.3992	0.4080	1.7792
-0.0819	0.3966	0.4050	1.7745
-0.0789	0.3932	0.4010	1.7689
-0.0765	0.3906	0.3980	1.7642
-0.0737	0.3881	0.3950	1.7584
-0.0712	0.3855	0.3920	1.7535
-0.0685	0.3829	0.3890	1.7479
-0.0661	0.3803	0.3860	1.7429
-0.0635	0.3777	0.3830	1.7372
-0.0611	0.3751	0.3800	1.7322
-0.0585	0.3724	0.3770	1.7266
-0.0563	0.3707	0.3750	1.7216
-0.0538	0.3681	0.3720	1.7159
-0.0516	0.3654	0.3690	1.7111
-0.0492	0.3637	0.3670	1.7053
-0.0472	0.3619	0.3650	1.7004
-0.0451	0.3592	0.3620	1.6957
-0.0427	0.3575	0.3600	1.6898
-0.0407	0.3547	0.3570	1.6851
-0.0384	0.3529	0.3550	1.6791
-0.0364	0.3501	0.3520	1.6744
-0.0341	0.3483	0.3500	1.6685
-0.0323	0.3465	0.3480	1.6638
-0.0301	0.3447	0.3460	1.6578
-0.0283	0.3428	0.3440	1.6532
-0.0260	0.3400	0.3410	1.6472
-0.0243	0.3381	0.3390	1.6426
-0.0225	0.3362	0.3370	1.6376
-0.0205	0.3354	0.3360	1.6320
-0.0188	0.3335	0.3340	1.6270
-0.0168	0.3316	0.3320	1.6213
-0.0151	0.3297	0.3300	1.6164
-0.0133	0.3277	0.3280	1.6114
-0.0114	0.3258	0.3260	1.6058
-0.0097	0.3239	0.3240	1.6008
-0.0078	0.3219	0.3220	1.5951
-0.0062	0.3209	0.3210	1.5902
-0.0044	0.3190	0.3190	1.5845
-0.0028	0.3180	0.3180	1.5796
-0.0012	0.3160	0.3160	1.5746
0.0006	0.3140	0.3140	1.5690
0.0021	0.3130	0.3130	1.5640
0.0039	0.3110	0.3110	1.5583
0.0054	0.3100	0.3100	1.5533
0.0068	0.3079	0.3080	1.5487
0.0086	0.3059	0.3060	1.5428
0.0100	0.3048	0.3050	1.5381
0.0114	0.3038	0.3040	1.5332
0.0131	0.3017	0.3020	1.5275
0.0145	0.3007	0.3010	1.5226
0.0161	0.2986	0.2990	1.5168
0.0175	0.2975	0.2980	1.5119
0.0189	0.2964	0.2970	1.5070
0.0205	0.2943	0.2950	1.5013
0.0219	0.2932	0.2940	1.4964
0.0231	0.2921	0.2930	1.4918
0.0247	0.2899	0.2910	1.4858
0.0260	0.2888	0.2900	1.4812
0.0276	0.2877	0.2890	1.4751
0.0288	0.2866	0.2880	1.4705
0.0300	0.2844	0.2860	1.4656
0.0315	0.2832	0.2850	1.4599
0.0328	0.2821	0.2840	1.4550
0.0341	0.2809	0.2830	1.4500
0.0356	0.2797	0.2820	1.4443
0.0368	0.2786	0.2810	1.4394
0.0381	0.2774	0.2800	1.4345
0.0395	0.2762	0.2790	1.4288
0.0406	0.2740	0.2770	1.4238
0.0420	0.2728	0.2760	1.4182
0.0433	0.2726	0.2760	1.4132
0.0444	0.2714	0.2750	1.4086
0.0456	0.2702	0.2740	1.4037
0.0470	0.2689	0.2730	1.3979
0.0481	0.2677	0.2720	1.3930
0.0492	0.2665	0.2710	1.3882
0.0506	0.2652	0.2700	1.3824
0.0517	0.2640	0.2690	1.3775
0.0527	0.2628	0.2680	1.3728
0.0541	0.2615	0.2670	1.3669
0.0551	0.2602	0.2660	1.3622
0.0562	0.2590	0.2650	1.3573
0.0575	0.2577	0.2640	1.3513
0.0587	0.2574	0.2640	1.3466
0.0597	0.2561	0.2630	1.3418
0.0607	0.2549	0.2620	1.3369
0.0620	0.2535	0.2610	1.3311
0.0630	0.2523	0.2600	1.3262
0.0639	0.2510	0.2590	1.3216
0.0651	0.2496	0.2580	1.3156
0.0660	0.2484	0.2570	1.3110
0.0673	0.2470	0.2560	1.3049
0.0684	0.2467	0.2560	1.3003
0.0693	0.2454	0.2550	1.2954
0.0703	0.2441	0.2540	1.2905
0.0715	0.2437	0.2540	1.2856
0.0726	0.2424	0.2530	1.2798
0.0735	0.2411	0.2520	1.2749
0.0746	0.2407	0.2520	1.2703
0.0755	0.2394	0.2510	1.2654
0.0765	0.2380	0.2500	1.2597
0.0777	0.2376	0.2500	1.2548
0.0785	0.2363	0.2490	1.2501
0.0796	0.2359	0.2490	1.2452
0.0807	0.2345	0.2480	1.2395
0.0815	0.2332	0.2470	1.2346
0.0822	0.2318	0.2460	1.2300
0.0834	0.2314	0.2460	1.2251
0.0843	0.2300	0.2450	1.2193
0.0854	0.2296	0.2450	1.2147
0.0862	0.2283	0.2440	1.2097
0.0872	0.2279	0.2440	1.2051
0.0882	0.2264	0.2430	1.1994
0.0889	0.2251	0.2420	1.1945
0.0899	0.2236	0.2410	1.1887
0.0909	0.2232	0.2410	1.1841
0.0920	0.2228	0.2410	1.1792
0.0926	0.2214	0.2400	1.1746
0.0937	0.2209	0.2400	1.1697
0.0943	0.2196	0.2390	1.1651
0.0954	0.2191	0.2390	1.1602
0.0963	0.2177	0.2380	1.1544
0.0973	0.2172	0.2380	1.1498
0.0983	0.2167	0.2380	1.1448
0.0993	0.2163	0.2380	1.1402
0.1000	0.2149	0.2370	1.1353
0.1008	0.2134	0.2360	1.1296
0.1014	0.2120	0.2350	1.1247
0.1022	0.2105	0.2340	1.1189
0.1031	0.2100	0.2340	1.1143
0.1042	0.2095	0.2340	1.1095
0.1051	0.2090	0.2340	1.1048
0.1057	0.2076	0.2330	1.0999
0.1067	0.2071	0.2330	1.0953
0.1077	0.2066	0.2330	1.0904
0.1087	0.2061	0.2330	1.0857
0.1092	0.2047	0.2320	1.0808
0.1101	0.2042	0.2320	1.0762
0.1108	0.2027	0.2310	1.0704
0.1118	0.2021	0.2310	1.0655
0.1128	0.2016	0.2310	1.0608
0.1133	0.2002	0.2300	1.0560
0.1142	0.1997	0.2300	1.0514
0.1148	0.1981	0.2290	1.0456
0.1158	0.1976	0.2290	1.0407
0.1162	0.1962	0.2280	1.0361
0.1172	0.1956	0.2280	1.0311
0.1181	0.1951	0.2280	1.0265
0.1190	0.1945	0.2280	1.0216
0.1199	0.1939	0.2280	1.0169
0.1209	0.1933	0.2280	1.0120
0.1214	0.1918	0.2270	1.0063
0.1223	0.1912	0.2270	1.0017
0.1233	0.1906	0.2270	0.9968
0.1241	0.1901	0.2270	0.9922
0.1251	0.1894	0.2270	0.9872
0.1254	0.1880	0.2260	0.9826
0.1263	0.1874	0.2260	0.9777
0.1272	0.1868	0.2260	0.9730
0.1277	0.1852	0.2250	0.9671
0.1280	0.1838	0.2240	0.9625
0.1289	0.1832	0.2240	0.9575
0.1298	0.1826	0.2240	0.9529
0.1307	0.1819	0.2240	0.9480
0.1315	0.1813	0.2240	0.9433
0.1324	0.1807	0.2240	0.9384
0.1332	0.1801	0.2240	0.9338
0.1341	0.1794	0.2240	0.9289
0.1345	0.1778	0.2230	0.9232
0.1354	0.1772	0.2230	0.9186
0.1362	0.1765	0.2230	0.9136
0.1370	0.1759	0.2230	0.9090
0.1379	0.1752	0.2230	0.9041
0.1387	0.1746	0.2230	0.8994
0.1396	0.1739	0.2230	0.8945
0.1397	0.1725	0.2220	0.8899
0.1406	0.1718	0.2220	0.8850
0.1414	0.1711	0.2220	0.8803
0.1422	0.1705	0.2220	0.8754
0.1430	0.1698	0.2220	0.8708
0.1438	0.1691	0.2220	0.8659
0.1446	0.1684	0.2220	0.8612
0.1455	0.1677	0.2220	0.8563
0.1462	0.1670	0.2220	0.8517
0.1471	0.1663	0.2220	0.8468
0.1478	0.1656	0.2220	0.8422
0.1486	0.1649	0.2220	0.8373
0.1494	0.1642	0.2220	0.8327
0.1502	0.1635	0.2220	0.8277
0.1510	0.1628	0.2220	0.8231
0.1517	0.1620	0.2220	0.8182
0.1525	0.1613	0.2220	0.8135
0.1533	0.1606	0.2220	0.8086
0.1540	0.1599	0.2220	0.8040
0.1548	0.1591	0.2220	0.7991
0.1556	0.1584	0.2220	0.7944
0.1563	0.1576	0.2220	0.7895
0.1571	0.1569	0.2220	0.7849
0.1578	0.1561	0.2220	0.7800
0.1585	0.1554	0.2220	0.7753
0.1593	0.1546	0.2220	0.7704
0.1601	0.1538	0.2220	0.7656
0.1608	0.1531	0.2220	0.7609
0.1615	0.1523	0.2220	0.7560
0.1622	0.1515	0.2220	0.7514
0.1630	0.1508	0.2220	0.7465
0.1637	0.1500	0.2220	0.7416
0.1644	0.1492	0.2220	0.7369
0.1651	0.1484	0.2220	0.7320
0.1658	0.1476	0.2220	0.7274
0.1665	0.1468	0.2220	0.7224
0.1673	0.1460	0.2220	0.7175
0.1679	0.1452	0.2220	0.7129
0.1680	0.1436	0.2210	0.7072
0.1687	0.1428	0.2210	0.7023
0.1694	0.1419	0.2210	0.6974
0.1707	0.1419	0.2220	0.6936
0.1714	0.1411	0.2220	0.6889
0.1721	0.1403	0.2220	0.6840
0.1727	0.1395	0.2220	0.6794
0.1734	0.1386	0.2220	0.6745
0.1741	0.1378	0.2220	0.6696
0.1747	0.1370	0.2220	0.6649
0.1754	0.1361	0.2220	0.6600
0.1768	0.1359	0.2230	0.6554
0.1775	0.1350	0.2230	0.6504
0.1781	0.1342	0.2230	0.6455
0.1787	0.1333	0.2230	0.6409
0.1794	0.1325	0.2230	0.6360
0.1800	0.1316	0.2230	0.6313
0.1807	0.1307	0.2230	0.6264
0.1813	0.1299	0.2230	0.6215
0.1826	0.1297	0.2240	0.6177
0.1832	0.1289	0.2240	0.6131
0.1838	0.1280	0.2240	0.6082
0.1845	0.1271	0.2240	0.6032
0.1850	0.1262	0.2240	0.5986
0.1857	0.1253	0.2240	0.5937
0.1871	0.1250	0.2250	0.5890
0.1877	0.1241	0.2250	0.5842
0.1883	0.1232	0.2250	0.5793
0.1889	0.1223	0.2250	0.5747
0.1895	0.1214	0.2250	0.5698
0.1908	0.1212	0.2260	0.5659
0.1913	0.1203	0.2260	0.5612
0.1919	0.1193	0.2260	0.5564
0.1925	0.1184	0.2260	0.5515
0.1930	0.1175	0.2260	0.5469
0.1936	0.1166	0.2260	0.5419
0.1942	0.1157	0.2260	0.5373
0.1956	0.1152	0.2270	0.5324
0.1961	0.1143	0.2270	0.5275
0.1967	0.1133	0.2270	0.5228
0.1972	0.1124	0.2270	0.5179
0.1985	0.1121	0.2280	0.5141
0.1990	0.1112	0.2280	0.5095
0.2005	0.1107	0.2290	0.5046
0.2010	0.1097	0.2290	0.4997
0.2023	0.1094	0.2300	0.4959
0.2028	0.1085	0.2300	0.4912
0.2033	0.1075	0.2300	0.4863
0.2038	0.1065	0.2300	0.4817
0.2052	0.1060	0.2310	0.4768
0.2058	0.1050	0.2310	0.4718
0.2054	0.1036	0.2300	0.4672
0.2068	0.1030	0.2310	0.4623
0.2080	0.1027	0.2320	0.4585
0.2094	0.1022	0.2330	0.4539
0.2099	0.1011	0.2330	0.4489
0.2104	0.1001	0.2330	0.4440
0.2109	0.0991	0.2330	0.4394
0.2113	0.0981	0.2330	0.4345
0.2127	0.0975	0.2340	0.4298
0.2132	0.0965	0.2340	0.4249
0.2145	0.0961	0.2350	0.4211
0.2159	0.0954	0.2360	0.4162
0.2163	0.0944	0.2360	0.4116
0.2168	0.0934	0.2360	0.4067
0.2172	0.0923	0.2360	0.4020
0.2185	0.0919	0.2370	0.3982
0.2189	0.0908	0.2370	0.3933
0.2203	0.0901	0.2380	0.3884
0.2207	0.0891	0.2380	0.3838
0.2211	0.0880	0.2380	0.3788
0.2224	0.0876	0.2390	0.3751
0.2228	0.0865	0.2390	0.3704
0.2241	0.0858	0.2400	0.3655
0.2246	0.0847	0.2400	0.3606
0.2259	0.0840	0.2410	0.3559
0.2263	0.0829	0.2410	0.3510
0.2276	0.0823	0.2420	0.3472
0.2280	0.0812	0.2420	0.3423
0.2293	0.0805	0.2430	0.3377
0.2297	0.0794	0.2430	0.3328
0.2309	0.0789	0.2440	0.3292
0.2313	0.0778	0.2440	0.3243
0.2326	0.0770	0.2450	0.3196
0.2329	0.0759	0.2450	0.3150
0.2342	0.0753	0.2460	0.3112
0.2345	0.0742	0.2460	0.3066
0.2358	0.0734	0.2470	0.3019
0.2362	0.0724	0.2470	0.2973
0.2375	0.0716	0.2480	0.2927
0.2378	0.0704	0.2480	0.2877
0.2390	0.0698	0.2490	0.2842
0.2403	0.0690	0.2500	0.2796
0.2406	0.0678	0.2500	0.2747
0.2418	0.0672	0.2510	0.2711
0.2422	0.0660	0.2510	0.2662
0.2434	0.0652	0.2520	0.2615
0.2447	0.0643	0.2530	0.2569
0.2450	0.0632	0.2530	0.2523
0.2462	0.0625	0.2540	0.2485
0.2465	0.0613	0.2540	0.2438
0.2477	0.0604	0.2550	0.2392
0.2490	0.0595	0.2560	0.2346
0.2493	0.0583	0.2560	0.2297
0.2505	0.0576	0.2570	0.2262
0.2517	0.0567	0.2580	0.2215
0.2520	0.0554	0.2580	0.2166
0.2531	0.0548	0.2590	0.2130
0.2544	0.0538	0.2600	0.2084
0.2556	0.0527	0.2610	0.2034
0.2559	0.0516	0.2610	0.1988
0.2570	0.0508	0.2620	0.1953
0.2582	0.0498	0.2630	0.1904
0.2595	0.0488	0.2640	0.1858
0.2597	0.0476	0.2640	0.1811
0.2608	0.0467	0.2650	0.1773
0.2620	0.0457	0.2660	0.1727
0.2632	0.0447	0.2670	0.1681
0.2634	0.0434	0.2670	0.1634
0.2646	0.0426	0.2680	0.1595
0.2658	0.0415	0.2690	0.1549
0.2670	0.0404	0.2700	0.1503
0.2681	0.0396	0.2710	0.1465
0.2683	0.0383	0.2710	0.1419
0.2694	0.0372	0.2720	0.1372
0.2706	0.0360	0.2730	0.1323
0.2717	0.0352	0.2740	0.1288
0.2729	0.0341	0.2750	0.1242
0.2740	0.0328	0.2760	0.1193
0.2751	0.0320	0.2770	0.1157
0.2753	0.0307	0.2770	0.1110
0.2774	0.0296	0.2790	0.1061
0.2785	0.0287	0.2800	0.1026
0.2797	0.0275	0.2810	0.0980
0.2798	0.0261	0.2810	0.0930
0.2809	0.0249	0.2820	0.0884
0.2820	0.0240	0.2830	0.0848
0.2831	0.0227	0.2840	0.0800
0.2842	0.0215	0.2850	0.0754
0.2853	0.0204	0.2860	0.0715
0.2864	0.0192	0.2870	0.0668
0.2874	0.0179	0.2880	0.0622
0.2895	0.0169	0.2900	0.0584
0.2906	0.0156	0.2910	0.0538
0.2916	0.0143	0.2920	0.0491
0.2927	0.0133	0.2930	0.0453
0.2938	0.0119	0.2940	0.0407
0.2948	0.0106	0.2950	0.0360
0.2959	0.0093	0.2960	0.0314
0.2969	0.0082	0.2970	0.0276
0.2989	0.0069	0.2990	0.0229
0.2999	0.0058	0.3000	0.0192
0.3010	0.0044	0.3010	0.0145
0.3020	0.0030	0.3020	0.0099
0.3040	0.0018	0.3040	0.0060
0.3050	0.0004	0.3050	0.0014
0.3060	-0.0010	0.3060	-0.0033
0.3070	-0.0024	0.3070	-0.0079
0.3090	-0.0036	0.3090	-0.0117
0.3100	-0.0051	0.3100	-0.0163
0.3119	-0.0063	0.3120	-0.0201
0.3129	-0.0077	0.3130	-0.0247
0.3138	-0.0122	0.3140	-0.0389
0.3196	-0.0299	0.3210	-0.0932
0.3164	-0.0314	0.3180	-0.0989
0.3133	-0.0330	0.3150	-0.1050
0.3121	-0.0343	0.3140	-0.1096
0.3100	-0.0356	0.3120	-0.1145
0.3088	-0.0373	0.3110	-0.1202
0.3076	-0.0387	0.3100	-0.1251
0.3054	-0.0399	0.3080	-0.1300
0.3042	-0.0415	0.3070	-0.1358
0.3030	-0.0429	0.3060	-0.1406
0.3018	-0.0442	0.3050	-0.1455
0.3006	-0.0455	0.3040	-0.1502
0.2993	-0.0471	0.3030	-0.1562
0.2981	-0.0484	0.3020	-0.1609
0.2959	-0.0495	0.3000	-0.1658
0.2946	-0.0510	0.2990	-0.1715
0.2934	-0.0523	0.2980	-0.1764
0.2921	-0.0536	0.2970	-0.1813
0.2908	-0.0550	0.2960	-0.1870
0.2896	-0.0563	0.2950	-0.1919
0.2883	-0.0575	0.2940	-0.1968
0.2871	-0.0586	0.2930	-0.2015
0.2857	-0.0601	0.2920	-0.2075
0.2845	-0.0613	0.2910	-0.2121
0.2832	-0.0625	0.2900	-0.2171
0.2819	-0.0638	0.2890	-0.2227
0.2806	-0.0650	0.2880	-0.2277
0.2793	-0.0662	0.2870	-0.2326
0.2780	-0.0673	0.2860	-0.2375
0.2766	-0.0686	0.2850	-0.2432
0.2753	-0.0697	0.2840	-0.2481
0.2740	-0.0708	0.2830	-0.2527
0.2726	-0.0722	0.2820	-0.2588
0.2723	-0.0734	0.2820	-0.2634
0.2709	-0.0745	0.2810	-0.2683
0.2696	-0.0756	0.2800	-0.2732
0.2682	-0.0768	0.2790	-0.2789
0.2678	-0.0781	0.2790	-0.2839
0.2665	-0.0792	0.2780	-0.2888
0.2641	-0.0801	0.2760	-0.2945
0.2637	-0.0814	0.2760	-0.2994
0.2633	-0.0827	0.2760	-0.3043
0.2620	-0.0836	0.2750	-0.3089
0.2606	-0.0846	0.2740	-0.3138
0.2592	-0.0858	0.2730	-0.3195
0.2578	-0.0867	0.2720	-0.3244
0.2564	-0.0877	0.2710	-0.3294
0.2560	-0.0888	0.2710	-0.3340
0.2545	-0.0901	0.2700	-0.3401
0.2541	-0.0912	0.2700	-0.3447
0.2527	-0.0921	0.2690	-0.3496
0.2513	-0.0930	0.2680	-0.3544
0.2509	-0.0942	0.2680	-0.3593
0.2494	-0.0953	0.2670	-0.3651
0.2480	-0.0962	0.2660	-0.3700
0.2475	-0.0973	0.2660	-0.3747
0.2461	-0.0982	0.2650	-0.3796
0.2446	-0.0993	0.2640	-0.3856
0.2442	-0.1004	0.2640	-0.3902
0.2427	-0.1012	0.2630	-0.3951
0.2422	-0.1024	0.2630	-0.4000
0.2408	-0.1032	0.2620	-0.4047
0.2403	-0.1043	0.2620	-0.4096
0.2388	-0.1053	0.2610	-0.4153
0.2383	-0.1065	0.2610	-0.4202
0.2369	-0.1072	0.2600	-0.4251
0.2354	-0.1080	0.2590	-0.4300
0.2349	-0.1091	0.2590	-0.4347
0.2334	-0.1100	0.2580	-0.4406
0.2328	-0.1111	0.2580	-0.4452
0.2323	-0.1123	0.2580	-0.4502
0.2308	-0.1130	0.2570	-0.4551
0.2303	-0.1141	0.2570	-0.4600
0.2287	-0.1150	0.2560	-0.4658
0.2282	-0.1161	0.2560	-0.4706
0.2267	-0.1167	0.2550	-0.4752
0.2262	-0.1178	0.2550	-0.4802
0.2256	-0.1189	0.2550	-0.4851
0.2241	-0.1195	0.2540	-0.4900
0.2236	-0.1206	0.2540	-0.4946
0.2219	-0.1214	0.2530	-0.5007
0.2214	-0.1225	0.2530	-0.5053
0.2208	-0.1235	0.2530	-0.5101
0.2202	-0.1246	0.2530	-0.5151
0.2187	-0.1252	0.2520	-0.5200
0.2172	-0.1257	0.2510	-0.5246
0.2166	-0.1268	0.2510	-0.5295
0.2150	-0.1275	0.2500	-0.5353
0.2144	-0.1286	0.2500	-0.5402
0.2138	-0.1296	0.2500	-0.5451
0.2131	-0.1307	0.2500	-0.5500
0.2125	-0.1317	0.2500	-0.5546
0.2110	-0.1322	0.2490	-0.5595
0.2104	-0.1332	0.2490	-0.5645
0.2098	-0.1342	0.2490	-0.5691
0.2081	-0.1349	0.2480	-0.5751
0.2074	-0.1359	0.2480	-0.5800
0.2068	-0.1369	0.2480	-0.5846
0.2053	-0.1373	0.2470	-0.5892
0.2047	-0.1382	0.2470	-0.5939
0.2041	-0.1392	0.2470	-0.5985
0.2026	-0.1395	0.2460	-0.6031
0.2019	-0.1405	0.2460	-0.6081
0.2012	-0.1415	0.2460	-0.6127
0.2006	-0.1424	0.2460	-0.6173
0.1999	-0.1433	0.2460	-0.6220
0.1983	-0.1439	0.2450	-0.6277
0.1976	-0.1448	0.2450	-0.6324
0.1970	-0.1457	0.2450	-0.6370
0.1972	-0.1471	0.2460	-0.6408
0.1955	-0.1476	0.2450	-0.6466
0.1941	-0.1479	0.2440	-0.6512
0.1934	-0.1488	0.2440	-0.6558
0.1927	-0.1497	0.2440	-0.6605
0.1920	-0.1506	0.2440	-0.6654
0.1913	-0.1515	0.2440	-0.6700
0.1905	-0.1524	0.2440	-0.6747
0.1898	-0.1533	0.2440	-0.6793
0.1882	-0.1537	0.2430	-0.6850
0.1875	-0.1546	0.2430	-0.6896
0.1868	-0.1555	0.2430	-0.6942
0.1860	-0.1563	0.2430	-0.6989
0.1853	-0.1573	0.2430	-0.7038
0.1845	-0.1581	0.2430	-0.7084
0.1838	-0.1590	0.2430	-0.7131
0.1831	-0.1598	0.2430	-0.7177
0.1823	-0.1607	0.2430	-0.7223
0.1815	-0.1616	0.2430	-0.7273
0.1800	-0.1617	0.2420	-0.7319
0.1793	-0.1626	0.2420	-0.7365
0.1785	-0.1634	0.2420	-0.7412
0.1785	-0.1649	0.2430	-0.7458
0.1770	-0.1651	0.2420	-0.7507
0.1762	-0.1659	0.2420	-0.7554
0.1754	-0.1667	0.2420	-0.7600
0.1746	-0.1675	0.2420	-0.7646
0.1739	-0.1683	0.2420	-0.7693
0.1722	-0.1686	0.2410	-0.7749
0.1722	-0.1700	0.2420	-0.7788
0.1714	-0.1708	0.2420	-0.7835
0.1707	-0.1716	0.2420	-0.7881
0.1690	-0.1718	0.2410	-0.7938
0.1682	-0.1726	0.2410	-0.7984
0.1674	-0.1734	0.2410	-0.8030
0.1666	-0.1742	0.2410	-0.8077
0.1657	-0.1750	0.2410	-0.8126
0.1649	-0.1757	0.2410	-0.8172
0.1650	-0.1771	0.2420	-0.8208
0.1633	-0.1773	0.2410	-0.8265
0.1624	-0.1780	0.2410	-0.8311
0.1616	-0.1788	0.2410	-0.8358
0.1607	-0.1796	0.2410	-0.8407
0.1608	-0.1809	0.2420	-0.8443
0.1599	-0.1816	0.2420	-0.8489
0.1597	-0.1832	0.2430	-0.8538
0.1582	-0.1832	0.2420	-0.8585
0.1573	-0.1839	0.2420	-0.8631
0.1565	-0.1846	0.2420	-0.8678
0.1556	-0.1853	0.2420	-0.8724
0.1547	-0.1861	0.2420	-0.8772
0.1538	-0.1868	0.2420	-0.8818
0.1530	-0.1875	0.2420	-0.8865
0.1521	-0.1882	0.2420	-0.8911
0.1518	-0.1897	0.2430	-0.8958
0.1509	-0.1905	0.2430	-0.9007
0.1500	-0.1912	0.2430	-0.9053
0.1492	-0.1918	0.2430	-0.9099
0.1482	-0.1925	0.2430	-0.9146
0.1474	-0.1932	0.2430	-0.9192
0.1465	-0.1939	0.2430	-0.9238
0.1463	-0.1953	0.2440	-0.9277
0.1446	-0.1953	0.2430	-0.9334
0.1445	-0.1966	0.2440	-0.9370
0.1435	-0.1973	0.2440	-0.9419
0.1426	-0.1980	0.2440	-0.9466
0.1409	-0.1980	0.2430	-0.9522
0.1408	-0.1993	0.2440	-0.9558
0.1398	-0.1999	0.2440	-0.9605
0.1389	-0.2006	0.2440	-0.9654
0.1379	-0.2013	0.2440	-0.9700
0.1376	-0.2027	0.2450	-0.9747
0.1366	-0.2034	0.2450	-0.9793
0.1357	-0.2040	0.2450	-0.9839
0.1347	-0.2047	0.2450	-0.9887
0.1345	-0.2060	0.2460	-0.9923
0.1335	-0.2066	0.2460	-0.9970
0.1326	-0.2072	0.2460	-1.0016
0.1316	-0.2079	0.2460	-1.0065
0.1306	-0.2085	0.2460	-1.0112
0.1302	-0.2099	0.2470	-1.0158
0.1292	-0.2105	0.2470	-1.0204
0.1287	-0.2120	0.2480	-1.0251
0.1277	-0.2126	0.2480	-1.0300
0.1267	-0.2132	0.2480	-1.0346
0.1256	-0.2138	0.2480	-1.0396
0.1246	-0.2144	0.2480	-1.0444
0.1235	-0.2150	0.2480	-1.0493
0.1232	-0.2164	0.2490	-1.0532
0.1221	-0.2170	0.2490	-1.0581
0.1211	-0.2175	0.2490	-1.0627
0.1205	-0.2190	0.2500	-1.0677
0.1195	-0.2196	0.2500	-1.0725
0.1184	-0.2202	0.2500	-1.0774
0.1180	-0.2215	0.2510	-1.0813
0.1169	-0.2221	0.2510	-1.0862
0.1159	-0.2226	0.2510	-1.0908
0.1153	-0.2241	0.2520	-1.0956
0.1142	-0.2247	0.2520	-1.1006
0.1131	-0.2252	0.2520	-1.1055
0.1125	-0.2266	0.2530	-1.1101
0.1114	-0.2272	0.2530	-1.1150
0.1102	-0.2277	0.2530	-1.1200
0.1098	-0.2290	0.2540	-1.1237
0.1087	-0.2296	0.2540	-1.1287
0.1075	-0.2301	0.2540	-1.1336
0.1069	-0.2315	0.2550	-1.1382
0.1058	-0.2320	0.2550	-1.1431
0.1050	-0.2335	0.2560	-1.1481
0.1039	-0.2340	0.2560	-1.1530
0.1034	-0.2353	0.2570	-1.1568
0.1023	-0.2358	0.2570	-1.1614
0.1011	-0.2363	0.2570	-1.1663
0.1004	-0.2377	0.2580	-1.1712
0.0992	-0.2382	0.2580	-1.1762
0.0981	-0.2386	0.2580	-1.1808
0.0975	-0.2400	0.2590	-1.1849
0.0964	-0.2404	0.2590	-1.1895
0.0956	-0.2418	0.2600	-1.1944
0.0944	-0.2423	0.2600	-1.1993
0.0935	-0.2437	0.2610	-1.2043
0.0930	-0.2449	0.2620	-1.2080
0.0918	-0.2454	0.2620	-1.2130
0.0906	-0.2458	0.2620	-1.2176
0.0898	-0.2472	0.2630	-1.2225
0.0886	-0.2476	0.2630	-1.2274
0.0877	-0.2490	0.2640	-1.2324
0.0865	-0.2494	0.2640	-1.2370
0.0858	-0.2507	0.2650	-1.2411
0.0850	-0.2521	0.2660	-1.2457
0.0837	-0.2525	0.2660	-1.2506
0.0828	-0.2538	0.2670	-1.2555
0.0815	-0.2542	0.2670	-1.2605
0.0809	-0.2555	0.2680	-1.2642
0.0796	-0.2559	0.2680	-1.2692
0.0787	-0.2572	0.2690	-1.2738
0.0775	-0.2576	0.2690	-1.2787
0.0765	-0.2589	0.2700	-1.2836
0.0752	-0.2593	0.2700	-1.2885
0.0745	-0.2606	0.2710	-1.2923
0.0735	-0.2619	0.2720	-1.2973
0.0725	-0.2632	0.2730	-1.3019
0.0712	-0.2635	0.2730	-1.3068
0.0705	-0.2648	0.2740	-1.3106
0.0692	-0.2651	0.2740	-1.3155
0.0681	-0.2664	0.2750	-1.3204
0.0671	-0.2677	0.2760	-1.3251
0.0658	-0.2680	0.2760	-1.3300
0.0650	-0.2693	0.2770	-1.3338
0.0639	-0.2705	0.2780	-1.3387
0.0629	-0.2718	0.2790	-1.3436
0.0620	-0.2730	0.2800	-1.3474
0.0607	-0.2733	0.2800	-1.3523
0.0596	-0.2746	0.2810	-1.3572
0.0583	-0.2749	0.2810	-1.3619
0.0571	-0.2762	0.2820	-1.3668
0.0563	-0.2773	0.2830	-1.3706
0.0551	-0.2786	0.2840	-1.3755
0.0537	-0.2789	0.2840	-1.3804
0.0526	-0.2801	0.2850	-1.3853
0.0517	-0.2813	0.2860	-1.3891
0.0505	-0.2825	0.2870	-1.3940
0.0491	-0.2828	0.2870	-1.3987
0.0479	-0.2840	0.2880	-1.4036
0.0467	-0.2852	0.2890	-1.4085
0.0458	-0.2864	0.2900	-1.4123
0.0445	-0.2876	0.2910	-1.4172
0.0433	-0.2888	0.2920	-1.4218
0.0423	-0.2899	0.2930	-1.4259
0.0411	-0.2911	0.2940	-1.4305
0.0398	-0.2923	0.2950	-1.4355
0.0385	-0.2935	0.2960	-1.4404
0.0375	-0.2946	0.2970	-1.4442
0.0360	-0.2948	0.2970	-1.4491
0.0347	-0.2960	0.2980	-1.4540
0.0335	-0.2971	0.2990	-1.4586
0.0324	-0.2983	0.3000	-1.4627
0.0311	-0.2994	0.3010	-1.4673
0.0297	-0.3005	0.3020	-1.4723
0.0283	-0.3017	0.3030	-1.4772
0.0272	-0.3028	0.3040	-1.4811
0.0260	-0.3049	0.3060	-1.4857
0.0247	-0.3060	0.3070	-1.4903
0.0233	-0.3061	0.3070	-1.4950
0.0222	-0.3072	0.3080	-1.4988
0.0209	-0.3093	0.3100	-1.5034
0.0194	-0.3104	0.3110	-1.5083
0.0184	-0.3115	0.3120	-1.5118
0.0169	-0.3125	0.3130	-1.5167
0.0155	-0.3136	0.3140	-1.5214
0.0141	-0.3147	0.3150	-1.5260
0.0129	-0.3157	0.3160	-1.5299
0.0116	-0.3178	0.3180	-1.5345
0.0101	-0.3188	0.3190	-1.5392
0.0089	-0.3199	0.3200	-1.5429
0.0074	-0.3209	0.3210	-1.5476
0.0059	-0.3229	0.3230	-1.5525
0.0048	-0.3240	0.3240	-1.5560
0.0033	-0.3250	0.3250	-1.5606
0.0017	-0.3260	0.3260	-1.5655
0.0006	-0.3280	0.3280	-1.5691
-0.0011	-0.3290	0.3290	-1.5741
-0.0026	-0.3310	0.3310	-1.5787
-0.0041	-0.3320	0.3320	-1.5833
-0.0054	-0.3340	0.3340	-1.5871
-0.0070	-0.3349	0.3350	-1.5918
-0.0086	-0.3359	0.3360	-1.5964
-0.0099	-0.3379	0.3380	-1.6002
-0.0115	-0.3388	0.3390	-1.6048
-0.0133	-0.3407	0.3410	-1.6097
-0.0146	-0.3427	0.3430	-1.6133
-0.0163	-0.3436	0.3440	-1.6182
-0.0180	-0.3455	0.3460	-1.6229
-0.0194	-0.3465	0.3470	-1.6267
-0.0211	-0.3484	0.3490	-1.6313
-0.0228	-0.3503	0.3510	-1.6359
-0.0243	-0.3522	0.3530	-1.6397
-0.0260	-0.3530	0.3540	-1.6444
-0.0278	-0.3549	0.3560	-1.6490
-0.0293	-0.3568	0.3580	-1.6529
-0.0312	-0.3586	0.3600	-1.6575
-0.0330	-0.3595	0.3610	-1.6624
-0.0345	-0.3614	0.3630	-1.6659
-0.0364	-0.3632	0.3650	-1.6708
-0.0384	-0.3650	0.3670	-1.6755
-0.0399	-0.3668	0.3690	-1.6790
-0.0419	-0.3686	0.3710	-1.6839
-0.0434	-0.3705	0.3730	-1.6875
-0.0455	-0.3722	0.3750	-1.6924
-0.0474	-0.3740	0.3770	-1.6970
-0.0491	-0.3758	0.3790	-1.7008
-0.0513	-0.3785	0.3820	-1.7055
-0.0533	-0.3803	0.3840	-1.7101
-0.0551	-0.3821	0.3860	-1.7139
-0.0571	-0.3838	0.3880	-1.7185
-0.0592	-0.3855	0.3900	-1.7232
-0.0611	-0.3882	0.3930	-1.7270
-0.0633	-0.3899	0.3950	-1.7317
-0.0651	-0.3916	0.3970	-1.7355
-0.0674	-0.3943	0.4000	-1.7401
-0.0697	-0.3959	0.4020	-1.7450
-0.0716	-0.3986	0.4050	-1.7485
-0.0739	-0.4002	0.4070	-1.7534
-0.0759	-0.4029	0.4100	-1.7570
-0.0782	-0.4045	0.4120	-1.7619
-0.0807	-0.4071	0.4150	-1.7666
-0.0828	-0.4097	0.4180	-1.7701
-0.0852	-0.4113	0.4200	-1.7750
-0.0877	-0.4138	0.4230	-1.7796
-0.0899	-0.4164	0.4260	-1.7834
-0.0925	-0.4189	0.4290	-1.7881
-0.0947	-0.4215	0.4320	-1.7919
-0.0974	-0.4240	0.4350	-1.7966
-0.1000	-0.4264	0.4380	-1.8012
-0.1023	-0.4290	0.4410	-1.8050
-0.1050	-0.4314	0.4440	-1.8096
-0.1075	-0.4328	0.4460	-1.8143
-0.1101	-0.4363	0.4500	-1.8181
-0.1129	-0.4387	0.4530	-1.8228
-0.1156	-0.4421	0.4570	-1.8266
-0.1184	-0.4445	0.4600	-1.8312
-0.1214	-0.4468	0.4630	-1.8361
-0.1240	-0.4502	0.4670	-1.8396
-0.1273	-0.4535	0.4710	-1.8445
-0.1297	-0.4559	0.4740	-1.8481
-0.1330	-0.4591	0.4780	-1.8528
-0.1361	-0.4613	0.4810	-1.8577
-0.1389	-0.4647	0.4850	-1.8612
-0.1423	-0.4678	0.4890	-1.8661
-0.1451	-0.4711	0.4930	-1.8696
-0.1486	-0.4743	0.4970	-1.8745
-0.1521	-0.4774	0.5010	-1.8792
-0.1548	-0.4796	0.5040	-1.8830
-0.1583	-0.4827	0.5080	-1.8877
-0.1618	-0.4858	0.5120	-1.8923
-0.1649	-0.4889	0.5160	-1.8961
-0.1691	-0.4939	0.5220	-1.9007
-0.1723	-0.4970	0.5260	-1.9045
-0.1761	-0.4999	0.5300	-1.9094
-0.1966	-0.5051	0.5420	-1.9419
-0.1982	-0.5023	0.5400	-1.9465
-0.1999	-0.4995	0.5380	-1.9514
-0.2022	-0.4986	0.5380	-1.9561
-0.2039	-0.4957	0.5360	-1.9610
-0.2062	-0.4948	0.5360	-1.9656
-0.2086	-0.4938	0.5360	-1.9705
-0.2106	-0.4907	0.5340	-1.9762
-0.2130	-0.4897	0.5340	-1.9811
-0.2145	-0.4868	0.5320	-1.9858
-0.2169	-0.4858	0.5320	-1.9907
-0.2183	-0.4830	0.5300	-1.9953
-0.2207	-0.4819	0.5300	-2.0003
-0.2229	-0.4808	0.5300	-2.0049
-0.2244	-0.4779	0.5280	-2.0098
-0.2258	-0.4751	0.5260	-2.0144
-0.2281	-0.4740	0.5260	-2.0194
-0.2303	-0.4729	0.5260	-2.0240
-0.2326	-0.4718	0.5260	-2.0289
-0.2348	-0.4707	0.5260	-2.0336
-0.2362	-0.4677	0.5240	-2.0385
-0.2380	-0.4646	0.5220	-2.0441
-0.2403	-0.4634	0.5220	-2.0491
-0.2424	-0.4623	0.5220	-2.0537
-0.2437	-0.4593	0.5200	-2.0586
-0.2459	-0.4582	0.5200	-2.0633
-0.2481	-0.4570	0.5200	-2.0682
-0.2492	-0.4541	0.5180	-2.0728
-0.2515	-0.4529	0.5180	-2.0777
-0.2536	-0.4517	0.5180	-2.0824
-0.2558	-0.4504	0.5180	-2.0873
-0.2569	-0.4475	0.5160	-2.0919
-0.2581	-0.4445	0.5140	-2.0968
-0.2611	-0.4450	0.5160	-2.1015
-0.2633	-0.4438	0.5160	-2.1063
-0.2643	-0.4408	0.5140	-2.1109
-0.2658	-0.4376	0.5120	-2.1167
-0.2680	-0.4363	0.5120	-2.1216
-0.2700	-0.4350	0.5120	-2.1263
-0.2721	-0.4337	0.5120	-2.1312
-0.2743	-0.4324	0.5120	-2.1361
-0.2762	-0.4311	0.5120	-2.1407
-0.2773	-0.4280	0.5100	-2.1457
-0.2787	-0.4259	0.5090	-2.1503
-0.2813	-0.4254	0.5100	-2.1551
-0.2828	-0.4232	0.5090	-2.1598
-0.2843	-0.4210	0.5080	-2.1647
-0.2862	-0.4197	0.5080	-2.1693
-0.2883	-0.4183	0.5080	-2.1742
-0.2902	-0.4169	0.5080	-2.1789
-0.2917	-0.4147	0.5070	-2.1838
-0.2930	-0.4125	0.5060	-2.1884
-0.2956	-0.4119	0.5070	-2.1933
-0.2976	-0.4105	0.5070	-2.1980
-0.2990	-0.4082	0.5060	-2.2029
-0.3002	-0.4061	0.5050	-2.2075
-0.3028	-0.4054	0.5060	-2.2124
-0.3047	-0.4040	0.5060	-2.2171
-0.3055	-0.4009	0.5040	-2.2220
-0.3073	-0.3995	0.5040	-2.2266
-0.3099	-0.3987	0.5050	-2.2316
-0.3111	-0.3965	0.5040	-2.2362
-0.3125	-0.3942	0.5030	-2.2411
-0.3143	-0.3927	0.5030	-2.2457
-0.3168	-0.3919	0.5040	-2.2506
-0.3181	-0.3896	0.5030	-2.2555
-0.3193	-0.3874	0.5020	-2.2601
-0.3218	-0.3866	0.5030	-2.2650
-0.3236	-0.3851	0.5030	-2.2697
-0.3249	-0.3827	0.5020	-2.2746
-0.3266	-0.3812	0.5020	-2.2792
-0.3285	-0.3796	0.5020	-2.2842
-0.3309	-0.3788	0.5030	-2.2888
-0.3321	-0.3764	0.5020	-2.2937
-0.3336	-0.3738	0.5010	-2.2994
-0.3353	-0.3722	0.5010	-2.3040
-0.3374	-0.3717	0.5020	-2.3079
-0.3392	-0.3700	0.5020	-2.3128
-0.3407	-0.3674	0.5010	-2.3185
-0.3424	-0.3658	0.5010	-2.3231
-0.3442	-0.3641	0.5010	-2.3281
-0.3458	-0.3625	0.5010	-2.3327
-0.3476	-0.3608	0.5010	-2.3376
-0.3493	-0.3592	0.5010	-2.3422
-0.3511	-0.3574	0.5010	-2.3472
-0.3528	-0.3557	0.5010	-2.3521
-0.3544	-0.3541	0.5010	-2.3567
-0.3562	-0.3524	0.5010	-2.3616
-0.3578	-0.3507	0.5010	-2.3663
-0.3595	-0.3489	0.5010	-2.3712
-0.3611	-0.3473	0.5010	-2.3758
-0.3632	-0.3466	0.5020	-2.3796
-0.3649	-0.3448	0.5020	-2.3845
-0.3665	-0.3431	0.5020	-2.3892
-0.3677	-0.3403	0.5010	-2.3948
-0.3694	-0.3385	0.5010	-2.3998
-0.3714	-0.3378	0.5020	-2.4036
-0.3738	-0.3366	0.5030	-2.4085
-0.3746	-0.3342	0.5020	-2.4131
-0.3758	-0.3314	0.5010	-2.4189
-0.3785	-0.3312	0.5030	-2.4227
-0.3802	-0.3294	0.5030	-2.4276
-0.3824	-0.3283	0.5040	-2.4322
-0.3840	-0.3264	0.5040	-2.4371
-0.3848	-0.3240	0.5030	-2.4418
-0.3871	-0.3227	0.5040	-2.4467
-0.3895	-0.3215	0.5050	-2.4516
-0.3910	-0.3197	0.5050	-2.4562
-0.3925	-0.3177	0.5050	-2.4612
-0.3940	-0.3159	0.5050	-2.4658
-0.3963	-0.3146	0.5060	-2.4707
-0.3978	-0.3127	0.5060	-2.4754
-0.3985	-0.3102	0.5050	-2.4803
-0.4015	-0.3095	0.5070	-2.4849
-0.4030	-0.3076	0.5070	-2.4897
-0.4037	-0.3051	0.5060	-2.4944
-0.4060	-0.3037	0.5070	-2.4993
-0.4083	-0.3023	0.5080	-2.5042
-0.4096	-0.3004	0.5080	-2.5088
-0.4120	-0.2990	0.5090	-2.5138
-0.4133	-0.2971	0.5090	-2.5184
-0.4148	-0.2950	0.5090	-2.5233
-0.4170	-0.2937	0.5100	-2.5280
-0.4192	-0.2922	0.5110	-2.5329
-0.4206	-0.2903	0.5110	-2.5375
-0.4220	-0.2882	0.5110	-2.5424
-0.4242	-0.2867	0.5120	-2.5473
-0.4255	-0.2847	0.5120	-2.5520
-0.4269	-0.2826	0.5120	-2.5569
-0.4297	-0.2821	0.5140	-2.5607
-0.4310	-0.2801	0.5140	-2.5653
-0.4323	-0.2780	0.5140	-2.5702
-0.4353	-0.2770	0.5160	-2.5749
-0.4367	-0.2749	0.5160	-2.5798
-0.4379	-0.2729	0.5160	-2.5844
-0.4410	-0.2717	0.5180	-2.5894
-0.4422	-0.2697	0.5180	-2.5940
-0.4436	-0.2675	0.5180	-2.5989
-0.4466	-0.2664	0.5200	-2.6037
-0.4478	-0.2643	0.5200	-2.6084
-0.4491	-0.2621	0.5200	-2.6133
-0.4520	-0.2610	0.5220	-2.6179
-0.4533	-0.2588	0.5220	-2.6228
-0.4560	-0.2581	0.5240	-2.6267
-0.4573	-0.2559	0.5240	-2.6314
-0.4585	-0.2537	0.5240	-2.6362
-0.4614	-0.2525	0.5260	-2.6408
-0.4644	-0.2512	0.5280	-2.6457
-0.4656	-0.2490	0.5280	-2.6504
-0.4686	-0.2477	0.5300	-2.6553
-0.4698	-0.2454	0.5300	-2.6602
-0.4691	-0.2423	0.5280	-2.6648
-0.4703	-0.2400	0.5280	-2.6698
-0.4714	-0.2378	0.5280	-2.6744
-0.4744	-0.2364	0.5300	-2.6793
-0.4773	-0.2350	0.5320	-2.6840
-0.4766	-0.2318	0.5300	-2.6889
-0.4777	-0.2296	0.5300	-2.6935
-0.4806	-0.2282	0.5320	-2.6984
-0.4835	-0.2266	0.5340	-2.7033
-0.4846	-0.2244	0.5340	-2.7080
-0.4872	-0.2233	0.5360	-2.7118
-0.4902	-0.2218	0.5380	-2.7167
-0.4912	-0.2195	0.5380	-2.7213
-0.4922	-0.2171	0.5380	-2.7262
-0.4951	-0.2156	0.5400	-2.7309
-0.4980	-0.2140	0.5420	-2.7358
-0.4990	-0.2117	0.5420	-2.7404
-0.5018	-0.2100	0.5440	-2.7453
-0.5047	-0.2084	0.5460	-2.7499
-0.5057	-0.2059	0.5460	-2.7548
-0.5083	-0.2047	0.5480	-2.7587
-0.5093	-0.2023	0.5480	-2.7636
-0.5121	-0.2006	0.5500	-2.7682
-0.5150	-0.1988	0.5520	-2.7731
-0.5159	-0.1964	0.5520	-2.7778
-0.5168	-0.1939	0.5520	-2.7826
-0.5196	-0.1922	0.5540	-2.7873
-0.5224	-0.1903	0.5560	-2.7922
-0.5233	-0.1879	0.5560	-2.7968
-0.5261	-0.1860	0.5580	-2.8017
-0.5287	-0.1847	0.5600	-2.8056
-0.5296	-0.1821	0.5600	-2.8104
-0.5323	-0.1802	0.5620	-2.8151
-0.5350	-0.1784	0.5640	-2.8197
-0.5359	-0.1759	0.5640	-2.8243
-0.5386	-0.1740	0.5660	-2.8290
-0.5394	-0.1716	0.5660	-2.8336
-0.5421	-0.1697	0.5680	-2.8382
-0.5448	-0.1677	0.5700	-2.8429
-0.5455	-0.1652	0.5700	-2.8475
-0.5480	-0.1638	0.5720	-2.8511
-0.5507	-0.1618	0.5740	-2.8558
-0.5534	-0.1598	0.5760	-2.8604
-0.5541	-0.1573	0.5760	-2.8650
-0.5568	-0.1552	0.5780	-2.8697
-0.5575	-0.1527	0.5780	-2.8743
-0.5601	-0.1506	0.5800	-2.8789
-0.5647	-0.1490	0.5840	-2.8836
-0.5654	-0.1464	0.5840	-2.8882
-0.5678	-0.1449	0.5860	-2.8917
-0.5704	-0.1428	0.5880	-2.8963
-0.5730	-0.1406	0.5900	-2.9010
-0.5756	-0.1384	0.5920	-2.9056
-0.5762	-0.1357	0.5920	-2.9102
-0.5788	-0.1335	0.5940	-2.9149
-0.5814	-0.1313	0.5960	-2.9195
-0.5839	-0.1290	0.5980	-2.9242
-0.5864	-0.1272	0.6000	-2.9280
-0.5889	-0.1249	0.6020	-2.9327
-0.5914	-0.1225	0.6040	-2.9373
-0.5940	-0.1202	0.6060	-2.9419
-0.5965	-0.1178	0.6080	-2.9466
-0.5990	-0.1154	0.6100	-2.9512
-0.6015	-0.1131	0.6120	-2.9558
-0.6020	-0.1102	0.6120	-2.9605
-0.6063	-0.1088	0.6160	-2.9640
-0.6088	-0.1064	0.6180	-2.9686
-0.6093	-0.1036	0.6180	-2.9732
-0.6117	-0.1010	0.6200	-2.9779
-0.6161	-0.0988	0.6240	-2.9825
-0.6186	-0.0962	0.6260	-2.9872
-0.6210	-0.0937	0.6280	-2.9918
-0.6234	-0.0911	0.6300	-2.9964
-0.6257	-0.0890	0.6320	-3.0003
-0.6301	-0.0867	0.6360	-3.0049
-0.6324	-0.0840	0.6380	-3.0096
-0.6328	-0.0811	0.6380	-3.0142
-0.6352	-0.0783	0.6400	-3.0189
-0.6395	-0.0759	0.6440	-3.0235
-0.6438	-0.0741	0.6480	-3.0270
-0.6461	-0.0713	0.6500	-3.0316
-0.6246	-0.0657	0.6280	-3.0368
-0.6288	-0.0635	0.6320	-3.0409
-0.6351	-0.0610	0.6380	-3.0458
-0.6394	-0.0583	0.6420	-3.0507
-0.6416	-0.0553	0.6440	-3.0557
-0.6419	-0.0521	0.6440	-3.0606
-0.6421	-0.0490	0.6440	-3.0655
-0.6444	-0.0460	0.6460	-3.0704
-0.6485	-0.0438	0.6500	-3.0742
-0.6527	-0.0409	0.6540	-3.0791
-0.6569	-0.0377	0.6580	-3.0843
-0.6591	-0.0346	0.6600	-3.0891
-0.6613	-0.0314	0.6620	-3.0941
-0.6654	-0.0291	0.6660	-3.0979
-0.6695	-0.0259	0.6700	-3.1029
-0.6716	-0.0227	0.6720	-3.1077
-0.6737	-0.0195	0.6740	-3.1126
-0.6778	-0.0163	0.6780	-3.1175
-0.6819	-0.0131	0.6820	-3.1224
-0.6839	-0.0105	0.6840	-3.1263
-0.6860	-0.0072	0.6860	-3.1311
-0.6900	-0.0040	0.6900	-3.1358
-0.6940	-0.0008	0.6940	-3.1404
