x	y	r	phi
-0.4510	0.0008	0.4510	3.1398
-0.4460	0.0032	0.4460	3.1343
-0.4410	0.0053	0.4410	3.1296
-0.4359	0.0077	0.4360	3.1240
-0.4309	0.0100	0.4310	3.1185
-0.4258	0.0118	0.4260	3.1138
-0.4208	0.0140	0.4210	3.1083
-0.4167	0.0158	0.4170	3.1037
-0.4126	0.0179	0.4130	3.0983
-0.4075	0.0200	0.4080	3.0925
-0.4034	0.0216	0.4040	3.0882
-0.3993	0.0236	0.4000	3.0824
-0.3942	0.0255	0.3950	3.0770
-0.3911	0.0271	0.3920	3.0724
-0.3869	0.0290	0.3880	3.0669
-0.3828	0.0309	0.3840	3.0612
-0.3796	0.0324	0.3810	3.0566
-0.3755	0.0341	0.3770	3.0511
-0.3713	0.0354	0.3730	3.0465
-0.3681	0.0371	0.3700	3.0410
-0.3649	0.0388	0.3670	3.0356
-0.3608	0.0401	0.3630	3.0310
-0.3576	0.0418	0.3600	3.0252
-0.3544	0.0430	0.3570	3.0208
-0.3512	0.0446	0.3540	3.0151
-0.3480	0.0462	0.3510	3.0097
-0.3448	0.0474	0.3480	3.0050
-0.3415	0.0488	0.3450	2.9996
-0.3383	0.0500	0.3420	2.9949
-0.3351	0.0515	0.3390	2.9892
-0.3329	0.0526	0.3370	2.9848
-0.3296	0.0540	0.3340	2.9791
-0.3263	0.0553	0.3310	2.9736
-0.3241	0.0565	0.3290	2.9690
-0.3208	0.0577	0.3260	2.9636
-0.3186	0.0588	0.3240	2.9592
-0.3154	0.0598	0.3210	2.9541
-0.3131	0.0612	0.3190	2.9486
-0.3109	0.0621	0.3170	2.9445
-0.3076	0.0632	0.3140	2.9390
-0.3054	0.0640	0.3120	2.9349
-0.3031	0.0653	0.3100	2.9295
-0.3008	0.0662	0.3080	2.9251
-0.2985	0.0673	0.3060	2.9199
-0.2963	0.0681	0.3040	2.9155
-0.2940	0.0692	0.3020	2.9103
-0.2917	0.0700	0.3000	2.9060
-0.2894	0.0710	0.2980	2.9009
-0.2871	0.0721	0.2960	2.8957
-0.2848	0.0728	0.2940	2.8913
-0.2825	0.0738	0.2920	2.8861
-0.2803	0.0745	0.2900	2.8818
-0.2779	0.0754	0.2880	2.8766
-0.2757	0.0761	0.2860	2.8722
-0.2743	0.0773	0.2850	2.8670
-0.2721	0.0779	0.2830	2.8627
-0.2697	0.0788	0.2810	2.8575
-0.2684	0.0797	0.2800	2.8531
-0.2661	0.0805	0.2780	2.8479
-0.2637	0.0813	0.2760	2.8425
-0.2624	0.0822	0.2750	2.8382
-0.2601	0.0829	0.2730	2.8330
-0.2588	0.0838	0.2720	2.8286
-0.2564	0.0845	0.2700	2.8234
-0.2551	0.0853	0.2690	2.8191
-0.2528	0.0860	0.2670	2.8138
-0.2505	0.0864	0.2650	2.8095
-0.2491	0.0874	0.2640	2.8043
-0.2478	0.0881	0.2630	2.7999
-0.2455	0.0887	0.2610	2.7947
-0.2441	0.0894	0.2600	2.7904
-0.2428	0.0902	0.2590	2.7860
-0.2405	0.0907	0.2570	2.7808
-0.2390	0.0916	0.2560	2.7756
-0.2377	0.0923	0.2550	2.7713
-0.2354	0.0928	0.2530	2.7662
-0.2340	0.0934	0.2520	2.7617
-0.2327	0.0941	0.2510	2.7574
-0.2313	0.0949	0.2500	2.7522
-0.2299	0.0955	0.2490	2.7478
-0.2276	0.0959	0.2470	2.7427
-0.2263	0.0965	0.2460	2.7383
-0.2248	0.0973	0.2450	2.7332
-0.2235	0.0979	0.2440	2.7288
-0.2221	0.0986	0.2430	2.7236
-0.2207	0.0992	0.2420	2.7192
-0.2193	0.0999	0.2410	2.7140
-0.2180	0.1005	0.2400	2.7097
-0.2166	0.1010	0.2390	2.7053
-0.2152	0.1017	0.2380	2.7001
-0.2138	0.1022	0.2370	2.6958
-0.2124	0.1029	0.2360	2.6906
-0.2110	0.1034	0.2350	2.6862
-0.2096	0.1040	0.2340	2.6810
-0.2083	0.1045	0.2330	2.6767
-0.2069	0.1049	0.2320	2.6723
-0.2055	0.1055	0.2310	2.6671
-0.2050	0.1064	0.2310	2.6628
-0.2037	0.1068	0.2300	2.6587
-0.2013	0.1070	0.2280	2.6532
-0.2009	0.1078	0.2280	2.6491
-0.1994	0.1084	0.2270	2.6437
-0.1981	0.1087	0.2260	2.6396
-0.1966	0.1093	0.2250	2.6341
-0.1953	0.1097	0.2240	2.6297
-0.1939	0.1102	0.2230	2.6245
-0.1934	0.1111	0.2230	2.6202
-0.1920	0.1114	0.2220	2.6161
-0.1916	0.1122	0.2220	2.6118
-0.1901	0.1127	0.2210	2.6066
-0.1888	0.1130	0.2200	2.6022
-0.1873	0.1135	0.2190	2.5970
-0.1860	0.1137	0.2180	2.5927
-0.1845	0.1142	0.2170	2.5873
-0.1840	0.1150	0.2170	2.5831
-0.1835	0.1158	0.2170	2.5788
-0.1822	0.1160	0.2160	2.5744
-0.1807	0.1164	0.2150	2.5692
-0.1802	0.1172	0.2150	2.5648
-0.1797	0.1180	0.2150	2.5605
-0.1774	0.1178	0.2130	2.5553
-0.1761	0.1181	0.2120	2.5509
-0.1756	0.1188	0.2120	2.5469
-0.1741	0.1192	0.2110	2.5414
-0.1736	0.1199	0.2110	2.5373
-0.1722	0.1203	0.2100	2.5318
-0.1717	0.1210	0.2100	2.5278
-0.1703	0.1211	0.2090	2.5234
-0.1698	0.1219	0.2090	2.5191
-0.1693	0.1226	0.2090	2.5147
-0.1678	0.1229	0.2080	2.5095
-0.1664	0.1231	0.2070	2.5049
-0.1659	0.1239	0.2070	2.5002
-0.1644	0.1242	0.2060	2.4947
-0.1638	0.1249	0.2060	2.4901
-0.1632	0.1257	0.2060	2.4855
-0.1619	0.1258	0.2050	2.4808
-0.1604	0.1261	0.2040	2.4755
-0.1598	0.1268	0.2040	2.4708
-0.1583	0.1271	0.2030	2.4650
-0.1577	0.1278	0.2030	2.4604
-0.1571	0.1285	0.2030	2.4561
-0.1558	0.1286	0.2020	2.4514
-0.1552	0.1293	0.2020	2.4468
-0.1537	0.1296	0.2010	2.4410
-0.1531	0.1303	0.2010	2.4364
-0.1517	0.1303	0.2000	2.4320
-0.1511	0.1310	0.2000	2.4274
-0.1505	0.1317	0.2000	2.4228
-0.1499	0.1324	0.2000	2.4181
-0.1484	0.1326	0.1990	2.4124
-0.1478	0.1332	0.1990	2.4081
-0.1463	0.1334	0.1980	2.4023
-0.1457	0.1341	0.1980	2.3977
-0.1443	0.1341	0.1970	2.3930
-0.1437	0.1347	0.1970	2.3884
-0.1431	0.1354	0.1970	2.3841
-0.1425	0.1360	0.1970	2.3794
-0.1410	0.1361	0.1960	2.3737
-0.1404	0.1368	0.1960	2.3690
-0.1389	0.1369	0.1950	2.3636
-0.1383	0.1375	0.1950	2.3590
-0.1376	0.1381	0.1950	2.3544
-0.1370	0.1388	0.1950	2.3497
-0.1363	0.1394	0.1950	2.3451
-0.1350	0.1393	0.1940	2.3407
-0.1344	0.1399	0.1940	2.3361
-0.1329	0.1400	0.1930	2.3303
-0.1322	0.1406	0.1930	2.3257
-0.1316	0.1412	0.1930	2.3211
-0.1310	0.1418	0.1930	2.3167
-0.1295	0.1418	0.1920	2.3109
-0.1288	0.1424	0.1920	2.3063
-0.1282	0.1430	0.1920	2.3017
-0.1275	0.1436	0.1920	2.2970
-0.1262	0.1434	0.1910	2.2927
-0.1255	0.1439	0.1910	2.2880
-0.1249	0.1445	0.1910	2.2834
-0.1242	0.1451	0.1910	2.2788
-0.1235	0.1457	0.1910	2.2741
-0.1221	0.1456	0.1900	2.2687
-0.1214	0.1461	0.1900	2.2641
-0.1207	0.1467	0.1900	2.2595
-0.1193	0.1466	0.1890	2.2537
-0.1186	0.1472	0.1890	2.2491
-0.1179	0.1477	0.1890	2.2447
-0.1173	0.1482	0.1890	2.2401
-0.1166	0.1488	0.1890	2.2354
-0.1159	0.1493	0.1890	2.2308
-0.1146	0.1490	0.1880	2.2262
-0.1139	0.1496	0.1880	2.2215
-0.1132	0.1501	0.1880	2.2169
-0.1125	0.1506	0.1880	2.2123
-0.1118	0.1511	0.1880	2.2079
-0.1111	0.1516	0.1880	2.2033
-0.1104	0.1522	0.1880	2.1986
-0.1090	0.1520	0.1870	2.1929
-0.1083	0.1524	0.1870	2.1885
-0.1076	0.1529	0.1870	2.1839
-0.1069	0.1534	0.1870	2.1792
-0.1062	0.1539	0.1870	2.1746
-0.1047	0.1537	0.1860	2.1689
-0.1040	0.1542	0.1860	2.1643
-0.1033	0.1547	0.1860	2.1598
-0.1026	0.1551	0.1860	2.1552
-0.1019	0.1556	0.1860	2.1506
-0.1012	0.1561	0.1860	2.1459
-0.1005	0.1565	0.1860	2.1413
-0.0997	0.1570	0.1860	2.1367
-0.0990	0.1575	0.1860	2.1320
-0.0983	0.1579	0.1860	2.1274
-0.0976	0.1584	0.1860	2.1230
-0.0968	0.1588	0.1860	2.1184
-0.0961	0.1592	0.1860	2.1138
-0.0949	0.1588	0.1850	2.1091
-0.0941	0.1593	0.1850	2.1045
-0.0934	0.1597	0.1850	2.0999
-0.0926	0.1601	0.1850	2.0952
-0.0919	0.1606	0.1850	2.0906
-0.0912	0.1610	0.1850	2.0862
-0.0904	0.1614	0.1850	2.0816
-0.0897	0.1618	0.1850	2.0770
-0.0889	0.1622	0.1850	2.0723
-0.0876	0.1618	0.1840	2.0669
-0.0868	0.1622	0.1840	2.0622
-0.0861	0.1626	0.1840	2.0576
-0.0853	0.1630	0.1840	2.0529
-0.0852	0.1642	0.1850	2.0494
-0.0845	0.1646	0.1850	2.0451
-0.0831	0.1641	0.1840	2.0396
-0.0824	0.1645	0.1840	2.0353
-0.0817	0.1649	0.1840	2.0306
-0.0809	0.1652	0.1840	2.0263
-0.0802	0.1656	0.1840	2.0219
-0.0801	0.1668	0.1850	2.0183
-0.0793	0.1671	0.1850	2.0140
-0.0786	0.1675	0.1850	2.0093
-0.0778	0.1678	0.1850	2.0050
-0.0771	0.1682	0.1850	2.0006
-0.0763	0.1685	0.1850	1.9960
-0.0756	0.1689	0.1850	1.9916
-0.0748	0.1692	0.1850	1.9873
-0.0741	0.1695	0.1850	1.9827
-0.0733	0.1699	0.1850	1.9783
-0.0726	0.1702	0.1850	1.9739
-0.0718	0.1705	0.1850	1.9692
-0.0710	0.1708	0.1850	1.9649
-0.0703	0.1711	0.1850	1.9605
-0.0699	0.1724	0.1860	1.9559
-0.0687	0.1718	0.1850	1.9515
-0.0680	0.1720	0.1850	1.9472
-0.0676	0.1733	0.1860	1.9425
-0.0668	0.1736	0.1860	1.9382
-0.0660	0.1739	0.1860	1.9338
-0.0652	0.1742	0.1860	1.9292
-0.0645	0.1745	0.1860	1.9249
-0.0637	0.1747	0.1860	1.9204
-0.0630	0.1750	0.1860	1.9161
-0.0621	0.1753	0.1860	1.9114
-0.0618	0.1765	0.1870	1.9079
-0.0611	0.1767	0.1870	1.9036
-0.0603	0.1770	0.1870	1.8992
-0.0595	0.1773	0.1870	1.8948
-0.0587	0.1775	0.1870	1.8902
-0.0579	0.1778	0.1870	1.8858
-0.0572	0.1781	0.1870	1.8814
-0.0563	0.1783	0.1870	1.8768
-0.0556	0.1786	0.1870	1.8724
-0.0552	0.1797	0.1880	1.8689
-0.0544	0.1799	0.1880	1.8646
-0.0536	0.1802	0.1880	1.8601
-0.0528	0.1804	0.1880	1.8555
-0.0520	0.1807	0.1880	1.8512
-0.0515	0.1818	0.1890	1.8468
-0.0507	0.1821	0.1890	1.8422
-0.0499	0.1823	0.1890	1.8378
-0.0491	0.1825	0.1890	1.8335
-0.0482	0.1827	0.1890	1.8288
-0.0479	0.1839	0.1900	1.8255
-0.0470	0.1841	0.1900	1.8209
-0.0462	0.1843	0.1900	1.8165
-0.0454	0.1845	0.1900	1.8122
-0.0446	0.1847	0.1900	1.8075
-0.0442	0.1858	0.1910	1.8042
-0.0433	0.1860	0.1910	1.7996
-0.0425	0.1862	0.1910	1.7952
-0.0417	0.1864	0.1910	1.7909
-0.0411	0.1876	0.1920	1.7863
-0.0402	0.1877	0.1920	1.7819
-0.0394	0.1879	0.1920	1.7776
-0.0385	0.1881	0.1920	1.7729
-0.0381	0.1892	0.1930	1.7696
-0.0373	0.1894	0.1930	1.7650
-0.0364	0.1895	0.1930	1.7606
-0.0356	0.1897	0.1930	1.7563
-0.0351	0.1908	0.1940	1.7528
-0.0343	0.1909	0.1940	1.7484
-0.0334	0.1911	0.1940	1.7438
-0.0325	0.1913	0.1940	1.7393
-0.0317	0.1914	0.1940	1.7350
-0.0310	0.1925	0.1950	1.7303
-0.0305	0.1936	0.1960	1.7271
-0.0296	0.1937	0.1960	1.7225
-0.0288	0.1939	0.1960	1.7181
-0.0279	0.1940	0.1960	1.7137
-0.0270	0.1941	0.1960	1.7091
-0.0265	0.1952	0.1970	1.7058
-0.0256	0.1953	0.1970	1.7012
-0.0248	0.1954	0.1970	1.6969
-0.0240	0.1965	0.1980	1.6925
-0.0231	0.1966	0.1980	1.6879
-0.0223	0.1967	0.1980	1.6834
-0.0217	0.1978	0.1990	1.6799
-0.0208	0.1979	0.1990	1.6756
-0.0199	0.1980	0.1990	1.6712
-0.0193	0.1991	0.2000	1.6676
-0.0185	0.1991	0.2000	1.6633
-0.0175	0.1992	0.2000	1.6586
-0.0168	0.2003	0.2010	1.6543
-0.0159	0.2004	0.2010	1.6499
-0.0150	0.2004	0.2010	1.6453
-0.0144	0.2015	0.2020	1.6420
-0.0134	0.2016	0.2020	1.6374
-0.0126	0.2026	0.2030	1.6330
-0.0117	0.2027	0.2030	1.6287
-0.0109	0.2027	0.2030	1.6243
-0.0102	0.2037	0.2040	1.6207
-0.0093	0.2038	0.2040	1.6164
-0.0087	0.2048	0.2050	1.6131
-0.0078	0.2049	0.2050	1.6088
-0.0069	0.2049	0.2050	1.6044
-0.0060	0.2059	0.2060	1.6000
-0.0051	0.2059	0.2060	1.5953
-0.0044	0.2070	0.2070	1.5921
-0.0035	0.2070	0.2070	1.5878
-0.0026	0.2070	0.2070	1.5834
-0.0017	0.2080	0.2080	1.5790
-0.0010	0.2090	0.2090	1.5755
-0.0001	0.2090	0.2090	1.5711
0.0008	0.2090	0.2090	1.5668
0.0018	0.2100	0.2100	1.5624
0.0027	0.2100	0.2100	1.5580
0.0034	0.2110	0.2110	1.5545
0.0044	0.2110	0.2110	1.5501
0.0051	0.2119	0.2120	1.5468
0.0060	0.2119	0.2120	1.5425
0.0070	0.2129	0.2130	1.5381
0.0078	0.2139	0.2140	1.5346
0.0087	0.2138	0.2140	1.5302
0.0097	0.2148	0.2150	1.5258
0.0106	0.2147	0.2150	1.5215
0.0115	0.2147	0.2150	1.5171
0.0124	0.2156	0.2160	1.5136
0.0133	0.2166	0.2170	1.5092
0.0143	0.2165	0.2170	1.5048
0.0151	0.2175	0.2180	1.5016
0.0162	0.2184	0.2190	1.4970
0.0171	0.2183	0.2190	1.4926
0.0179	0.2193	0.2200	1.4893
0.0189	0.2192	0.2200	1.4849
0.0199	0.2201	0.2210	1.4806
0.0209	0.2200	0.2210	1.4762
0.0218	0.2209	0.2220	1.4726
0.0228	0.2218	0.2230	1.4683
0.0237	0.2227	0.2240	1.4648
0.0247	0.2226	0.2240	1.4603
0.0258	0.2235	0.2250	1.4560
0.0266	0.2244	0.2260	1.4528
0.0276	0.2243	0.2260	1.4484
0.0287	0.2252	0.2270	1.4441
0.0296	0.2261	0.2280	1.4405
0.0308	0.2269	0.2290	1.4361
0.0317	0.2268	0.2290	1.4318
0.0327	0.2277	0.2300	1.4282
0.0337	0.2275	0.2300	1.4238
0.0348	0.2284	0.2310	1.4195
0.0357	0.2292	0.2320	1.4162
0.0369	0.2301	0.2330	1.4118
0.0380	0.2309	0.2340	1.4075
0.0390	0.2317	0.2350	1.4040
0.0400	0.2316	0.2350	1.3996
0.0412	0.2324	0.2360	1.3953
0.0422	0.2332	0.2370	1.3917
0.0434	0.2340	0.2380	1.3873
0.0444	0.2338	0.2380	1.3830
0.0454	0.2347	0.2390	1.3797
0.0466	0.2354	0.2400	1.3753
0.0478	0.2362	0.2410	1.3710
0.0489	0.2370	0.2420	1.3674
0.0501	0.2378	0.2430	1.3630
0.0511	0.2376	0.2430	1.3587
0.0522	0.2383	0.2440	1.3552
0.0534	0.2401	0.2460	1.3518
0.0547	0.2409	0.2470	1.3475
0.0560	0.2416	0.2480	1.3431
0.0571	0.2424	0.2490	1.3395
0.0583	0.2431	0.2500	1.3352
0.0594	0.2439	0.2510	1.3320
0.0608	0.2446	0.2520	1.3273
0.0621	0.2453	0.2530	1.3230
0.0631	0.2460	0.2540	1.3197
0.0644	0.2467	0.2550	1.3153
0.0658	0.2474	0.2560	1.3110
0.0669	0.2481	0.2570	1.3074
0.0683	0.2488	0.2580	1.3030
0.0693	0.2495	0.2590	1.2998
0.0707	0.2502	0.2600	1.2954
0.0721	0.2508	0.2610	1.2907
0.0732	0.2516	0.2620	1.2875
0.0746	0.2522	0.2630	1.2832
0.0761	0.2538	0.2650	1.2796
0.0775	0.2545	0.2660	1.2752
0.0789	0.2551	0.2670	1.2709
0.0800	0.2558	0.2680	1.2675
0.0817	0.2573	0.2700	1.2632
0.0830	0.2580	0.2710	1.2597
0.0844	0.2586	0.2720	1.2553
0.0858	0.2592	0.2730	1.2510
0.0871	0.2598	0.2740	1.2474
0.0889	0.2613	0.2760	1.2430
0.0901	0.2619	0.2770	1.2395
0.0916	0.2625	0.2780	1.2349
0.0932	0.2640	0.2800	1.2313
0.0947	0.2646	0.2810	1.2270
0.0963	0.2661	0.2830	1.2234
0.1003	0.2657	0.2840	1.2097
0.1174	0.2685	0.2930	1.1585
0.1201	0.2640	0.2900	1.1438
0.1207	0.2615	0.2880	1.1383
0.1214	0.2601	0.2870	1.1340
0.1222	0.2586	0.2860	1.1293
0.1232	0.2570	0.2850	1.1238
0.1239	0.2555	0.2840	1.1192
0.1246	0.2541	0.2830	1.1149
0.1255	0.2525	0.2820	1.1095
0.1263	0.2510	0.2810	1.1048
0.1270	0.2496	0.2800	1.1002
0.1279	0.2480	0.2790	1.0947
0.1289	0.2474	0.2790	1.0904
0.1296	0.2459	0.2780	1.0857
0.1303	0.2444	0.2770	1.0811
0.1312	0.2428	0.2760	1.0756
0.1317	0.2414	0.2750	1.0712
0.1324	0.2399	0.2740	1.0666
0.1332	0.2383	0.2730	1.0611
0.1343	0.2377	0.2730	1.0565
0.1348	0.2362	0.2720	1.0521
0.1359	0.2356	0.2720	1.0475
0.1365	0.2341	0.2710	1.0431
0.1373	0.2325	0.2700	1.0375
0.1378	0.2310	0.2690	1.0330
0.1388	0.2304	0.2690	1.0284
0.1393	0.2289	0.2680	1.0240
0.1401	0.2273	0.2670	1.0184
0.1406	0.2258	0.2660	1.0140
0.1416	0.2252	0.2660	1.0094
0.1421	0.2237	0.2650	1.0049
0.1428	0.2221	0.2640	0.9995
0.1438	0.2214	0.2640	0.9949
0.1442	0.2199	0.2630	0.9903
0.1452	0.2193	0.2630	0.9859
0.1457	0.2178	0.2620	0.9813
0.1466	0.2171	0.2620	0.9769
0.1473	0.2155	0.2610	0.9712
0.1471	0.2132	0.2590	0.9668
0.1481	0.2125	0.2590	0.9622
0.1490	0.2118	0.2590	0.9578
0.1500	0.2112	0.2590	0.9532
0.1506	0.2095	0.2580	0.9477
0.1515	0.2088	0.2580	0.9431
0.1518	0.2073	0.2570	0.9387
0.1524	0.2057	0.2560	0.9332
0.1533	0.2050	0.2560	0.9286
0.1537	0.2035	0.2550	0.9239
0.1540	0.2020	0.2540	0.9196
0.1549	0.2013	0.2540	0.9150
0.1558	0.2006	0.2540	0.9106
0.1563	0.1989	0.2530	0.9049
0.1572	0.1983	0.2530	0.9005
0.1575	0.1967	0.2520	0.8958
0.1583	0.1961	0.2520	0.8915
0.1586	0.1946	0.2510	0.8869
0.1594	0.1939	0.2510	0.8825
0.1599	0.1922	0.2500	0.8768
0.1607	0.1915	0.2500	0.8725
0.1616	0.1907	0.2500	0.8678
0.1625	0.1900	0.2500	0.8634
0.1627	0.1885	0.2490	0.8588
0.1636	0.1877	0.2490	0.8541
0.1639	0.1861	0.2480	0.8487
0.1641	0.1846	0.2470	0.8444
0.1649	0.1839	0.2470	0.8398
0.1657	0.1832	0.2470	0.8353
0.1666	0.1824	0.2470	0.8307
0.1667	0.1809	0.2460	0.8260
0.1670	0.1792	0.2450	0.8206
0.1678	0.1785	0.2450	0.8163
0.1686	0.1777	0.2450	0.8117
0.1695	0.1769	0.2450	0.8070
0.1695	0.1755	0.2440	0.8027
0.1703	0.1747	0.2440	0.7982
0.1711	0.1740	0.2440	0.7939
0.1718	0.1733	0.2440	0.7898
0.1720	0.1717	0.2430	0.7846
0.1727	0.1709	0.2430	0.7802
0.1735	0.1702	0.2430	0.7759
0.1742	0.1694	0.2430	0.7715
0.1742	0.1680	0.2420	0.7675
0.1743	0.1664	0.2410	0.7623
0.1750	0.1657	0.2410	0.7579
0.1757	0.1649	0.2410	0.7536
0.1764	0.1642	0.2410	0.7494
0.1764	0.1627	0.2400	0.7451
0.1771	0.1620	0.2400	0.7407
0.1778	0.1612	0.2400	0.7363
0.1777	0.1598	0.2390	0.7323
0.1784	0.1590	0.2390	0.7279
0.1791	0.1582	0.2390	0.7236
0.1798	0.1575	0.2390	0.7194
0.1804	0.1567	0.2390	0.7151
0.1811	0.1559	0.2390	0.7107
0.1812	0.1543	0.2380	0.7055
0.1818	0.1535	0.2380	0.7012
0.1825	0.1528	0.2380	0.6971
0.1831	0.1520	0.2380	0.6927
0.1838	0.1512	0.2380	0.6884
0.1844	0.1504	0.2380	0.6843
0.1851	0.1496	0.2380	0.6799
0.1849	0.1482	0.2370	0.6755
0.1855	0.1475	0.2370	0.6715
0.1862	0.1466	0.2370	0.6671
0.1868	0.1458	0.2370	0.6627
0.1874	0.1451	0.2370	0.6587
0.1881	0.1442	0.2370	0.6542
0.1887	0.1434	0.2370	0.6499
0.1893	0.1426	0.2370	0.6458
0.1892	0.1410	0.2360	0.6403
0.1898	0.1402	0.2360	0.6363
0.1904	0.1394	0.2360	0.6319
0.1910	0.1386	0.2360	0.6276
0.1908	0.1372	0.2350	0.6235
0.1914	0.1364	0.2350	0.6191
0.1920	0.1355	0.2350	0.6147
0.1925	0.1347	0.2350	0.6106
0.1931	0.1339	0.2350	0.6063
0.1937	0.1331	0.2350	0.6019
0.1942	0.1323	0.2350	0.5979
0.1948	0.1314	0.2350	0.5935
0.1954	0.1306	0.2350	0.5890
0.1959	0.1298	0.2350	0.5850
0.1958	0.1282	0.2340	0.5796
0.1963	0.1273	0.2340	0.5754
0.1969	0.1265	0.2340	0.5711
0.1981	0.1264	0.2350	0.5679
0.1987	0.1255	0.2350	0.5635
0.1992	0.1247	0.2350	0.5593
0.1997	0.1238	0.2350	0.5550
0.2003	0.1230	0.2350	0.5506
0.2000	0.1214	0.2340	0.5454
0.2006	0.1205	0.2340	0.5411
0.2018	0.1204	0.2350	0.5379
0.2023	0.1195	0.2350	0.5334
0.2021	0.1179	0.2340	0.5283
0.2034	0.1178	0.2350	0.5250
0.2031	0.1162	0.2340	0.5198
0.2036	0.1153	0.2340	0.5154
0.2041	0.1145	0.2340	0.5114
0.2046	0.1136	0.2340	0.5070
0.2051	0.1127	0.2340	0.5027
0.2055	0.1118	0.2340	0.4983
0.2068	0.1116	0.2350	0.4950
0.2073	0.1108	0.2350	0.4909
0.2077	0.1099	0.2350	0.4866
0.2082	0.1090	0.2350	0.4821
0.2086	0.1081	0.2350	0.4781
0.2091	0.1072	0.2350	0.4737
0.2105	0.1068	0.2360	0.4694
0.2109	0.1059	0.2360	0.4653
0.2114	0.1050	0.2360	0.4610
0.2118	0.1040	0.2360	0.4566
0.2123	0.1032	0.2360	0.4524
0.2127	0.1023	0.2360	0.4481
0.2131	0.1013	0.2360	0.4437
0.2136	0.1005	0.2360	0.4397
0.2148	0.1001	0.2370	0.4361
0.2152	0.0992	0.2370	0.4320
0.2157	0.0983	0.2370	0.4277
0.2161	0.0973	0.2370	0.4233
0.2165	0.0965	0.2370	0.4192
0.2169	0.0955	0.2370	0.4148
0.2173	0.0946	0.2370	0.4104
0.2177	0.0937	0.2370	0.4064
0.2190	0.0931	0.2380	0.4020
0.2194	0.0922	0.2380	0.3977
0.2198	0.0913	0.2380	0.3936
0.2202	0.0903	0.2380	0.3892
0.2206	0.0893	0.2380	0.3845
0.2210	0.0883	0.2380	0.3799
0.2214	0.0872	0.2380	0.3753
0.2227	0.0868	0.2390	0.3717
0.2231	0.0858	0.2390	0.3671
0.2235	0.0848	0.2390	0.3625
0.2239	0.0837	0.2390	0.3578
0.2252	0.0830	0.2400	0.3532
0.2256	0.0820	0.2400	0.3486
0.2259	0.0809	0.2400	0.3439
0.2263	0.0799	0.2400	0.3396
0.2267	0.0789	0.2400	0.3349
0.2270	0.0778	0.2400	0.3303
0.2283	0.0771	0.2410	0.3257
0.2287	0.0760	0.2410	0.3210
0.2299	0.0755	0.2420	0.3174
0.2303	0.0745	0.2420	0.3128
0.2306	0.0734	0.2420	0.3082
0.2309	0.0723	0.2420	0.3035
0.2313	0.0713	0.2420	0.2989
0.2326	0.0705	0.2430	0.2943
0.2338	0.0700	0.2440	0.2908
0.2341	0.0689	0.2440	0.2861
0.2344	0.0678	0.2440	0.2815
0.2347	0.0667	0.2440	0.2769
0.2360	0.0659	0.2450	0.2722
0.2353	0.0645	0.2440	0.2676
0.2366	0.0637	0.2450	0.2630
0.2378	0.0631	0.2460	0.2594
0.2381	0.0620	0.2460	0.2547
0.2383	0.0609	0.2460	0.2501
0.2386	0.0598	0.2460	0.2454
0.2399	0.0589	0.2470	0.2408
0.2401	0.0578	0.2470	0.2362
0.2404	0.0567	0.2470	0.2315
0.2416	0.0558	0.2480	0.2269
0.2419	0.0548	0.2480	0.2226
0.2421	0.0536	0.2480	0.2179
0.2433	0.0529	0.2490	0.2141
0.2436	0.0518	0.2490	0.2095
0.2448	0.0509	0.2500	0.2049
0.2450	0.0498	0.2500	0.2005
0.2452	0.0487	0.2500	0.1959
0.2464	0.0479	0.2510	0.1920
0.2466	0.0468	0.2510	0.1874
0.2478	0.0458	0.2520	0.1827
0.2480	0.0447	0.2520	0.1784
0.2482	0.0436	0.2520	0.1737
0.2494	0.0426	0.2530	0.1691
0.2496	0.0414	0.2530	0.1645
0.2507	0.0406	0.2540	0.1607
0.2509	0.0395	0.2540	0.1563
0.2521	0.0385	0.2550	0.1517
0.2522	0.0374	0.2550	0.1471
0.2534	0.0363	0.2560	0.1424
0.2536	0.0352	0.2560	0.1378
0.2537	0.0340	0.2560	0.1332
0.2548	0.0332	0.2570	0.1296
0.2560	0.0321	0.2580	0.1249
0.2561	0.0310	0.2580	0.1203
0.2572	0.0302	0.2590	0.1168
0.2574	0.0290	0.2590	0.1122
0.2585	0.0279	0.2600	0.1075
0.2586	0.0267	0.2600	0.1029
0.2597	0.0256	0.2610	0.0982
0.2599	0.0244	0.2610	0.0936
0.2609	0.0236	0.2620	0.0900
0.2610	0.0224	0.2620	0.0854
0.2621	0.0212	0.2630	0.0807
0.2632	0.0201	0.2640	0.0761
0.2633	0.0189	0.2640	0.0715
0.2644	0.0180	0.2650	0.0680
0.2655	0.0168	0.2660	0.0633
0.2655	0.0156	0.2660	0.0587
0.2666	0.0144	0.2670	0.0541
0.2667	0.0132	0.2670	0.0494
0.2677	0.0123	0.2680	0.0458
0.2688	0.0111	0.2690	0.0412
0.2698	0.0099	0.2700	0.0366
0.2709	0.0090	0.2710	0.0331
0.2709	0.0077	0.2710	0.0284
0.2719	0.0065	0.2720	0.0238
0.2720	0.0052	0.2720	0.0192
0.2730	0.0040	0.2730	0.0145
0.2740	0.0030	0.2740	0.0109
0.2750	0.0017	0.2750	0.0063
0.2750	0.0005	0.2750	0.0017
0.2760	-0.0008	0.2760	-0.0030
0.2770	-0.0019	0.2770	-0.0068
0.2780	-0.0031	0.2780	-0.0111
0.2780	-0.0044	0.2780	-0.0157
0.2789	-0.0057	0.2790	-0.0204
0.2799	-0.0068	0.2800	-0.0243
0.2809	-0.0081	0.2810	-0.0289
0.2818	-0.0094	0.2820	-0.0333
0.2818	-0.0107	0.2820	-0.0379
0.2828	-0.0117	0.2830	-0.0414
0.2837	-0.0130	0.2840	-0.0457
0.2846	-0.0143	0.2850	-0.0501
0.2856	-0.0153	0.2860	-0.0534
0.2865	-0.0166	0.2870	-0.0578
0.2874	-0.0179	0.2880	-0.0621
0.2884	-0.0192	0.2890	-0.0665
0.2893	-0.0203	0.2900	-0.0701
0.2902	-0.0216	0.2910	-0.0744
0.2911	-0.0230	0.2920	-0.0788
0.2920	-0.0240	0.2930	-0.0821
0.2929	-0.0254	0.2940	-0.0864
0.2938	-0.0267	0.2950	-0.0908
0.2947	-0.0281	0.2960	-0.0951
0.2956	-0.0293	0.2970	-0.0987
0.2964	-0.0307	0.2980	-0.1031
0.2973	-0.0320	0.2990	-0.1074
0.2982	-0.0331	0.3000	-0.1106
0.2990	-0.0346	0.3010	-0.1150
0.2999	-0.0360	0.3020	-0.1194
0.3007	-0.0375	0.3030	-0.1241
0.3015	-0.0386	0.3040	-0.1273
0.3024	-0.0400	0.3050	-0.1316
0.3032	-0.0415	0.3060	-0.1360
0.3050	-0.0428	0.3080	-0.1393
0.3058	-0.0443	0.3090	-0.1439
0.3066	-0.0458	0.3100	-0.1483
0.3074	-0.0473	0.3110	-0.1526
0.3082	-0.0485	0.3120	-0.1560
0.3090	-0.0500	0.3130	-0.1603
0.3107	-0.0516	0.3150	-0.1647
0.3116	-0.0528	0.3160	-0.1680
0.3123	-0.0544	0.3170	-0.1726
0.3140	-0.0562	0.3190	-0.1770
0.3148	-0.0574	0.3200	-0.1802
0.3155	-0.0589	0.3210	-0.1846
0.3173	-0.0607	0.3230	-0.1890
0.3180	-0.0620	0.3240	-0.1925
0.3187	-0.0636	0.3250	-0.1968
0.3194	-0.0652	0.3260	-0.2012
0.3212	-0.0666	0.3280	-0.2045
0.3219	-0.0682	0.3290	-0.2088
0.3235	-0.0700	0.3310	-0.2132
0.3242	-0.0717	0.3320	-0.2175
0.3259	-0.0732	0.3340	-0.2211
0.3265	-0.0749	0.3350	-0.2255
0.3282	-0.0764	0.3370	-0.2288
0.3289	-0.0781	0.3380	-0.2332
0.3305	-0.0800	0.3400	-0.2375
0.3311	-0.0817	0.3410	-0.2419
0.3327	-0.0833	0.3430	-0.2454
0.3343	-0.0853	0.3450	-0.2498
0.3349	-0.0870	0.3460	-0.2542
0.3356	-0.0883	0.3470	-0.2574
0.3371	-0.0903	0.3490	-0.2617
0.3386	-0.0923	0.3510	-0.2661
0.3402	-0.0941	0.3530	-0.2697
0.3418	-0.0961	0.3550	-0.2740
0.3423	-0.0978	0.3560	-0.2784
0.3439	-0.0995	0.3580	-0.2817
0.3454	-0.1016	0.3600	-0.2860
0.3469	-0.1034	0.3620	-0.2895
0.3484	-0.1055	0.3640	-0.2939
0.3489	-0.1073	0.3650	-0.2983
0.3503	-0.1094	0.3670	-0.3027
0.3519	-0.1111	0.3690	-0.3059
0.3533	-0.1133	0.3710	-0.3102
0.3548	-0.1151	0.3730	-0.3138
0.3562	-0.1173	0.3750	-0.3182
0.3576	-0.1195	0.3770	-0.3225
0.3591	-0.1213	0.3790	-0.3259
0.3604	-0.1235	0.3810	-0.3302
0.3618	-0.1258	0.3830	-0.3346
0.3632	-0.1277	0.3850	-0.3381
0.3645	-0.1300	0.3870	-0.3425
0.3668	-0.1326	0.3900	-0.3469
0.3682	-0.1345	0.3920	-0.3501
0.3695	-0.1367	0.3940	-0.3544
0.3718	-0.1391	0.3970	-0.3580
0.3731	-0.1415	0.3990	-0.3624
0.3743	-0.1438	0.4010	-0.3667
0.3767	-0.1461	0.4040	-0.3700
0.3779	-0.1485	0.4060	-0.3744
0.3800	-0.1512	0.4090	-0.3787
0.3813	-0.1533	0.4110	-0.3822
0.3834	-0.1561	0.4140	-0.3867
0.3846	-0.1585	0.4160	-0.3910
0.3868	-0.1610	0.4190	-0.3943
0.3880	-0.1634	0.4210	-0.3986
0.3902	-0.1660	0.4240	-0.4022
0.3922	-0.1689	0.4270	-0.4066
0.3942	-0.1718	0.4300	-0.4109
0.3964	-0.1743	0.4330	-0.4142
0.3974	-0.1768	0.4350	-0.4186
0.4003	-0.1802	0.4390	-0.4229
0.4024	-0.1828	0.4420	-0.4264
0.4043	-0.1859	0.4450	-0.4309
0.4064	-0.1884	0.4480	-0.4341
0.4083	-0.1915	0.4510	-0.4384
0.4102	-0.1945	0.4540	-0.4428
0.4122	-0.1973	0.4570	-0.4464
0.4150	-0.2008	0.4610	-0.4507
0.4170	-0.2035	0.4640	-0.4541
0.4187	-0.2068	0.4670	-0.4587
0.4214	-0.2104	0.4710	-0.4630
0.4234	-0.2131	0.4740	-0.4663
0.4260	-0.2168	0.4780	-0.4706
0.4286	-0.2205	0.4820	-0.4751
0.4314	-0.2238	0.4860	-0.4786
0.4331	-0.2271	0.4890	-0.4829
0.4359	-0.2304	0.4930	-0.4862
0.4392	-0.2348	0.4980	-0.4909
0.4408	-0.2381	0.5010	-0.4952
0.4436	-0.2414	0.5050	-0.4984
0.4460	-0.2453	0.5090	-0.5029
0.4495	-0.2493	0.5140	-0.5064
0.4519	-0.2532	0.5180	-0.5107
0.4543	-0.2572	0.5220	-0.5151
0.4569	-0.2606	0.5260	-0.5184
0.4609	-0.2657	0.5320	-0.5230
0.4635	-0.2692	0.5360	-0.5263
0.4675	-0.2743	0.5420	-0.5307
0.4697	-0.2784	0.5460	-0.5350
0.4722	-0.2821	0.5500	-0.5385
0.4748	-0.2893	0.5560	-0.5472
0.4858	-0.3095	0.5760	-0.5672
0.4774	-0.3078	0.5680	-0.5727
0.4744	-0.3087	0.5660	-0.5770
0.4730	-0.3108	0.5660	-0.5814
0.4700	-0.3118	0.5640	-0.5857
0.4686	-0.3138	0.5640	-0.5901
0.4656	-0.3147	0.5620	-0.5944
0.4642	-0.3168	0.5620	-0.5988
0.4611	-0.3178	0.5600	-0.6034
0.4597	-0.3198	0.5600	-0.6078
0.4564	-0.3210	0.5580	-0.6130
0.4550	-0.3230	0.5580	-0.6173
0.4535	-0.3251	0.5580	-0.6220
0.4505	-0.3259	0.5560	-0.6263
0.4490	-0.3279	0.5560	-0.6308
0.4460	-0.3287	0.5540	-0.6351
0.4445	-0.3306	0.5540	-0.6395
0.4431	-0.3325	0.5540	-0.6438
0.4416	-0.3345	0.5540	-0.6482
0.4402	-0.3364	0.5540	-0.6525
0.4371	-0.3371	0.5520	-0.6569
0.4341	-0.3378	0.5500	-0.6612
0.4326	-0.3397	0.5500	-0.6657
0.4310	-0.3417	0.5500	-0.6703
0.4279	-0.3423	0.5480	-0.6747
0.4265	-0.3441	0.5480	-0.6790
0.4249	-0.3460	0.5480	-0.6834
0.4216	-0.3469	0.5460	-0.6886
0.4200	-0.3489	0.5460	-0.6932
0.4185	-0.3507	0.5460	-0.6976
0.4169	-0.3525	0.5460	-0.7019
0.4139	-0.3531	0.5440	-0.7063
0.4123	-0.3549	0.5440	-0.7106
0.4108	-0.3567	0.5440	-0.7150
0.4077	-0.3571	0.5420	-0.7193
0.4061	-0.3589	0.5420	-0.7238
0.4046	-0.3607	0.5420	-0.7281
0.4030	-0.3624	0.5420	-0.7325
0.3998	-0.3629	0.5400	-0.7371
0.3982	-0.3647	0.5400	-0.7415
0.3967	-0.3664	0.5400	-0.7458
0.3950	-0.3682	0.5400	-0.7502
0.3920	-0.3685	0.5380	-0.7545
0.3904	-0.3702	0.5380	-0.7589
0.3888	-0.3719	0.5380	-0.7633
0.3871	-0.3736	0.5380	-0.7677
0.3855	-0.3753	0.5380	-0.7720
0.3838	-0.3770	0.5380	-0.7764
0.3808	-0.3772	0.5360	-0.7807
0.3790	-0.3790	0.5360	-0.7854
0.3774	-0.3806	0.5360	-0.7897
0.3757	-0.3823	0.5360	-0.7941
0.3723	-0.3828	0.5340	-0.7993
0.3723	-0.3856	0.5360	-0.8028
0.3689	-0.3861	0.5340	-0.8082
0.3672	-0.3877	0.5340	-0.8126
0.3655	-0.3893	0.5340	-0.8169
0.3638	-0.3909	0.5340	-0.8214
0.3621	-0.3925	0.5340	-0.8257
0.3604	-0.3941	0.5340	-0.8301
0.3586	-0.3957	0.5340	-0.8345
0.3556	-0.3957	0.5320	-0.8388
0.3537	-0.3974	0.5320	-0.8434
0.3520	-0.3989	0.5320	-0.8478
0.3503	-0.4004	0.5320	-0.8521
0.3484	-0.4021	0.5320	-0.8568
0.3466	-0.4036	0.5320	-0.8611
0.3449	-0.4051	0.5320	-0.8655
0.3430	-0.4067	0.5320	-0.8702
0.3412	-0.4082	0.5320	-0.8746
0.3394	-0.4097	0.5320	-0.8789
0.3375	-0.4112	0.5320	-0.8836
0.3357	-0.4127	0.5320	-0.8879
0.3339	-0.4142	0.5320	-0.8923
0.3320	-0.4157	0.5320	-0.8969
0.3302	-0.4171	0.5320	-0.9012
0.3283	-0.4186	0.5320	-0.9056
0.3252	-0.4185	0.5300	-0.9102
0.3246	-0.4215	0.5320	-0.9146
0.3227	-0.4229	0.5320	-0.9190
0.3208	-0.4244	0.5320	-0.9236
0.3189	-0.4258	0.5320	-0.9280
0.3158	-0.4256	0.5300	-0.9324
0.3151	-0.4287	0.5320	-0.9370
0.3132	-0.4301	0.5320	-0.9414
0.3113	-0.4314	0.5320	-0.9457
0.3082	-0.4312	0.5300	-0.9503
0.3074	-0.4342	0.5320	-0.9547
0.3055	-0.4355	0.5320	-0.9590
0.3035	-0.4369	0.5320	-0.9637
0.3016	-0.4382	0.5320	-0.9680
0.2997	-0.4396	0.5320	-0.9724
0.2976	-0.4409	0.5320	-0.9770
0.2968	-0.4439	0.5340	-0.9815
0.2938	-0.4435	0.5320	-0.9858
0.2917	-0.4449	0.5320	-0.9905
0.2909	-0.4478	0.5340	-0.9948
0.2889	-0.4491	0.5340	-0.9992
0.2868	-0.4504	0.5340	-1.0038
0.2849	-0.4517	0.5340	-1.0081
0.2829	-0.4529	0.5340	-1.0125
0.2808	-0.4542	0.5340	-1.0171
0.2803	-0.4568	0.5360	-1.0204
0.2782	-0.4581	0.5360	-1.0251
0.2747	-0.4579	0.5340	-1.0305
0.2742	-0.4606	0.5360	-1.0338
0.2721	-0.4618	0.5360	-1.0384
0.2700	-0.4630	0.5360	-1.0428
0.2680	-0.4642	0.5360	-1.0471
0.2658	-0.4654	0.5360	-1.0518
0.2638	-0.4666	0.5360	-1.0561
0.2618	-0.4677	0.5360	-1.0606
0.2606	-0.4707	0.5380	-1.0652
0.2586	-0.4718	0.5380	-1.0695
0.2565	-0.4729	0.5380	-1.0739
0.2552	-0.4759	0.5400	-1.0785
0.2531	-0.4770	0.5400	-1.0829
0.2511	-0.4781	0.5400	-1.0872
0.2488	-0.4793	0.5400	-1.0919
0.2477	-0.4821	0.5420	-1.0962
0.2455	-0.4832	0.5420	-1.1006
0.2433	-0.4843	0.5420	-1.1052
0.2412	-0.4854	0.5420	-1.1096
0.2391	-0.4864	0.5420	-1.1140
0.2368	-0.4875	0.5420	-1.1186
0.2356	-0.4904	0.5440	-1.1230
0.2334	-0.4914	0.5440	-1.1273
0.2320	-0.4943	0.5460	-1.1320
0.2298	-0.4953	0.5460	-1.1363
0.2277	-0.4963	0.5460	-1.1407
0.2254	-0.4973	0.5460	-1.1453
0.2246	-0.4999	0.5480	-1.1486
0.2222	-0.5009	0.5480	-1.1533
0.2201	-0.5019	0.5480	-1.1576
0.2186	-0.5047	0.5500	-1.1620
0.2163	-0.5057	0.5500	-1.1666
0.2141	-0.5066	0.5500	-1.1710
0.2127	-0.5094	0.5520	-1.1753
0.2111	-0.5122	0.5540	-1.1799
0.2088	-0.5131	0.5540	-1.1843
0.2073	-0.5159	0.5560	-1.1886
0.2049	-0.5169	0.5560	-1.1933
0.2027	-0.5177	0.5560	-1.1977
0.2011	-0.5205	0.5580	-1.2021
0.2000	-0.5231	0.5600	-1.2056
0.1977	-0.5239	0.5600	-1.2099
0.1942	-0.5231	0.5580	-1.2154
0.1917	-0.5240	0.5580	-1.2201
0.1894	-0.5249	0.5580	-1.2244
0.1883	-0.5274	0.5600	-1.2280
0.1866	-0.5301	0.5620	-1.2324
0.1836	-0.5290	0.5600	-1.2367
0.1812	-0.5299	0.5600	-1.2413
0.1795	-0.5326	0.5620	-1.2457
0.1778	-0.5352	0.5640	-1.2500
0.1753	-0.5361	0.5640	-1.2547
0.1736	-0.5387	0.5660	-1.2590
0.1711	-0.5395	0.5660	-1.2637
0.1694	-0.5422	0.5680	-1.2680
0.1676	-0.5448	0.5700	-1.2724
0.1650	-0.5456	0.5700	-1.2770
0.1638	-0.5480	0.5720	-1.2803
0.1613	-0.5488	0.5720	-1.2850
0.1594	-0.5514	0.5740	-1.2893
0.1570	-0.5521	0.5740	-1.2937
0.1550	-0.5548	0.5760	-1.2983
0.1531	-0.5573	0.5780	-1.3026
0.1507	-0.5580	0.5780	-1.3070
0.1486	-0.5606	0.5800	-1.3116
0.1467	-0.5632	0.5820	-1.3161
0.1441	-0.5639	0.5820	-1.3207
0.1421	-0.5665	0.5840	-1.3251
0.1396	-0.5671	0.5840	-1.3294
0.1381	-0.5695	0.5860	-1.3329
0.1360	-0.5720	0.5880	-1.3373
0.1334	-0.5727	0.5880	-1.3419
0.1313	-0.5752	0.5900	-1.3464
0.1293	-0.5777	0.5920	-1.3507
0.1270	-0.5803	0.5940	-1.3553
0.1245	-0.5808	0.5940	-1.3597
0.1224	-0.5833	0.5960	-1.3640
0.1196	-0.5839	0.5960	-1.3687
0.1175	-0.5863	0.5980	-1.3730
0.1158	-0.5887	0.6000	-1.3766
0.1132	-0.5892	0.6000	-1.3810
0.1112	-0.5937	0.6040	-1.3856
0.1086	-0.5942	0.6040	-1.3900
0.1064	-0.5966	0.6060	-1.3943
0.1036	-0.5971	0.6060	-1.3990
0.1014	-0.5995	0.6080	-1.4033
0.0990	-0.6019	0.6100	-1.4077
0.0966	-0.6043	0.6120	-1.4123
0.0943	-0.6067	0.6140	-1.4166
0.0924	-0.6090	0.6160	-1.4202
0.0900	-0.6114	0.6180	-1.4246
0.0875	-0.6138	0.6200	-1.4292
0.0848	-0.6142	0.6200	-1.4336
0.0824	-0.6165	0.6220	-1.4379
0.0798	-0.6189	0.6240	-1.4426
0.0773	-0.6212	0.6260	-1.4469
0.0748	-0.6235	0.6280	-1.4513
0.0722	-0.6258	0.6300	-1.4559
0.0702	-0.6281	0.6320	-1.4595
0.0677	-0.6304	0.6340	-1.4638
0.0651	-0.6327	0.6360	-1.4682
0.0624	-0.6349	0.6380	-1.4728
0.0596	-0.6352	0.6380	-1.4772
0.0572	-0.6394	0.6420	-1.4815
0.0544	-0.6417	0.6440	-1.4862
0.0516	-0.6419	0.6440	-1.4905
0.0489	-0.6441	0.6460	-1.4950
0.0469	-0.6483	0.6500	-1.4985
0.0443	-0.6505	0.6520	-1.5028
0.0414	-0.6527	0.6540	-1.5075
0.0387	-0.6549	0.6560	-1.5118
0.0358	-0.6570	0.6580	-1.5164
0.0330	-0.6592	0.6600	-1.5208
0.0303	-0.6633	0.6640	-1.5252
0.0272	-0.6634	0.6640	-1.5299
0.0251	-0.6655	0.6660	-1.5331
0.0222	-0.6696	0.6700	-1.5377
0.0193	-0.6737	0.6740	-1.5421
0.0164	-0.6738	0.6740	-1.5464
0.0132	-0.6739	0.6740	-1.5511
0.0104	-0.6759	0.6760	-1.5555
0.0074	-0.6800	0.6800	-1.5599
0.0051	-0.6860	0.6860	-1.5634
0.0019	-0.6900	0.6900	-1.5680
-0.0011	-0.6920	0.6920	-1.5724
-0.0041	-0.6900	0.6900	-1.5767
-0.0073	-0.6920	0.6920	-1.5813
-0.0104	-0.6939	0.6940	-1.5858
-0.0135	-0.6979	0.6980	-1.5901
-0.0168	-0.7018	0.7020	-1.5948
-0.0194	-0.7037	0.7040	-1.5983
-0.0225	-0.7076	0.7080	-1.6026
-0.0257	-0.7095	0.7100	-1.6070
-0.0292	-0.7134	0.7140	-1.6116
-0.0325	-0.7173	0.7180	-1.6160
-0.0356	-0.7171	0.7180	-1.6204
-0.0392	-0.7209	0.7220	-1.6251
-0.0417	-0.7248	0.7260	-1.6283
-0.0452	-0.7266	0.7280	-1.6329
-0.0485	-0.7284	0.7300	-1.6373
-0.0520	-0.7322	0.7340	-1.6416
-0.0556	-0.7359	0.7380	-1.6462
-0.0590	-0.7376	0.7400	-1.6507
-0.0628	-0.7413	0.7440	-1.6553
-0.0654	-0.7431	0.7460	-1.6585
-0.0692	-0.7468	0.7500	-1.6632
-0.0728	-0.7505	0.7540	-1.6675
-0.0763	-0.7521	0.7560	-1.6719
-0.0802	-0.7558	0.7600	-1.6765
-0.0840	-0.7594	0.7640	-1.6810
-0.0879	-0.7629	0.7680	-1.6856
-0.0907	-0.7646	0.7700	-1.6888
-0.0950	-0.7702	0.7760	-1.6935
-0.0986	-0.7717	0.7780	-1.6978
-0.1026	-0.7752	0.7820	-1.7024
-0.1066	-0.7787	0.7860	-1.7068
-0.1105	-0.7822	0.7900	-1.7112
-0.1139	-0.7858	0.7940	-1.7147
-0.1182	-0.7892	0.7980	-1.7194
-0.1222	-0.7926	0.8020	-1.7237
-0.1263	-0.7960	0.8060	-1.7281
-0.1303	-0.7974	0.8080	-1.7327
-0.1344	-0.8008	0.8120	-1.7371
-0.1386	-0.8041	0.8160	-1.7415
-0.1421	-0.8076	0.8200	-1.7450
-0.1466	-0.8109	0.8240	-1.7496
-0.1512	-0.8161	0.8300	-1.7540
-0.1555	-0.8194	0.8340	-1.7583
-0.1601	-0.8226	0.8380	-1.7630
-0.1644	-0.8258	0.8420	-1.7673
-0.1691	-0.8289	0.8460	-1.7720
-0.1733	-0.8342	0.8520	-1.7756
-0.1777	-0.8374	0.8560	-1.7799
-0.1822	-0.8405	0.8600	-1.7843
-0.1874	-0.8455	0.8660	-1.7889
-0.1920	-0.8485	0.8700	-1.7933
-0.1966	-0.8516	0.8740	-1.7976
-0.2009	-0.8567	0.8800	-1.8012
-0.2058	-0.8597	0.8840	-1.8058
-0.2106	-0.8627	0.8880	-1.8102
-0.2162	-0.8695	0.8960	-1.8145
-0.2223	-0.8763	0.9040	-1.8192
-0.2270	-0.8792	0.9080	-1.8235
-0.2312	-0.8822	0.9120	-1.8271
-0.2366	-0.8870	0.9180	-1.8315
-0.2423	-0.8917	0.9240	-1.8361
-0.2473	-0.8945	0.9280	-1.8405
-0.2535	-0.9010	0.9360	-1.8451
-0.2592	-0.9057	0.9420	-1.8495
-0.2646	-0.9124	0.9500	-1.8530
-0.2702	-0.9170	0.9560	-1.8574
-0.2750	-0.9177	0.9580	-1.8620
-0.2808	-0.9222	0.9640	-1.8664
-0.2871	-0.9286	0.9720	-1.8707
-0.2939	-0.9349	0.9800	-1.8754
-0.2990	-0.9396	0.9860	-1.8789
-0.3049	-0.9440	0.9920	-1.8832
-0.4781	-0.1860	0.5130	-2.7707
-0.4726	-0.1808	0.5060	-2.7761
-0.4670	-0.1758	0.4990	-2.7816
-0.4612	-0.1713	0.4920	-2.7859
-0.4556	-0.1664	0.4850	-2.7914
-0.4508	-0.1619	0.4790	-2.7968
-0.4459	-0.1579	0.4730	-2.8012
-0.4401	-0.1532	0.4660	-2.8067
-0.4353	-0.1489	0.4600	-2.8121
-0.4304	-0.1446	0.4540	-2.8175
-0.4253	-0.1407	0.4480	-2.8222
-0.4214	-0.1368	0.4430	-2.8277
-0.4163	-0.1328	0.4370	-2.8329
-0.4122	-0.1294	0.4320	-2.8375
-0.4081	-0.1256	0.4270	-2.8429
-0.4040	-0.1220	0.4220	-2.8484
-0.3997	-0.1188	0.4170	-2.8527
-0.3956	-0.1152	0.4120	-2.8582
-0.3923	-0.1119	0.4080	-2.8637
-0.3890	-0.1091	0.4040	-2.8681
-0.3847	-0.1057	0.3990	-2.8734
-0.3814	-0.1026	0.3950	-2.8789
-0.3772	-0.0992	0.3900	-2.8844
-0.3737	-0.0966	0.3860	-2.8888
-0.3704	-0.0935	0.3820	-2.8942
-0.3679	-0.0911	0.3790	-2.8988
-0.3645	-0.0882	0.3750	-2.9043
-0.3611	-0.0853	0.3710	-2.9095
-0.3585	-0.0830	0.3680	-2.9141
-0.3551	-0.0802	0.3640	-2.9195
-0.3526	-0.0776	0.3610	-2.9250
-0.3500	-0.0754	0.3580	-2.9294
-0.3465	-0.0727	0.3540	-2.9348
-0.3439	-0.0702	0.3510	-2.9403
-0.3413	-0.0681	0.3480	-2.9447
-0.3387	-0.0657	0.3450	-2.9501
-0.3360	-0.0635	0.3420	-2.9547
-0.3334	-0.0613	0.3390	-2.9599
-0.3308	-0.0589	0.3360	-2.9654
-0.3281	-0.0569	0.3330	-2.9700
-0.3255	-0.0546	0.3300	-2.9754
-0.3237	-0.0528	0.3280	-2.9799
-0.3210	-0.0506	0.3250	-2.9853
-0.3193	-0.0485	0.3230	-2.9908
-0.3166	-0.0467	0.3200	-2.9951
-0.3148	-0.0447	0.3180	-3.0006
-0.3121	-0.0426	0.3150	-3.0060
-0.3103	-0.0410	0.3130	-3.0103
-0.3085	-0.0390	0.3110	-3.0158
-0.3067	-0.0374	0.3090	-3.0202
-0.3049	-0.0355	0.3070	-3.0257
-0.3021	-0.0339	0.3040	-3.0300
-0.3003	-0.0321	0.3020	-3.0352
-0.2984	-0.0305	0.3000	-3.0396
-0.2966	-0.0287	0.2980	-3.0450
-0.2948	-0.0270	0.2960	-3.0504
-0.2929	-0.0255	0.2940	-3.0548
-0.2910	-0.0238	0.2920	-3.0600
-0.2891	-0.0224	0.2900	-3.0644
-0.2873	-0.0207	0.2880	-3.0698
-0.2854	-0.0193	0.2860	-3.0742
-0.2845	-0.0176	0.2850	-3.0797
-0.5114	-0.0254	0.5120	-3.0919
-0.5055	-0.0229	0.5060	-3.0962
-0.4986	-0.0198	0.4990	-3.1020
-0.4917	-0.0172	0.4920	-3.1066
-0.4858	-0.0143	0.4860	-3.1121
-0.4799	-0.0115	0.4800	-3.1175
-0.4739	-0.0092	0.4740	-3.1222
-0.4680	-0.0066	0.4680	-3.1276
-0.4620	-0.0038	0.4620	-3.1333
-0.4560	-0.0016	0.4560	-3.1380
