x	y	r	phi
-0.6100	0.0020	0.6100	3.1383
-0.6120	0.0052	0.6120	3.1332
-0.6159	0.0079	0.6160	3.1288
-0.6199	0.0111	0.6200	3.1237
-0.6218	0.0144	0.6220	3.1185
-0.6257	0.0177	0.6260	3.1133
-0.6276	0.0212	0.6280	3.1078
-0.6315	0.0239	0.6320	3.1037
-0.6354	0.0276	0.6360	3.0983
-0.6392	0.0310	0.6400	3.0931
-0.6411	0.0345	0.6420	3.0879
-0.6449	0.0380	0.6460	3.0827
-0.6487	0.0410	0.6500	3.0784
-0.6525	0.0447	0.6540	3.0732
-0.6562	0.0484	0.6580	3.0680
-0.6599	0.0521	0.6620	3.0628
-0.6637	0.0553	0.6660	3.0585
-0.6674	0.0591	0.6700	3.0533
-0.6710	0.0631	0.6740	3.0478
-0.6747	0.0670	0.6780	3.0427
-0.6783	0.0709	0.6820	3.0375
-0.6800	0.0741	0.6840	3.0331
-0.6855	0.0783	0.6900	3.0279
-0.6891	0.0821	0.6940	3.0230
-0.6927	0.0862	0.6980	3.0178
-0.6962	0.0901	0.7020	3.0129
-0.6998	0.0935	0.7060	3.0088
-0.7033	0.0976	0.7100	3.0036
-0.7087	0.1021	0.7160	2.9985
-0.7121	0.1062	0.7200	2.9936
-0.7156	0.1097	0.7240	2.9894
-0.7210	0.1144	0.7300	2.9843
-0.7263	0.1189	0.7360	2.9794
-0.7297	0.1233	0.7400	2.9742
-0.7330	0.1275	0.7440	2.9693
-0.7384	0.1316	0.7500	2.9652
-0.7416	0.1362	0.7540	2.9600
-0.7468	0.1409	0.7600	2.9551
-0.7520	0.1459	0.7660	2.9499
-0.7553	0.1498	0.7700	2.9458
-0.7624	0.1551	0.7780	2.9409
-0.7674	0.1602	0.7840	2.9358
-0.7706	0.1648	0.7880	2.9309
-0.7757	0.1693	0.7940	2.9267
-0.7807	0.1746	0.8000	2.9216
-0.7857	0.1798	0.8060	2.9167
-0.7925	0.1857	0.8140	2.9115
-0.7976	0.1903	0.8200	2.9074
-0.8044	0.1961	0.8280	2.9025
-0.8112	0.2022	0.8360	2.8973
-0.8140	0.2074	0.8400	2.8921
-0.8188	0.2129	0.8460	2.8872
-0.8256	0.2183	0.8540	2.8831
-0.8322	0.2246	0.8620	2.8779
-0.8388	0.2308	0.8700	2.8731
-0.8434	0.2368	0.8760	2.8679
-0.8501	0.2425	0.8840	2.8638
-0.8566	0.2489	0.8920	2.8589
-0.8630	0.2556	0.9000	2.8537
-0.8694	0.2621	0.9080	2.8488
-0.8759	0.2680	0.9160	2.8447
-0.8822	0.2749	0.9240	2.8395
-0.8903	0.2822	0.9340	2.8346
-0.8965	0.2893	0.9420	2.8294
-0.9029	0.2955	0.9500	2.8253
-0.9109	0.3031	0.9600	2.8204
-0.9207	0.3116	0.9720	2.8152
-0.9267	0.3188	0.9800	2.8103
-0.9348	0.3258	0.9900	2.8062
-0.0849	0.4877	0.4950	1.7432
-0.0812	0.4842	0.4910	1.7369
-0.0781	0.4807	0.4870	1.7318
-0.0749	0.4772	0.4830	1.7266
-0.0713	0.4737	0.4790	1.7203
-0.0684	0.4711	0.4760	1.7151
-0.0650	0.4675	0.4720	1.7089
-0.0621	0.4649	0.4690	1.7037
-0.0591	0.4612	0.4650	1.6982
-0.0559	0.4586	0.4620	1.6922
-0.0530	0.4549	0.4580	1.6867
-0.0498	0.4523	0.4550	1.6805
-0.0471	0.4495	0.4520	1.6753
-0.0444	0.4458	0.4480	1.6701
-0.0413	0.4431	0.4450	1.6638
-0.0388	0.4403	0.4420	1.6586
-0.0358	0.4375	0.4390	1.6524
-0.0333	0.4347	0.4360	1.6472
-0.0308	0.4319	0.4330	1.6420
-0.0279	0.4291	0.4300	1.6357
-0.0255	0.4262	0.4270	1.6305
-0.0230	0.4234	0.4240	1.6252
-0.0204	0.4215	0.4220	1.6191
-0.0180	0.4186	0.4190	1.6137
-0.0157	0.4167	0.4170	1.6085
-0.0130	0.4138	0.4140	1.6022
-0.0108	0.4119	0.4120	1.5971
-0.0082	0.4089	0.4090	1.5907
-0.0060	0.4060	0.4060	1.5856
-0.0039	0.4040	0.4040	1.5804
-0.0013	0.4020	0.4020	1.5742
0.0007	0.4000	0.4000	1.5690
0.0029	0.3970	0.3970	1.5635
0.0053	0.3950	0.3950	1.5575
0.0074	0.3929	0.3930	1.5520
0.0094	0.3909	0.3910	1.5468
0.0117	0.3888	0.3890	1.5406
0.0137	0.3868	0.3870	1.5354
0.0156	0.3847	0.3850	1.5302
0.0179	0.3826	0.3830	1.5239
0.0198	0.3805	0.3810	1.5187
0.0218	0.3784	0.3790	1.5133
0.0239	0.3762	0.3770	1.5073
0.0257	0.3741	0.3750	1.5022
0.0274	0.3720	0.3730	1.4972
0.0296	0.3698	0.3710	1.4909
0.0313	0.3687	0.3700	1.4860
0.0330	0.3665	0.3680	1.4809
0.0351	0.3643	0.3660	1.4748
0.0367	0.3622	0.3640	1.4699
0.0384	0.3610	0.3630	1.4648
0.0404	0.3587	0.3610	1.4587
0.0420	0.3575	0.3600	1.4538
0.0436	0.3553	0.3580	1.4487
0.0455	0.3531	0.3560	1.4427
0.0472	0.3519	0.3550	1.4375
0.0486	0.3496	0.3530	1.4325
0.0504	0.3474	0.3510	1.4266
0.0521	0.3461	0.3500	1.4214
0.0536	0.3449	0.3490	1.4165
0.0551	0.3426	0.3470	1.4113
0.0570	0.3413	0.3460	1.4053
0.0585	0.3400	0.3450	1.4004
0.0599	0.3377	0.3430	1.3953
0.0614	0.3364	0.3420	1.3903
0.0633	0.3351	0.3410	1.3840
0.0646	0.3328	0.3390	1.3791
0.0661	0.3315	0.3380	1.3740
0.0675	0.3302	0.3370	1.3691
0.0693	0.3288	0.3360	1.3630
0.0706	0.3265	0.3340	1.3579
0.0720	0.3251	0.3330	1.3530
0.0737	0.3237	0.3320	1.3469
0.0752	0.3224	0.3310	1.3418
0.0765	0.3210	0.3300	1.3369
0.0777	0.3187	0.3280	1.3317
0.0794	0.3172	0.3270	1.3256
0.0810	0.3168	0.3270	1.3205
0.0823	0.3154	0.3260	1.3156
0.0834	0.3131	0.3240	1.3104
0.0850	0.3116	0.3230	1.3044
0.0863	0.3102	0.3220	1.2995
0.0876	0.3088	0.3210	1.2943
0.0889	0.3074	0.3200	1.2894
0.0905	0.3070	0.3200	1.2842
0.0917	0.3045	0.3180	1.2782
0.0929	0.3031	0.3170	1.2733
0.0942	0.3016	0.3160	1.2681
0.0957	0.3001	0.3150	1.2622
0.0972	0.2996	0.3150	1.2570
0.0984	0.2982	0.3140	1.2520
0.0996	0.2967	0.3130	1.2468
0.1008	0.2953	0.3120	1.2419
0.1022	0.2937	0.3110	1.2360
0.1034	0.2922	0.3100	1.2307
0.1048	0.2917	0.3100	1.2258
0.1060	0.2903	0.3090	1.2207
0.1071	0.2888	0.3080	1.2158
0.1085	0.2872	0.3070	1.2097
0.1099	0.2866	0.3070	1.2046
0.1110	0.2852	0.3060	1.1997
0.1121	0.2837	0.3050	1.1945
0.1132	0.2821	0.3040	1.1893
0.1145	0.2805	0.3030	1.1834
0.1159	0.2800	0.3030	1.1784
0.1169	0.2784	0.3020	1.1732
0.1183	0.2779	0.3020	1.1683
0.1193	0.2763	0.3010	1.1631
0.1203	0.2748	0.3000	1.1583
0.1217	0.2742	0.3000	1.1531
0.1229	0.2726	0.2990	1.1470
0.1239	0.2710	0.2980	1.1421
0.1248	0.2695	0.2970	1.1370
0.1262	0.2689	0.2970	1.1321
0.1275	0.2682	0.2970	1.1269
0.1287	0.2665	0.2960	1.1209
0.1297	0.2650	0.2950	1.1157
0.1310	0.2643	0.2950	1.1108
0.1319	0.2628	0.2940	1.1056
0.1332	0.2621	0.2940	1.1007
0.1341	0.2605	0.2930	1.0955
0.1352	0.2588	0.2920	1.0895
0.1364	0.2582	0.2920	1.0846
0.1373	0.2566	0.2910	1.0794
0.1381	0.2550	0.2900	1.0746
0.1394	0.2543	0.2900	1.0694
0.1407	0.2536	0.2900	1.0644
0.1420	0.2529	0.2900	1.0592
0.1430	0.2512	0.2890	1.0533
0.1438	0.2495	0.2880	1.0481
0.1450	0.2488	0.2880	1.0431
0.1458	0.2472	0.2870	1.0379
0.1470	0.2465	0.2870	1.0330
0.1478	0.2449	0.2860	1.0279
0.1490	0.2441	0.2860	1.0230
0.1502	0.2434	0.2860	1.0178
0.1512	0.2416	0.2850	1.0118
0.1523	0.2409	0.2850	1.0069
0.1536	0.2401	0.2850	1.0017
0.1543	0.2384	0.2840	0.9965
0.1555	0.2376	0.2840	0.9913
0.1567	0.2368	0.2840	0.9862
0.1574	0.2352	0.2830	0.9810
0.1586	0.2344	0.2830	0.9758
0.1599	0.2335	0.2830	0.9703
0.1611	0.2327	0.2830	0.9652
0.1623	0.2318	0.2830	0.9600
0.1632	0.2300	0.2820	0.9538
0.1644	0.2291	0.2820	0.9485
0.1656	0.2283	0.2820	0.9433
0.1662	0.2266	0.2810	0.9381
0.1667	0.2249	0.2800	0.9329
0.1685	0.2249	0.2810	0.9278
0.1697	0.2240	0.2810	0.9226
0.1702	0.2223	0.2800	0.9174
0.1714	0.2214	0.2800	0.9120
0.1726	0.2205	0.2800	0.9068
0.1732	0.2187	0.2790	0.9008
0.1744	0.2178	0.2790	0.8957
0.1756	0.2168	0.2790	0.8902
0.1767	0.2159	0.2790	0.8850
0.1772	0.2142	0.2780	0.8798
0.1783	0.2133	0.2780	0.8747
0.1800	0.2132	0.2790	0.8695
0.1811	0.2122	0.2790	0.8643
0.1816	0.2105	0.2780	0.8590
0.1827	0.2096	0.2780	0.8539
0.1831	0.2078	0.2770	0.8485
0.1842	0.2069	0.2770	0.8433
0.1860	0.2066	0.2780	0.8380
0.1864	0.2049	0.2770	0.8329
0.1874	0.2040	0.2770	0.8277
0.1885	0.2030	0.2770	0.8225
0.1902	0.2028	0.2780	0.8173
0.1906	0.2010	0.2770	0.8121
0.1917	0.2000	0.2770	0.8067
0.1927	0.1990	0.2770	0.8015
0.1937	0.1980	0.2770	0.7963
0.1947	0.1970	0.2770	0.7912
0.1958	0.1960	0.2770	0.7860
0.1968	0.1950	0.2770	0.7808
0.1978	0.1939	0.2770	0.7756
0.1988	0.1929	0.2770	0.7704
0.1998	0.1918	0.2770	0.7650
0.2008	0.1908	0.2770	0.7598
0.2018	0.1897	0.2770	0.7546
0.2028	0.1887	0.2770	0.7494
0.2038	0.1876	0.2770	0.7443
0.2047	0.1866	0.2770	0.7391
0.2057	0.1855	0.2770	0.7339
0.2066	0.1845	0.2770	0.7287
0.2077	0.1833	0.2770	0.7233
0.2086	0.1823	0.2770	0.7181
0.2095	0.1812	0.2770	0.7129
0.2105	0.1801	0.2770	0.7077
0.2114	0.1790	0.2770	0.7026
0.2123	0.1779	0.2770	0.6974
0.2132	0.1768	0.2770	0.6922
0.2149	0.1763	0.2780	0.6870
0.2159	0.1751	0.2780	0.6816
0.2168	0.1740	0.2780	0.6764
0.2177	0.1729	0.2780	0.6712
0.2186	0.1718	0.2780	0.6660
0.2195	0.1706	0.2780	0.6609
0.2204	0.1695	0.2780	0.6557
0.2220	0.1689	0.2790	0.6504
0.2229	0.1678	0.2790	0.6452
0.2230	0.1660	0.2780	0.6399
0.2247	0.1654	0.2790	0.6347
0.2255	0.1642	0.2790	0.6294
0.2264	0.1631	0.2790	0.6242
0.2272	0.1619	0.2790	0.6191
0.2287	0.1615	0.2800	0.6147
0.2296	0.1603	0.2800	0.6096
0.2304	0.1591	0.2800	0.6044
0.2312	0.1579	0.2800	0.5992
0.2329	0.1573	0.2810	0.5940
0.2337	0.1561	0.2810	0.5889
0.2345	0.1549	0.2810	0.5837
0.2353	0.1536	0.2810	0.5782
0.2361	0.1524	0.2810	0.5730
0.2377	0.1517	0.2820	0.5679
0.2385	0.1504	0.2820	0.5627
0.2393	0.1492	0.2820	0.5575
0.2408	0.1487	0.2830	0.5531
0.2416	0.1474	0.2830	0.5479
0.2423	0.1462	0.2830	0.5427
0.2431	0.1449	0.2830	0.5376
0.2438	0.1436	0.2830	0.5324
0.2454	0.1429	0.2840	0.5272
0.2462	0.1416	0.2840	0.5220
0.2469	0.1403	0.2840	0.5169
0.2485	0.1395	0.2850	0.5114
0.2493	0.1382	0.2850	0.5062
0.2507	0.1376	0.2860	0.5021
0.2514	0.1363	0.2860	0.4969
0.2521	0.1351	0.2860	0.4920
0.2536	0.1343	0.2870	0.4871
0.2543	0.1331	0.2870	0.4821
0.2550	0.1318	0.2870	0.4770
0.2565	0.1310	0.2880	0.4721
0.2571	0.1297	0.2880	0.4672
0.2587	0.1288	0.2890	0.4620
0.2593	0.1276	0.2890	0.4571
0.2599	0.1263	0.2890	0.4522
0.2614	0.1256	0.2900	0.4481
0.2629	0.1248	0.2910	0.4432
0.2635	0.1234	0.2910	0.4380
0.2641	0.1221	0.2910	0.4331
0.2656	0.1212	0.2920	0.4282
0.2670	0.1206	0.2930	0.4241
0.2676	0.1192	0.2930	0.4192
0.2682	0.1179	0.2930	0.4143
0.2697	0.1169	0.2940	0.4091
0.2703	0.1156	0.2940	0.4042
0.2718	0.1147	0.2950	0.3993
0.2733	0.1137	0.2960	0.3941
0.2739	0.1123	0.2960	0.3892
0.2752	0.1116	0.2970	0.3851
0.2758	0.1102	0.2970	0.3802
0.2773	0.1092	0.2980	0.3753
0.2778	0.1078	0.2980	0.3701
0.2793	0.1068	0.2990	0.3652
0.2806	0.1060	0.3000	0.3612
0.2812	0.1046	0.3000	0.3562
0.2826	0.1036	0.3010	0.3513
0.2832	0.1021	0.3010	0.3461
0.2846	0.1011	0.3020	0.3412
0.2860	0.1000	0.3030	0.3363
0.2865	0.0986	0.3030	0.3313
0.2879	0.0977	0.3040	0.3273
0.2902	0.0970	0.3060	0.3224
0.2907	0.0955	0.3060	0.3172
0.2912	0.0940	0.3060	0.3123
0.2926	0.0929	0.3070	0.3074
0.2939	0.0920	0.3080	0.3033
0.2944	0.0905	0.3080	0.2984
0.2958	0.0893	0.3090	0.2932
0.2972	0.0881	0.3100	0.2883
0.2986	0.0870	0.3110	0.2834
0.2990	0.0854	0.3110	0.2782
0.3003	0.0845	0.3120	0.2744
0.3027	0.0835	0.3140	0.2692
0.3041	0.0823	0.3150	0.2643
0.3045	0.0808	0.3150	0.2594
0.3058	0.0798	0.3160	0.2553
0.3071	0.0786	0.3170	0.2504
0.3075	0.0770	0.3170	0.2454
0.3089	0.0757	0.3180	0.2403
0.3102	0.0744	0.3190	0.2354
0.3124	0.0736	0.3210	0.2313
0.3128	0.0720	0.3210	0.2264
0.3141	0.0707	0.3220	0.2215
0.3155	0.0693	0.3230	0.2163
0.3167	0.0683	0.3240	0.2125
0.3190	0.0671	0.3260	0.2073
0.3193	0.0655	0.3260	0.2024
0.3206	0.0642	0.3270	0.1975
0.3219	0.0630	0.3280	0.1934
0.3232	0.0616	0.3290	0.1885
0.3255	0.0603	0.3310	0.1833
0.3267	0.0589	0.3320	0.1784
0.3280	0.0577	0.3330	0.1743
0.3292	0.0563	0.3340	0.1694
0.3305	0.0549	0.3350	0.1645
0.3317	0.0533	0.3360	0.1593
0.3329	0.0522	0.3370	0.1555
0.3352	0.0508	0.3390	0.1503
0.3364	0.0493	0.3400	0.1454
0.3376	0.0477	0.3410	0.1405
0.3388	0.0465	0.3420	0.1364
0.3400	0.0450	0.3430	0.1315
0.3422	0.0435	0.3450	0.1266
0.3435	0.0419	0.3460	0.1214
0.3446	0.0406	0.3470	0.1173
0.3468	0.0391	0.3490	0.1124
0.3480	0.0375	0.3500	0.1075
0.3492	0.0359	0.3510	0.1026
0.3513	0.0347	0.3530	0.0985
0.3525	0.0331	0.3540	0.0936
0.3536	0.0313	0.3550	0.0884
0.3557	0.0302	0.3570	0.0846
0.3569	0.0284	0.3580	0.0794
0.3590	0.0268	0.3600	0.0745
0.3611	0.0255	0.3620	0.0704
0.3622	0.0238	0.3630	0.0655
0.3643	0.0221	0.3650	0.0606
0.3654	0.0203	0.3660	0.0554
0.3675	0.0190	0.3680	0.0516
0.3686	0.0171	0.3690	0.0464
0.3707	0.0154	0.3710	0.0415
0.3727	0.0139	0.3730	0.0374
0.3738	0.0120	0.3740	0.0322
0.3759	0.0102	0.3760	0.0270
0.3779	0.0083	0.3780	0.0219
0.3789	0.0066	0.3790	0.0175
0.3810	0.0047	0.3810	0.0123
0.3830	0.0027	0.3830	0.0071
0.3850	0.0012	0.3850	0.0031
0.3860	-0.0008	0.3860	-0.0021
0.3880	-0.0028	0.3880	-0.0073
0.3900	-0.0049	0.3900	-0.0125
0.3919	-0.0065	0.3920	-0.0166
0.3939	-0.0086	0.3940	-0.0218
0.3958	-0.0127	0.3960	-0.0321
0.4008	-0.0313	0.4020	-0.0779
0.3966	-0.0330	0.3980	-0.0831
0.3944	-0.0353	0.3960	-0.0892
0.3922	-0.0371	0.3940	-0.0943
0.3901	-0.0389	0.3920	-0.0995
0.3889	-0.0409	0.3910	-0.1047
0.3866	-0.0431	0.3890	-0.1109
0.3844	-0.0448	0.3870	-0.1161
0.3832	-0.0467	0.3860	-0.1213
0.3809	-0.0488	0.3840	-0.1273
0.3787	-0.0505	0.3820	-0.1325
0.3764	-0.0522	0.3800	-0.1377
0.3751	-0.0540	0.3790	-0.1429
0.3728	-0.0560	0.3770	-0.1491
0.3715	-0.0578	0.3760	-0.1543
0.3702	-0.0596	0.3750	-0.1595
0.3680	-0.0612	0.3730	-0.1647
0.3666	-0.0632	0.3720	-0.1707
0.3643	-0.0647	0.3700	-0.1758
0.3630	-0.0664	0.3690	-0.1810
0.3606	-0.0684	0.3670	-0.1873
0.3592	-0.0700	0.3660	-0.1925
0.3579	-0.0717	0.3650	-0.1977
0.3556	-0.0731	0.3630	-0.2029
0.3542	-0.0748	0.3620	-0.2080
0.3518	-0.0764	0.3600	-0.2140
0.3504	-0.0781	0.3590	-0.2192
0.3490	-0.0796	0.3580	-0.2243
0.3476	-0.0813	0.3570	-0.2296
0.3461	-0.0832	0.3560	-0.2358
0.3438	-0.0845	0.3540	-0.2410
0.3424	-0.0860	0.3530	-0.2462
0.3409	-0.0876	0.3520	-0.2514
0.3394	-0.0894	0.3510	-0.2574
0.3380	-0.0909	0.3500	-0.2626
0.3366	-0.0923	0.3490	-0.2678
0.3351	-0.0938	0.3480	-0.2730
0.3337	-0.0953	0.3470	-0.2781
0.3311	-0.0968	0.3450	-0.2844
0.3297	-0.0982	0.3440	-0.2895
0.3292	-0.0999	0.3440	-0.2947
0.3277	-0.1013	0.3430	-0.2999
0.3252	-0.1027	0.3410	-0.3059
0.3237	-0.1041	0.3400	-0.3111
0.3222	-0.1054	0.3390	-0.3163
0.3207	-0.1068	0.3380	-0.3215
0.3201	-0.1085	0.3380	-0.3266
0.3186	-0.1098	0.3370	-0.3318
0.3170	-0.1115	0.3360	-0.3381
0.3154	-0.1128	0.3350	-0.3433
0.3139	-0.1141	0.3340	-0.3485
0.3124	-0.1153	0.3330	-0.3537
0.3108	-0.1168	0.3320	-0.3596
0.3092	-0.1181	0.3310	-0.3648
0.3086	-0.1197	0.3310	-0.3700
0.3070	-0.1209	0.3300	-0.3752
0.3055	-0.1222	0.3290	-0.3804
0.3039	-0.1234	0.3280	-0.3856
0.3022	-0.1249	0.3270	-0.3918
0.3006	-0.1261	0.3260	-0.3970
0.3000	-0.1276	0.3260	-0.4022
0.2993	-0.1292	0.3260	-0.4074
0.2969	-0.1298	0.3240	-0.4123
0.2951	-0.1313	0.3230	-0.4186
0.2944	-0.1328	0.3230	-0.4238
0.2937	-0.1343	0.3230	-0.4289
0.2921	-0.1354	0.3220	-0.4341
0.2905	-0.1365	0.3210	-0.4393
0.2889	-0.1376	0.3200	-0.4445
0.2882	-0.1391	0.3200	-0.4496
0.2864	-0.1404	0.3190	-0.4557
0.2848	-0.1414	0.3180	-0.4609
0.2832	-0.1424	0.3170	-0.4660
0.2815	-0.1435	0.3160	-0.4715
0.2808	-0.1450	0.3160	-0.4767
0.2800	-0.1464	0.3160	-0.4819
0.2783	-0.1476	0.3150	-0.4878
0.2774	-0.1492	0.3150	-0.4933
0.2758	-0.1501	0.3140	-0.4984
0.2750	-0.1515	0.3140	-0.5036
0.2734	-0.1525	0.3130	-0.5088
0.2726	-0.1539	0.3130	-0.5140
0.2709	-0.1548	0.3120	-0.5192
0.2701	-0.1562	0.3120	-0.5243
0.2682	-0.1574	0.3110	-0.5307
0.2666	-0.1583	0.3100	-0.5358
0.2657	-0.1597	0.3100	-0.5410
0.2649	-0.1610	0.3100	-0.5462
0.2641	-0.1624	0.3100	-0.5514
0.2624	-0.1632	0.3090	-0.5565
0.2606	-0.1641	0.3080	-0.5620
0.2598	-0.1655	0.3080	-0.5672
0.2589	-0.1668	0.3080	-0.5724
0.2571	-0.1678	0.3070	-0.5784
0.2562	-0.1692	0.3070	-0.5838
0.2544	-0.1700	0.3060	-0.5890
0.2535	-0.1713	0.3060	-0.5942
0.2527	-0.1726	0.3060	-0.5994
0.2518	-0.1739	0.3060	-0.6046
0.2500	-0.1747	0.3050	-0.6098
0.2491	-0.1760	0.3050	-0.6149
0.2474	-0.1767	0.3040	-0.6201
0.2465	-0.1779	0.3040	-0.6253
0.2456	-0.1792	0.3040	-0.6305
0.2436	-0.1801	0.3030	-0.6367
0.2427	-0.1814	0.3030	-0.6419
0.2418	-0.1827	0.3030	-0.6471
0.2408	-0.1839	0.3030	-0.6522
0.2398	-0.1852	0.3030	-0.6577
0.2380	-0.1858	0.3020	-0.6629
0.2371	-0.1871	0.3020	-0.6680
0.2353	-0.1877	0.3010	-0.6732
0.2344	-0.1889	0.3010	-0.6784
0.2334	-0.1901	0.3010	-0.6837
0.2324	-0.1913	0.3010	-0.6889
0.2314	-0.1925	0.3010	-0.6940
0.2304	-0.1937	0.3010	-0.6992
0.2285	-0.1943	0.3000	-0.7047
0.2275	-0.1955	0.3000	-0.7098
0.2265	-0.1967	0.3000	-0.7150
0.2255	-0.1979	0.3000	-0.7202
0.2252	-0.1997	0.3010	-0.7254
0.2234	-0.2002	0.3000	-0.7306
0.2214	-0.2009	0.2990	-0.7368
0.2204	-0.2020	0.2990	-0.7420
0.2194	-0.2032	0.2990	-0.7471
0.2183	-0.2043	0.2990	-0.7523
0.2172	-0.2054	0.2990	-0.7575
0.2162	-0.2066	0.2990	-0.7627
0.2151	-0.2077	0.2990	-0.7679
0.2140	-0.2088	0.2990	-0.7731
0.2129	-0.2100	0.2990	-0.7785
0.2118	-0.2111	0.2990	-0.7837
0.2107	-0.2122	0.2990	-0.7888
0.2096	-0.2133	0.2990	-0.7941
0.2085	-0.2143	0.2990	-0.7993
0.2074	-0.2154	0.2990	-0.8045
0.2062	-0.2165	0.2990	-0.8097
0.2051	-0.2176	0.2990	-0.8148
0.2033	-0.2179	0.2980	-0.8200
0.2028	-0.2197	0.2990	-0.8252
0.2016	-0.2208	0.2990	-0.8307
0.2005	-0.2218	0.2990	-0.8358
0.1993	-0.2228	0.2990	-0.8410
0.1982	-0.2239	0.2990	-0.8462
0.1964	-0.2241	0.2980	-0.8514
0.1952	-0.2252	0.2980	-0.8565
0.1947	-0.2269	0.2990	-0.8617
0.1935	-0.2279	0.2990	-0.8669
0.1923	-0.2289	0.2990	-0.8721
0.1911	-0.2300	0.2990	-0.8775
0.1899	-0.2310	0.2990	-0.8827
0.1887	-0.2319	0.2990	-0.8879
0.1875	-0.2329	0.2990	-0.8931
0.1863	-0.2339	0.2990	-0.8982
0.1859	-0.2354	0.3000	-0.9024
0.1846	-0.2365	0.3000	-0.9078
0.1834	-0.2374	0.3000	-0.9130
0.1822	-0.2383	0.3000	-0.9182
0.1809	-0.2393	0.3000	-0.9234
0.1797	-0.2402	0.3000	-0.9285
0.1785	-0.2412	0.3000	-0.9337
0.1772	-0.2421	0.3000	-0.9389
0.1765	-0.2438	0.3010	-0.9441
0.1753	-0.2447	0.3010	-0.9492
0.1740	-0.2456	0.3010	-0.9544
0.1732	-0.2474	0.3020	-0.9599
0.1719	-0.2483	0.3020	-0.9651
0.1707	-0.2492	0.3020	-0.9702
0.1689	-0.2492	0.3010	-0.9751
0.1681	-0.2509	0.3020	-0.9803
0.1669	-0.2517	0.3020	-0.9852
0.1661	-0.2534	0.3030	-0.9905
0.1648	-0.2543	0.3030	-0.9956
0.1636	-0.2551	0.3030	-1.0005
0.1631	-0.2566	0.3040	-1.0046
0.1618	-0.2574	0.3040	-1.0097
0.1605	-0.2582	0.3040	-1.0147
0.1591	-0.2590	0.3040	-1.0199
0.1584	-0.2607	0.3050	-1.0248
0.1570	-0.2615	0.3050	-1.0300
0.1557	-0.2622	0.3050	-1.0349
0.1544	-0.2630	0.3050	-1.0400
0.1536	-0.2647	0.3060	-1.0449
0.1522	-0.2654	0.3060	-1.0501
0.1514	-0.2671	0.3070	-1.0551
0.1500	-0.2679	0.3070	-1.0603
0.1486	-0.2686	0.3070	-1.0654
0.1473	-0.2693	0.3070	-1.0703
0.1467	-0.2708	0.3080	-1.0745
0.1453	-0.2716	0.3080	-1.0796
0.1444	-0.2732	0.3090	-1.0845
0.1435	-0.2748	0.3100	-1.0897
0.1421	-0.2755	0.3100	-1.0946
0.1407	-0.2762	0.3100	-1.0998
0.1393	-0.2769	0.3100	-1.1047
0.1379	-0.2776	0.3100	-1.1098
0.1369	-0.2792	0.3110	-1.1148
0.1363	-0.2807	0.3120	-1.1188
0.1348	-0.2814	0.3120	-1.1240
0.1334	-0.2820	0.3120	-1.1290
0.1324	-0.2836	0.3130	-1.1342
0.1314	-0.2852	0.3140	-1.1391
0.1299	-0.2859	0.3140	-1.1443
0.1284	-0.2865	0.3140	-1.1494
0.1274	-0.2881	0.3150	-1.1543
0.1259	-0.2887	0.3150	-1.1595
0.1251	-0.2902	0.3160	-1.1636
0.1237	-0.2908	0.3160	-1.1685
0.1226	-0.2923	0.3170	-1.1737
0.1216	-0.2939	0.3180	-1.1786
0.1200	-0.2945	0.3180	-1.1838
0.1190	-0.2960	0.3190	-1.1886
0.1181	-0.2974	0.3200	-1.1928
0.1166	-0.2980	0.3200	-1.1979
0.1151	-0.2986	0.3200	-1.2028
0.1139	-0.3001	0.3210	-1.2080
0.1128	-0.3016	0.3220	-1.2130
0.1112	-0.3022	0.3220	-1.2182
0.1100	-0.3037	0.3230	-1.2233
0.1092	-0.3051	0.3240	-1.2272
0.1079	-0.3066	0.3250	-1.2324
0.1066	-0.3081	0.3260	-1.2375
0.1051	-0.3086	0.3260	-1.2424
0.1035	-0.3091	0.3260	-1.2476
0.1023	-0.3106	0.3270	-1.2525
0.1014	-0.3119	0.3280	-1.2566
0.1001	-0.3134	0.3290	-1.2618
0.0988	-0.3149	0.3300	-1.2667
0.0972	-0.3154	0.3300	-1.2719
0.0959	-0.3168	0.3310	-1.2768
0.0946	-0.3182	0.3320	-1.2819
0.0935	-0.3196	0.3330	-1.2861
0.0923	-0.3210	0.3340	-1.2909
0.0906	-0.3215	0.3340	-1.2961
0.0893	-0.3229	0.3350	-1.3010
0.0879	-0.3243	0.3360	-1.3062
0.0868	-0.3256	0.3370	-1.3103
0.0855	-0.3270	0.3380	-1.3152
0.0840	-0.3284	0.3390	-1.3204
0.0824	-0.3288	0.3390	-1.3254
0.0809	-0.3302	0.3400	-1.3305
0.0800	-0.3325	0.3420	-1.3346
0.0785	-0.3339	0.3430	-1.3397
0.0769	-0.3343	0.3430	-1.3446
0.0754	-0.3356	0.3440	-1.3499
0.0742	-0.3380	0.3460	-1.3548
0.0730	-0.3392	0.3470	-1.3588
0.0712	-0.3396	0.3470	-1.3640
0.0698	-0.3409	0.3480	-1.3690
0.0684	-0.3433	0.3500	-1.3742
0.0669	-0.3446	0.3510	-1.3790
0.0657	-0.3458	0.3520	-1.3832
0.0640	-0.3471	0.3530	-1.3883
0.0625	-0.3484	0.3540	-1.3932
0.0609	-0.3497	0.3550	-1.3984
0.0593	-0.3510	0.3560	-1.4033
0.0582	-0.3532	0.3580	-1.4074
0.0566	-0.3545	0.3590	-1.4126
0.0550	-0.3558	0.3600	-1.4175
0.0533	-0.3570	0.3610	-1.4227
0.0521	-0.3592	0.3630	-1.4268
0.0505	-0.3605	0.3640	-1.4317
0.0487	-0.3617	0.3650	-1.4369
0.0471	-0.3640	0.3670	-1.4420
0.0457	-0.3651	0.3680	-1.4462
0.0440	-0.3664	0.3690	-1.4513
0.0423	-0.3686	0.3710	-1.4565
0.0405	-0.3698	0.3720	-1.4617
0.0391	-0.3709	0.3730	-1.4657
0.0374	-0.3731	0.3750	-1.4709
0.0356	-0.3743	0.3760	-1.4761
0.0338	-0.3765	0.3780	-1.4813
0.0323	-0.3776	0.3790	-1.4854
0.0305	-0.3798	0.3810	-1.4905
0.0286	-0.3809	0.3820	-1.4957
0.0268	-0.3831	0.3840	-1.5009
0.0253	-0.3842	0.3850	-1.5050
0.0234	-0.3863	0.3870	-1.5102
0.0215	-0.3874	0.3880	-1.5154
0.0196	-0.3895	0.3900	-1.5206
0.0181	-0.3916	0.3920	-1.5247
0.0161	-0.3927	0.3930	-1.5299
0.0141	-0.3947	0.3950	-1.5350
0.0121	-0.3958	0.3960	-1.5402
0.0105	-0.3979	0.3980	-1.5445
0.0085	-0.3999	0.4000	-1.5495
0.0065	-0.4019	0.4020	-1.5547
0.0048	-0.4040	0.4040	-1.5590
0.0027	-0.4050	0.4050	-1.5642
0.0006	-0.4070	0.4070	-1.5694
-0.0015	-0.4090	0.4090	-1.5745
-0.0032	-0.4110	0.4110	-1.5787
-0.0054	-0.4130	0.4130	-1.5838
-0.0076	-0.4149	0.4150	-1.5890
-0.0093	-0.4169	0.4170	-1.5931
-0.0115	-0.4188	0.4190	-1.5983
-0.0138	-0.4208	0.4210	-1.6035
-0.0160	-0.4227	0.4230	-1.6087
-0.0178	-0.4246	0.4250	-1.6128
-0.0201	-0.4265	0.4270	-1.6180
-0.0224	-0.4284	0.4290	-1.6231
-0.0243	-0.4313	0.4320	-1.6272
-0.0267	-0.4332	0.4340	-1.6323
-0.0291	-0.4350	0.4360	-1.6375
-0.0315	-0.4369	0.4380	-1.6427
-0.0334	-0.4387	0.4400	-1.6468
-0.0359	-0.4415	0.4430	-1.6520
-0.0384	-0.4433	0.4450	-1.6572
-0.0406	-0.4462	0.4480	-1.6616
-0.0431	-0.4479	0.4500	-1.6668
-0.0456	-0.4497	0.4520	-1.6719
-0.0482	-0.4524	0.4550	-1.6768
-0.0504	-0.4542	0.4570	-1.6812
-0.0531	-0.4569	0.4600	-1.6864
-0.0558	-0.4596	0.4630	-1.6916
-0.0580	-0.4624	0.4660	-1.6956
-0.0607	-0.4641	0.4680	-1.7008
-0.0635	-0.4667	0.4710	-1.7060
-0.0657	-0.4684	0.4730	-1.7101
-0.0685	-0.4710	0.4760	-1.7153
-0.0714	-0.4736	0.4790	-1.7205
-0.0743	-0.4762	0.4820	-1.7256
-0.0768	-0.4789	0.4850	-1.7298
-0.0797	-0.4814	0.4880	-1.7349
-0.0827	-0.4840	0.4910	-1.7401
-0.0853	-0.4866	0.4940	-1.7444
-0.0883	-0.4891	0.4970	-1.7494
-0.0916	-0.4926	0.5010	-1.7546
-0.0942	-0.4951	0.5040	-1.7589
-0.0974	-0.4976	0.5070	-1.7641
-0.1044	-0.4931	0.5040	-1.7794
-0.1207	-0.5079	0.5220	-1.8042
-0.1224	-0.5033	0.5180	-1.8093
-0.1240	-0.4988	0.5140	-1.8145
-0.1266	-0.4982	0.5140	-1.8197
-0.1293	-0.4954	0.5120	-1.8260
-0.1313	-0.4928	0.5100	-1.8312
-0.1336	-0.4912	0.5090	-1.8364
-0.1359	-0.4895	0.5080	-1.8415
-0.1377	-0.4869	0.5060	-1.8464
-0.1400	-0.4852	0.5050	-1.8516
-0.1422	-0.4835	0.5040	-1.8568
-0.1441	-0.4809	0.5020	-1.8620
-0.1469	-0.4790	0.5010	-1.8683
-0.1490	-0.4773	0.5000	-1.8735
-0.1512	-0.4755	0.4990	-1.8786
-0.1530	-0.4728	0.4970	-1.8838
-0.1550	-0.4711	0.4960	-1.8887
-0.1572	-0.4694	0.4950	-1.8939
-0.1593	-0.4676	0.4940	-1.8991
-0.1614	-0.4658	0.4930	-1.9042
-0.1634	-0.4641	0.4920	-1.9094
-0.1660	-0.4621	0.4910	-1.9158
-0.1677	-0.4593	0.4890	-1.9209
-0.1696	-0.4576	0.4880	-1.9258
-0.1716	-0.4557	0.4870	-1.9310
-0.1735	-0.4540	0.4860	-1.9359
-0.1750	-0.4513	0.4840	-1.9408
-0.1770	-0.4494	0.4830	-1.9460
-0.1792	-0.4485	0.4830	-1.9509
-0.1815	-0.4465	0.4820	-1.9569
-0.1831	-0.4437	0.4800	-1.9621
-0.1848	-0.4419	0.4790	-1.9669
-0.1872	-0.4409	0.4790	-1.9722
-0.1889	-0.4391	0.4780	-1.9771
-0.1903	-0.4363	0.4760	-1.9820
-0.1921	-0.4344	0.4750	-1.9872
-0.1942	-0.4335	0.4750	-1.9921
-0.1957	-0.4306	0.4730	-1.9972
-0.1978	-0.4285	0.4720	-2.0033
-0.1999	-0.4276	0.4720	-2.0082
-0.2017	-0.4256	0.4710	-2.0133
-0.2034	-0.4237	0.4700	-2.0182
-0.2051	-0.4218	0.4690	-2.0234
-0.2067	-0.4199	0.4680	-2.0283
-0.2088	-0.4188	0.4680	-2.0333
-0.2105	-0.4169	0.4670	-2.0385
-0.2121	-0.4149	0.4660	-2.0434
-0.2138	-0.4129	0.4650	-2.0485
-0.2153	-0.4110	0.4640	-2.0534
-0.2175	-0.4099	0.4640	-2.0586
-0.2195	-0.4077	0.4630	-2.0646
-0.2210	-0.4057	0.4620	-2.0695
-0.2226	-0.4037	0.4610	-2.0747
-0.2241	-0.4017	0.4600	-2.0796
-0.2260	-0.4006	0.4600	-2.0845
-0.2281	-0.3995	0.4600	-2.0897
-0.2296	-0.3974	0.4590	-2.0947
-0.2312	-0.3954	0.4580	-2.0998
-0.2331	-0.3943	0.4580	-2.1047
-0.2346	-0.3922	0.4570	-2.1099
-0.2365	-0.3910	0.4570	-2.1148
-0.2379	-0.3890	0.4560	-2.1197
-0.2397	-0.3867	0.4550	-2.1257
-0.2417	-0.3855	0.4550	-2.1309
-0.2431	-0.3834	0.4540	-2.1358
-0.2451	-0.3822	0.4540	-2.1410
-0.2464	-0.3801	0.4530	-2.1458
-0.2483	-0.3789	0.4530	-2.1510
-0.2497	-0.3768	0.4520	-2.1560
-0.2516	-0.3755	0.4520	-2.1612
-0.2529	-0.3734	0.4510	-2.1661
-0.2547	-0.3722	0.4510	-2.1710
-0.2561	-0.3700	0.4500	-2.1761
-0.2579	-0.3688	0.4500	-2.1810
-0.2598	-0.3674	0.4500	-2.1862
-0.2616	-0.3661	0.4500	-2.1912
-0.2629	-0.3640	0.4490	-2.1964
-0.2647	-0.3627	0.4490	-2.2013
-0.2659	-0.3606	0.4480	-2.2062
-0.2677	-0.3592	0.4480	-2.2113
-0.2695	-0.3579	0.4480	-2.2162
-0.2710	-0.3555	0.4470	-2.2223
-0.2729	-0.3540	0.4470	-2.2274
-0.2746	-0.3527	0.4470	-2.2323
-0.2758	-0.3505	0.4460	-2.2375
-0.2775	-0.3491	0.4460	-2.2424
-0.2787	-0.3469	0.4450	-2.2476
-0.2804	-0.3455	0.4450	-2.2526
-0.2827	-0.3449	0.4460	-2.2574
-0.2839	-0.3427	0.4450	-2.2626
-0.2856	-0.3413	0.4450	-2.2675
-0.2867	-0.3390	0.4440	-2.2727
-0.2890	-0.3384	0.4450	-2.2776
-0.2907	-0.3369	0.4450	-2.2828
-0.2917	-0.3347	0.4440	-2.2877
-0.2934	-0.3333	0.4440	-2.2926
-0.2958	-0.3325	0.4450	-2.2978
-0.2967	-0.3303	0.4440	-2.3027
-0.2984	-0.3288	0.4440	-2.3079
-0.3000	-0.3273	0.4440	-2.3128
-0.3017	-0.3257	0.4440	-2.3179
-0.3033	-0.3243	0.4440	-2.3228
-0.3050	-0.3226	0.4440	-2.3281
-0.3066	-0.3212	0.4440	-2.3330
-0.3082	-0.3197	0.4440	-2.3379
-0.3098	-0.3181	0.4440	-2.3431
-0.3114	-0.3165	0.4440	-2.3479
-0.3130	-0.3149	0.4440	-2.3531
-0.3152	-0.3141	0.4450	-2.3580
-0.3161	-0.3118	0.4440	-2.3632
-0.3177	-0.3102	0.4440	-2.3682
-0.3192	-0.3086	0.4440	-2.3731
-0.3208	-0.3070	0.4440	-2.3782
-0.3223	-0.3054	0.4440	-2.3831
-0.3239	-0.3037	0.4440	-2.3883
-0.3261	-0.3028	0.4450	-2.3932
-0.3277	-0.3011	0.4450	-2.3984
-0.3291	-0.2995	0.4450	-2.4034
-0.3307	-0.2978	0.4450	-2.4085
-0.3321	-0.2961	0.4450	-2.4134
-0.3337	-0.2944	0.4450	-2.4186
-0.3359	-0.2933	0.4460	-2.4238
-0.3375	-0.2916	0.4460	-2.4290
-0.3390	-0.2899	0.4460	-2.4341
-0.3405	-0.2881	0.4460	-2.4393
-0.3426	-0.2871	0.4470	-2.4442
-0.3433	-0.2847	0.4460	-2.4494
-0.3448	-0.2829	0.4460	-2.4546
-0.3471	-0.2817	0.4470	-2.4597
-0.3490	-0.2809	0.4480	-2.4639
-0.3504	-0.2791	0.4480	-2.4690
-0.3519	-0.2773	0.4480	-2.4742
-0.3533	-0.2755	0.4480	-2.4794
-0.3547	-0.2737	0.4480	-2.4843
-0.3569	-0.2725	0.4490	-2.4895
-0.3591	-0.2712	0.4500	-2.4946
-0.3605	-0.2693	0.4500	-2.4999
-0.3611	-0.2669	0.4490	-2.5051
-0.3633	-0.2656	0.4500	-2.5103
-0.3662	-0.2650	0.4520	-2.5152
-0.3675	-0.2631	0.4520	-2.5203
-0.3689	-0.2612	0.4520	-2.5255
-0.3711	-0.2598	0.4530	-2.5307
-0.3732	-0.2585	0.4540	-2.5359
-0.3746	-0.2566	0.4540	-2.5410
-0.3766	-0.2553	0.4550	-2.5459
-0.3780	-0.2533	0.4550	-2.5511
-0.3793	-0.2514	0.4550	-2.5563
-0.3811	-0.2504	0.4560	-2.5604
-0.3833	-0.2489	0.4570	-2.5656
-0.3854	-0.2475	0.4580	-2.5708
-0.3875	-0.2460	0.4590	-2.5759
-0.3888	-0.2440	0.4590	-2.5811
-0.3883	-0.2409	0.4570	-2.5863
-0.3895	-0.2390	0.4570	-2.5912
-0.3907	-0.2370	0.4570	-2.5964
-0.3928	-0.2355	0.4580	-2.6016
-0.3949	-0.2339	0.4590	-2.6068
-0.3961	-0.2319	0.4590	-2.6120
-0.3956	-0.2288	0.4570	-2.6172
-0.3967	-0.2269	0.4570	-2.6221
-0.4005	-0.2263	0.4600	-2.6272
-0.4025	-0.2247	0.4610	-2.6324
-0.4037	-0.2226	0.4610	-2.6376
-0.4066	-0.2215	0.4630	-2.6428
-0.4084	-0.2203	0.4640	-2.6469
-0.4095	-0.2182	0.4640	-2.6521
-0.4115	-0.2165	0.4650	-2.6572
-0.4135	-0.2150	0.4660	-2.6621
-0.4155	-0.2133	0.4670	-2.6673
-0.4174	-0.2116	0.4680	-2.6725
-0.4185	-0.2094	0.4680	-2.6777
-0.4205	-0.2077	0.4690	-2.6828
-0.4225	-0.2059	0.4700	-2.6880
-0.4244	-0.2043	0.4710	-2.6929
-0.4263	-0.2025	0.4720	-2.6981
-0.4281	-0.2011	0.4730	-2.7025
-0.4291	-0.1990	0.4730	-2.7074
-0.4319	-0.1976	0.4750	-2.7126
-0.4339	-0.1958	0.4760	-2.7177
-0.4358	-0.1939	0.4770	-2.7229
-0.4377	-0.1921	0.4780	-2.7281
-0.4387	-0.1898	0.4780	-2.7333
-0.4406	-0.1880	0.4790	-2.7383
-0.4425	-0.1861	0.4800	-2.7434
-0.4434	-0.1838	0.4800	-2.7486
-0.4462	-0.1823	0.4820	-2.7538
-0.4479	-0.1809	0.4830	-2.7578
-0.4497	-0.1789	0.4840	-2.7630
-0.4516	-0.1769	0.4850	-2.7682
-0.4534	-0.1749	0.4860	-2.7734
-0.4552	-0.1730	0.4870	-2.7783
-0.4580	-0.1714	0.4890	-2.7835
-0.4598	-0.1694	0.4900	-2.7887
-0.4616	-0.1673	0.4910	-2.7939
-0.4632	-0.1657	0.4920	-2.7980
-0.4641	-0.1633	0.4920	-2.8032
-0.4668	-0.1616	0.4940	-2.8083
-0.4686	-0.1595	0.4950	-2.8135
-0.4704	-0.1574	0.4960	-2.8187
-0.4730	-0.1557	0.4980	-2.8236
-0.4748	-0.1536	0.4990	-2.8288
-0.4775	-0.1517	0.5010	-2.8339
-0.4791	-0.1500	0.5020	-2.8381
-0.4808	-0.1479	0.5030	-2.8432
-0.4835	-0.1459	0.5050	-2.8484
-0.4842	-0.1434	0.5050	-2.8536
-0.4869	-0.1415	0.5070	-2.8588
-0.4895	-0.1397	0.5090	-2.8637
-0.4911	-0.1374	0.5100	-2.8688
-0.4919	-0.1348	0.5100	-2.8740
-0.4945	-0.1328	0.5120	-2.8792
-0.4970	-0.1313	0.5140	-2.8833
-0.4996	-0.1292	0.5160	-2.8885
-0.5002	-0.1266	0.5160	-2.8937
-0.5028	-0.1247	0.5180	-2.8986
-0.5054	-0.1225	0.5200	-2.9037
-0.5079	-0.1204	0.5220	-2.9089
-0.5103	-0.1189	0.5240	-2.9127
-0.5129	-0.1167	0.5260	-2.9179
-0.5135	-0.1140	0.5260	-2.9231
-0.5160	-0.1119	0.5280	-2.9280
-0.5185	-0.1097	0.5300	-2.9332
-0.5210	-0.1075	0.5320	-2.9381
-0.5235	-0.1052	0.5340	-2.9433
-0.5259	-0.1035	0.5360	-2.9474
-0.5264	-0.1009	0.5360	-2.9522
-0.5289	-0.0985	0.5380	-2.9575
-0.5314	-0.0962	0.5400	-2.9624
-0.5358	-0.0942	0.5440	-2.9676
-0.5363	-0.0914	0.5440	-2.9728
-0.5387	-0.0891	0.5460	-2.9776
-0.5410	-0.0872	0.5480	-2.9818
-0.5434	-0.0847	0.5500	-2.9869
-0.5458	-0.0824	0.5520	-2.9918
-0.5482	-0.0798	0.5540	-2.9970
-0.5506	-0.0774	0.5560	-3.0019
-0.5530	-0.0748	0.5580	-3.0071
-0.5552	-0.0728	0.5600	-3.0112
-0.5596	-0.0706	0.5640	-3.0161
-0.5619	-0.0679	0.5660	-3.0213
-0.5642	-0.0654	0.5680	-3.0262
-0.5665	-0.0627	0.5700	-3.0313
-0.5688	-0.0606	0.5720	-3.0355
-0.5553	-0.0544	0.5580	-3.0439
-0.5576	-0.0522	0.5600	-3.0483
-0.5598	-0.0495	0.5620	-3.0535
-0.5621	-0.0467	0.5640	-3.0587
-0.5643	-0.0440	0.5660	-3.0638
-0.5665	-0.0412	0.5680	-3.0690
-0.5707	-0.0390	0.5720	-3.0733
-0.5729	-0.0362	0.5740	-3.0785
-0.5750	-0.0333	0.5760	-3.0837
-0.5772	-0.0303	0.5780	-3.0891
-0.5814	-0.0275	0.5820	-3.0943
-0.5835	-0.0246	0.5840	-3.0995
-0.5876	-0.0221	0.5880	-3.1039
-0.5897	-0.0192	0.5900	-3.1091
-0.5918	-0.0162	0.5920	-3.1143
-0.5959	-0.0132	0.5960	-3.1194
-0.5979	-0.0100	0.5980	-3.1249
-0.6000	-0.0075	0.6000	-3.1290
-0.6040	-0.0043	0.6040	-3.1345
-0.6060	-0.0012	0.6060	-3.1397
