x	y	r	phi
-0.2600	-0.0000	0.2600	-3.1416
-0.2590	0.0010	0.2590	3.1376
-0.2580	0.0024	0.2580	3.1321
-0.2580	0.0036	0.2580	3.1277
-0.2570	0.0046	0.2570	3.1237
-0.2569	0.0057	0.2570	3.1193
-0.2559	0.0070	0.2560	3.1141
-0.2549	0.0081	0.2550	3.1098
-0.2538	0.0092	0.2540	3.1054
-0.2528	0.0105	0.2530	3.1002
-0.2527	0.0116	0.2530	3.0959
-0.2517	0.0126	0.2520	3.0915
-0.2516	0.0137	0.2520	3.0873
-0.2516	0.0148	0.2520	3.0830
-0.2505	0.0158	0.2510	3.0786
-0.2494	0.0170	0.2500	3.0734
-0.2483	0.0180	0.2490	3.0691
-0.2473	0.0192	0.2480	3.0639
-0.2472	0.0203	0.2480	3.0595
-0.2471	0.0214	0.2480	3.0552
-0.2460	0.0223	0.2470	3.0511
-0.2459	0.0234	0.2470	3.0468
-0.2448	0.0244	0.2460	3.0424
-0.2437	0.0255	0.2450	3.0372
-0.2436	0.0266	0.2450	3.0329
-0.2424	0.0275	0.2440	3.0285
-0.2423	0.0286	0.2440	3.0241
-0.2412	0.0297	0.2430	3.0189
-0.2401	0.0307	0.2420	3.0146
-0.2399	0.0316	0.2420	3.0104
-0.2388	0.0328	0.2410	3.0050
-0.2386	0.0338	0.2410	3.0009
-0.2375	0.0347	0.2400	2.9965
-0.2373	0.0357	0.2400	2.9922
-0.2372	0.0368	0.2400	2.9878
-0.2360	0.0376	0.2390	2.9838
-0.2359	0.0386	0.2390	2.9794
-0.2357	0.0396	0.2390	2.9751
-0.2355	0.0407	0.2390	2.9706
-0.2343	0.0417	0.2380	2.9655
-0.2331	0.0426	0.2370	2.9611
-0.2330	0.0436	0.2370	2.9565
-0.2317	0.0447	0.2360	2.9510
-0.2315	0.0457	0.2360	2.9467
-0.2313	0.0467	0.2360	2.9423
-0.2301	0.0476	0.2350	2.9377
-0.2299	0.0486	0.2350	2.9333
-0.2287	0.0496	0.2340	2.9278
-0.2284	0.0507	0.2340	2.9232
-0.2282	0.0517	0.2340	2.9189
-0.2270	0.0525	0.2330	2.9145
-0.2268	0.0535	0.2330	2.9099
-0.2265	0.0545	0.2330	2.9055
-0.2263	0.0555	0.2330	2.9011
-0.2251	0.0563	0.2320	2.8964
-0.2248	0.0573	0.2320	2.8921
-0.2245	0.0583	0.2320	2.8874
-0.2243	0.0593	0.2320	2.8831
-0.2230	0.0603	0.2310	2.8777
-0.2227	0.0612	0.2310	2.8733
-0.2224	0.0623	0.2310	2.8686
-0.2212	0.0630	0.2300	2.8643
-0.2199	0.0639	0.2290	2.8589
-0.2196	0.0649	0.2290	2.8545
-0.2193	0.0659	0.2290	2.8498
-0.2190	0.0668	0.2290	2.8454
-0.2178	0.0675	0.2280	2.8411
-0.2175	0.0685	0.2280	2.8365
-0.2172	0.0694	0.2280	2.8321
-0.2168	0.0704	0.2280	2.8275
-0.2165	0.0714	0.2280	2.8231
-0.2152	0.0723	0.2270	2.8176
-0.2149	0.0732	0.2270	2.8133
-0.2145	0.0742	0.2270	2.8086
-0.2133	0.0748	0.2260	2.8043
-0.2129	0.0757	0.2260	2.7999
-0.2126	0.0767	0.2260	2.7953
-0.2112	0.0775	0.2250	2.7898
-0.2099	0.0781	0.2240	2.7855
-0.2096	0.0791	0.2240	2.7808
-0.2102	0.0803	0.2250	2.7765
-0.2098	0.0813	0.2250	2.7721
-0.2094	0.0822	0.2250	2.7675
-0.2091	0.0831	0.2250	2.7631
-0.2087	0.0840	0.2250	2.7588
-0.2083	0.0850	0.2250	2.7542
-0.2079	0.0859	0.2250	2.7498
-0.2066	0.0865	0.2240	2.7452
-0.2062	0.0874	0.2240	2.7407
-0.2059	0.0883	0.2240	2.7364
-0.2045	0.0890	0.2230	2.7310
-0.2040	0.0900	0.2230	2.7263
-0.2037	0.0909	0.2230	2.7220
-0.2032	0.0918	0.2230	2.7175
-0.2028	0.0927	0.2230	2.7129
-0.2024	0.0936	0.2230	2.7086
-0.2020	0.0945	0.2230	2.7039
-0.2016	0.0954	0.2230	2.6996
-0.2011	0.0963	0.2230	2.6952
-0.1998	0.0968	0.2220	2.6906
-0.1994	0.0976	0.2220	2.6862
-0.1990	0.0985	0.2220	2.6819
-0.1985	0.0994	0.2220	2.6772
-0.1981	0.1003	0.2220	2.6729
-0.1976	0.1012	0.2220	2.6683
-0.1971	0.1021	0.2220	2.6639
-0.1967	0.1029	0.2220	2.6595
-0.1962	0.1038	0.2220	2.6548
-0.1958	0.1047	0.2220	2.6505
-0.1943	0.1053	0.2210	2.6451
-0.1938	0.1061	0.2210	2.6407
-0.1934	0.1070	0.2210	2.6361
-0.1929	0.1079	0.2210	2.6316
-0.1924	0.1087	0.2210	2.6273
-0.1919	0.1096	0.2210	2.6227
-0.1914	0.1104	0.2210	2.6183
-0.1919	0.1116	0.2220	2.6148
-0.1914	0.1124	0.2220	2.6105
-0.1909	0.1133	0.2220	2.6058
-0.1904	0.1142	0.2220	2.6014
-0.1899	0.1151	0.2220	2.5967
-0.1884	0.1155	0.2210	2.5916
-0.1879	0.1164	0.2210	2.5870
-0.1874	0.1172	0.2210	2.5826
-0.1878	0.1184	0.2220	2.5790
-0.1863	0.1189	0.2210	2.5736
-0.1858	0.1197	0.2210	2.5692
-0.1852	0.1206	0.2210	2.5646
-0.1856	0.1218	0.2220	2.5611
-0.1851	0.1226	0.2220	2.5567
-0.1846	0.1234	0.2220	2.5524
-0.1840	0.1242	0.2220	2.5477
-0.1834	0.1250	0.2220	2.5433
-0.1829	0.1258	0.2220	2.5389
-0.1823	0.1267	0.2220	2.5343
-0.1817	0.1275	0.2220	2.5299
-0.1812	0.1283	0.2220	2.5256
-0.1806	0.1291	0.2220	2.5212
-0.1801	0.1298	0.2220	2.5172
-0.1795	0.1306	0.2220	2.5128
-0.1790	0.1314	0.2220	2.5084
-0.1784	0.1321	0.2220	2.5043
-0.1779	0.1329	0.2220	2.5000
-0.1773	0.1336	0.2220	2.4956
-0.1767	0.1344	0.2220	2.4915
-0.1761	0.1351	0.2220	2.4872
-0.1746	0.1354	0.2210	2.4820
-0.1750	0.1366	0.2220	2.4787
-0.1744	0.1374	0.2220	2.4743
-0.1738	0.1381	0.2220	2.4700
-0.1740	0.1395	0.2230	2.4659
-0.1734	0.1402	0.2230	2.4615
-0.1728	0.1410	0.2230	2.4571
-0.1722	0.1417	0.2230	2.4530
-0.1716	0.1424	0.2230	2.4487
-0.1709	0.1432	0.2230	2.4443
-0.1704	0.1439	0.2230	2.4403
-0.1697	0.1446	0.2230	2.4359
-0.1691	0.1454	0.2230	2.4316
-0.1685	0.1461	0.2230	2.4274
-0.1687	0.1473	0.2240	2.4239
-0.1681	0.1480	0.2240	2.4198
-0.1675	0.1487	0.2240	2.4154
-0.1668	0.1495	0.2240	2.4110
-0.1670	0.1508	0.2250	2.4070
-0.1663	0.1515	0.2250	2.4026
-0.1657	0.1523	0.2250	2.3983
-0.1650	0.1529	0.2250	2.3942
-0.1653	0.1542	0.2260	2.3909
-0.1646	0.1549	0.2260	2.3865
-0.1639	0.1556	0.2260	2.3822
-0.1633	0.1563	0.2260	2.3781
-0.1626	0.1570	0.2260	2.3737
-0.1619	0.1577	0.2260	2.3693
-0.1612	0.1584	0.2260	2.3652
-0.1606	0.1591	0.2260	2.3609
-0.1606	0.1605	0.2270	2.3565
-0.1599	0.1611	0.2270	2.3525
-0.1592	0.1618	0.2270	2.3480
-0.1585	0.1625	0.2270	2.3437
-0.1587	0.1637	0.2280	2.3405
-0.1580	0.1644	0.2280	2.3363
-0.1573	0.1651	0.2280	2.3319
-0.1565	0.1658	0.2280	2.3276
-0.1565	0.1672	0.2290	2.3232
-0.1558	0.1678	0.2290	2.3192
-0.1560	0.1690	0.2300	2.3159
-0.1552	0.1697	0.2300	2.3115
-0.1545	0.1704	0.2300	2.3071
-0.1538	0.1710	0.2300	2.3031
-0.1537	0.1725	0.2310	2.2987
-0.1529	0.1731	0.2310	2.2944
-0.1522	0.1738	0.2310	2.2902
-0.1515	0.1744	0.2310	2.2859
-0.1507	0.1751	0.2310	2.2815
-0.1508	0.1763	0.2320	2.2782
-0.1500	0.1769	0.2320	2.2741
-0.1493	0.1776	0.2320	2.2698
-0.1491	0.1790	0.2330	2.2654
-0.1484	0.1796	0.2330	2.2614
-0.1476	0.1803	0.2330	2.2570
-0.1475	0.1817	0.2340	2.2527
-0.1467	0.1823	0.2340	2.2485
-0.1459	0.1829	0.2340	2.2441
-0.1459	0.1842	0.2350	2.2409
-0.1451	0.1848	0.2350	2.2365
-0.1449	0.1862	0.2360	2.2321
-0.1442	0.1868	0.2360	2.2281
-0.1434	0.1875	0.2360	2.2237
-0.1434	0.1887	0.2370	2.2204
-0.1425	0.1894	0.2370	2.2160
-0.1418	0.1899	0.2370	2.2120
-0.1415	0.1914	0.2380	2.2076
-0.1407	0.1920	0.2380	2.2033
-0.1399	0.1925	0.2380	2.1992
-0.1399	0.1938	0.2390	2.1959
-0.1390	0.1944	0.2390	2.1915
-0.1387	0.1958	0.2400	2.1872
-0.1379	0.1964	0.2400	2.1828
-0.1371	0.1970	0.2400	2.1787
-0.1368	0.1984	0.2410	2.1743
-0.1359	0.1990	0.2410	2.1700
-0.1358	0.2003	0.2420	2.1667
-0.1350	0.2008	0.2420	2.1626
-0.1341	0.2014	0.2420	2.1582
-0.1338	0.2028	0.2430	2.1539
-0.1330	0.2034	0.2430	2.1498
-0.1328	0.2047	0.2440	2.1465
-0.1320	0.2052	0.2440	2.1422
-0.1316	0.2067	0.2450	2.1378
-0.1307	0.2072	0.2450	2.1337
-0.1305	0.2085	0.2460	2.1301
-0.1296	0.2091	0.2460	2.1258
-0.1292	0.2105	0.2470	2.1214
-0.1283	0.2111	0.2470	2.1171
-0.1279	0.2125	0.2480	2.1127
-0.1269	0.2131	0.2480	2.1081
-0.1267	0.2143	0.2490	2.1048
-0.1258	0.2149	0.2490	2.1004
-0.1253	0.2163	0.2500	2.0958
-0.1244	0.2169	0.2500	2.0915
-0.1241	0.2182	0.2510	2.0881
-0.1231	0.2187	0.2510	2.0835
-0.1227	0.2201	0.2520	2.0792
-0.1217	0.2207	0.2520	2.0748
-0.1212	0.2221	0.2530	2.0705
-0.1202	0.2226	0.2530	2.0661
-0.1199	0.2239	0.2540	2.0625
-0.1190	0.2244	0.2540	2.0582
-0.1184	0.2258	0.2550	2.0538
-0.1179	0.2273	0.2560	2.0492
-0.1169	0.2278	0.2560	2.0448
-0.1166	0.2290	0.2570	2.0415
-0.1160	0.2305	0.2580	2.0369
-0.1149	0.2310	0.2580	2.0325
-0.1139	0.2315	0.2580	2.0282
-0.1136	0.2328	0.2590	2.0247
-0.1130	0.2342	0.2600	2.0203
-0.1124	0.2356	0.2610	2.0159
-0.1113	0.2361	0.2610	2.0115
-0.1109	0.2374	0.2620	2.0080
-0.1103	0.2387	0.2630	2.0037
-0.1093	0.2392	0.2630	1.9993
-0.1086	0.2406	0.2640	1.9949
-0.1082	0.2419	0.2650	1.9914
-0.1071	0.2424	0.2650	1.9870
-0.1065	0.2438	0.2660	1.9827
-0.1058	0.2451	0.2670	1.9783
-0.1047	0.2456	0.2670	1.9737
-0.1043	0.2469	0.2680	1.9704
-0.1036	0.2483	0.2690	1.9660
-0.1028	0.2497	0.2700	1.9614
-0.1017	0.2501	0.2700	1.9570
-0.1013	0.2514	0.2710	1.9537
-0.1005	0.2528	0.2720	1.9491
-0.0997	0.2541	0.2730	1.9447
-0.0992	0.2554	0.2740	1.9412
-0.0981	0.2558	0.2740	1.9368
-0.0973	0.2572	0.2750	1.9324
-0.0965	0.2586	0.2760	1.9281
-0.0960	0.2598	0.2770	1.9246
-0.0952	0.2612	0.2780	1.9202
-0.0944	0.2626	0.2790	1.9158
-0.0938	0.2638	0.2800	1.9123
-0.0926	0.2642	0.2800	1.9079
-0.0918	0.2656	0.2810	1.9036
-0.0909	0.2669	0.2820	1.8992
-0.0903	0.2682	0.2830	1.8956
-0.0895	0.2695	0.2840	1.8913
-0.0886	0.2709	0.2850	1.8869
-0.0879	0.2721	0.2860	1.8833
-0.0871	0.2735	0.2870	1.8790
-0.0862	0.2748	0.2880	1.8746
-0.0853	0.2761	0.2890	1.8703
-0.0840	0.2765	0.2890	1.8656
-0.0834	0.2778	0.2900	1.8623
-0.0827	0.2800	0.2920	1.8580
-0.0814	0.2804	0.2920	1.8533
-0.0808	0.2816	0.2930	1.8501
-0.0801	0.2839	0.2950	1.8458
-0.0790	0.2853	0.2960	1.8411
-0.0784	0.2865	0.2970	1.8378
-0.0774	0.2878	0.2980	1.8335
-0.0763	0.2891	0.2990	1.8288
-0.0756	0.2903	0.3000	1.8255
-0.0746	0.2916	0.3010	1.8212
-0.0735	0.2929	0.3020	1.8165
-0.0724	0.2942	0.3030	1.8122
-0.0720	0.2964	0.3050	1.8089
-0.0708	0.2977	0.3060	1.8042
-0.0697	0.2990	0.3070	1.7999
-0.0690	0.3002	0.3080	1.7967
-0.0680	0.3024	0.3100	1.7920
-0.0669	0.3037	0.3110	1.7877
-0.0661	0.3049	0.3120	1.7844
-0.0649	0.3062	0.3130	1.7797
-0.0640	0.3084	0.3150	1.7754
-0.0632	0.3096	0.3160	1.7721
-0.0619	0.3109	0.3170	1.7674
-0.0610	0.3131	0.3190	1.7631
-0.0601	0.3143	0.3200	1.7599
-0.0588	0.3156	0.3210	1.7552
-0.0578	0.3178	0.3230	1.7508
-0.0572	0.3199	0.3250	1.7476
-0.0558	0.3212	0.3260	1.7429
-0.0546	0.3224	0.3270	1.7386
-0.0539	0.3246	0.3290	1.7353
-0.0525	0.3258	0.3300	1.7306
-0.0514	0.3280	0.3320	1.7263
-0.0504	0.3292	0.3330	1.7228
-0.0493	0.3314	0.3350	1.7183
-0.0484	0.3335	0.3370	1.7148
-0.0471	0.3347	0.3380	1.7105
-0.0459	0.3369	0.3400	1.7061
-0.0444	0.3381	0.3410	1.7015
-0.0436	0.3402	0.3430	1.6982
-0.0422	0.3424	0.3450	1.6935
-0.0409	0.3436	0.3460	1.6892
-0.0399	0.3457	0.3480	1.6857
-0.0386	0.3479	0.3500	1.6812
-0.0376	0.3500	0.3520	1.6778
-0.0361	0.3511	0.3530	1.6734
-0.0348	0.3533	0.3550	1.6690
-0.0338	0.3554	0.3570	1.6655
-0.0324	0.3575	0.3590	1.6611
-0.0310	0.3597	0.3610	1.6567
-0.0299	0.3618	0.3630	1.6532
-0.0285	0.3639	0.3650	1.6488
-0.0269	0.3660	0.3670	1.6442
-0.0259	0.3681	0.3690	1.6410
-0.0243	0.3702	0.3710	1.6363
-0.0232	0.3723	0.3730	1.6330
-0.0216	0.3744	0.3750	1.6284
-0.0201	0.3765	0.3770	1.6240
-0.0188	0.3785	0.3790	1.6205
-0.0173	0.3806	0.3810	1.6161
-0.0157	0.3827	0.3830	1.6117
-0.0144	0.3857	0.3860	1.6082
-0.0128	0.3878	0.3880	1.6039
-0.0111	0.3898	0.3900	1.5992
-0.0098	0.3919	0.3920	1.5959
-0.0081	0.3949	0.3950	1.5913
-0.0069	0.3969	0.3970	1.5881
-0.0050	0.3990	0.3990	1.5834
-0.0033	0.4020	0.4020	1.5790
-0.0019	0.4040	0.4040	1.5755
-0.0001	0.4070	0.4070	1.5711
0.0016	0.4090	0.4090	1.5668
0.0031	0.4120	0.4120	1.5632
0.0050	0.4140	0.4140	1.5588
0.0065	0.4169	0.4170	1.5553
0.0083	0.4199	0.4200	1.5510
0.0102	0.4219	0.4220	1.5465
0.0118	0.4248	0.4250	1.5430
0.0137	0.4278	0.4280	1.5387
0.0159	0.4307	0.4310	1.5340
0.0174	0.4337	0.4340	1.5307
0.0195	0.4366	0.4370	1.5261
0.0215	0.4385	0.4390	1.5217
0.0232	0.4414	0.4420	1.5183
0.0253	0.4443	0.4450	1.5138
0.0271	0.4482	0.4490	1.5103
0.0293	0.4511	0.4520	1.5060
0.0315	0.4539	0.4550	1.5016
0.0333	0.4568	0.4580	1.4980
0.0355	0.4596	0.4610	1.4937
0.0375	0.4635	0.4650	1.4902
0.0398	0.4663	0.4680	1.4858
0.0423	0.4701	0.4720	1.4812
0.0441	0.4730	0.4750	1.4779
0.0466	0.4757	0.4780	1.4732
0.0490	0.4795	0.4820	1.4689
0.0512	0.4833	0.4860	1.4653
0.0536	0.4861	0.4890	1.4609
0.0558	0.4898	0.4930	1.4574
0.0584	0.4936	0.4970	1.4531
0.0610	0.4973	0.5010	1.4487
0.0633	0.5010	0.5050	1.4451
0.0659	0.5037	0.5080	1.4408
0.0686	0.5074	0.5120	1.4364
0.0710	0.5111	0.5160	1.4328
0.0737	0.5147	0.5200	1.4285
0.0764	0.5204	0.5260	1.4250
0.0793	0.5240	0.5300	1.4206
0.0824	0.5276	0.5340	1.4160
0.0847	0.5313	0.5380	1.4127
0.0928	0.5360	0.5440	1.3993
0.1072	0.5517	0.5620	1.3789
0.1089	0.5452	0.5560	1.3737
0.1110	0.5428	0.5540	1.3691
0.1134	0.5423	0.5540	1.3647
0.1157	0.5418	0.5540	1.3604
0.1183	0.5412	0.5540	1.3557
0.1202	0.5388	0.5520	1.3513
0.1225	0.5382	0.5520	1.3469
0.1244	0.5357	0.5500	1.3426
0.1269	0.5352	0.5500	1.3379
0.1292	0.5346	0.5500	1.3336
0.1311	0.5321	0.5480	1.3292
0.1333	0.5316	0.5480	1.3252
0.1356	0.5310	0.5480	1.3208
0.1378	0.5283	0.5460	1.3156
0.1401	0.5277	0.5460	1.3113
0.1418	0.5252	0.5440	1.3071
0.1441	0.5246	0.5440	1.3027
0.1462	0.5240	0.5440	1.2987
0.1485	0.5233	0.5440	1.2943
0.1502	0.5208	0.5420	1.2900
0.1524	0.5201	0.5420	1.2859
0.1546	0.5195	0.5420	1.2815
0.1562	0.5169	0.5400	1.2774
0.1584	0.5162	0.5400	1.2730
0.1611	0.5175	0.5420	1.2690
0.1628	0.5149	0.5400	1.2646
0.1644	0.5123	0.5380	1.2603
0.1665	0.5116	0.5380	1.2561
0.1681	0.5089	0.5360	1.2517
0.1702	0.5083	0.5360	1.2477
0.1724	0.5075	0.5360	1.2433
0.1746	0.5068	0.5360	1.2390
0.1766	0.5040	0.5340	1.2338
0.1786	0.5032	0.5340	1.2297
0.1808	0.5025	0.5340	1.2254
0.1829	0.5017	0.5340	1.2212
0.1851	0.5009	0.5340	1.2168
0.1866	0.4982	0.5320	1.2125
0.1886	0.4974	0.5320	1.2084
0.1908	0.4966	0.5320	1.2041
0.1928	0.4958	0.5320	1.2000
0.1942	0.4931	0.5300	1.1956
0.1962	0.4923	0.5300	1.1915
0.1984	0.4915	0.5300	1.1871
0.1998	0.4888	0.5280	1.1828
0.2025	0.4898	0.5300	1.1787
0.2047	0.4889	0.5300	1.1744
0.2059	0.4862	0.5280	1.1702
0.2080	0.4853	0.5280	1.1658
0.2101	0.4844	0.5280	1.1615
0.2113	0.4817	0.5260	1.1574
0.2142	0.4826	0.5280	1.1531
0.2154	0.4799	0.5260	1.1490
0.2174	0.4790	0.5260	1.1446
0.2194	0.4781	0.5260	1.1405
0.2215	0.4771	0.5260	1.1361
0.2227	0.4743	0.5240	1.1318
0.2247	0.4734	0.5240	1.1277
0.2276	0.4742	0.5260	1.1234
0.2295	0.4733	0.5260	1.1192
0.2316	0.4723	0.5260	1.1149
0.2328	0.4695	0.5240	1.1105
0.2347	0.4685	0.5240	1.1064
0.2367	0.4675	0.5240	1.1021
0.2386	0.4665	0.5240	1.0979
0.2407	0.4655	0.5240	1.0936
0.2426	0.4645	0.5240	1.0895
0.2446	0.4634	0.5240	1.0852
0.2461	0.4604	0.5220	1.0799
0.2481	0.4593	0.5220	1.0756
0.2499	0.4583	0.5220	1.0715
0.2519	0.4572	0.5220	1.0672
0.2539	0.4561	0.5220	1.0628
0.2558	0.4550	0.5220	1.0587
0.2578	0.4539	0.5220	1.0543
0.2596	0.4528	0.5220	1.0502
0.2616	0.4517	0.5220	1.0459
0.2636	0.4506	0.5220	1.0415
0.2654	0.4495	0.5220	1.0375
0.2674	0.4483	0.5220	1.0330
0.2699	0.4492	0.5240	1.0298
0.2711	0.4461	0.5220	1.0246
0.2730	0.4449	0.5220	1.0205
0.2749	0.4437	0.5220	1.0162
0.2769	0.4425	0.5220	1.0118
0.2786	0.4414	0.5220	1.0077
0.2806	0.4402	0.5220	1.0033
0.2823	0.4390	0.5220	0.9993
0.2843	0.4378	0.5220	0.9949
0.2862	0.4366	0.5220	0.9906
0.2886	0.4374	0.5240	0.9875
0.2899	0.4341	0.5220	0.9820
0.2916	0.4329	0.5220	0.9780
0.2942	0.4336	0.5240	0.9747
0.2961	0.4323	0.5240	0.9703
0.2979	0.4311	0.5240	0.9662
0.2997	0.4298	0.5240	0.9619
0.3016	0.4285	0.5240	0.9575
0.3033	0.4273	0.5240	0.9535
0.3052	0.4259	0.5240	0.9491
0.3070	0.4247	0.5240	0.9449
0.3088	0.4234	0.5240	0.9406
0.3105	0.4221	0.5240	0.9365
0.3123	0.4207	0.5240	0.9322
0.3154	0.4210	0.5260	0.9278
0.3159	0.4181	0.5240	0.9237
0.3177	0.4167	0.5240	0.9193
0.3209	0.4168	0.5260	0.9147
0.3227	0.4154	0.5260	0.9103
0.3245	0.4140	0.5260	0.9060
0.3263	0.4126	0.5260	0.9016
0.3281	0.4111	0.5260	0.8973
0.3300	0.4096	0.5260	0.8926
0.3318	0.4082	0.5260	0.8883
0.3336	0.4067	0.5260	0.8839
0.3353	0.4053	0.5260	0.8795
0.3384	0.4053	0.5280	0.8751
0.3403	0.4037	0.5280	0.8705
0.3420	0.4022	0.5280	0.8661
0.3438	0.4008	0.5280	0.8618
0.3455	0.3992	0.5280	0.8574
0.3486	0.3993	0.5300	0.8531
0.3504	0.3976	0.5300	0.8485
0.3521	0.3961	0.5300	0.8441
0.3552	0.3961	0.5320	0.8398
0.3569	0.3945	0.5320	0.8353
0.3586	0.3930	0.5320	0.8310
0.3605	0.3913	0.5320	0.8263
0.3622	0.3897	0.5320	0.8220
0.3639	0.3881	0.5320	0.8176
0.3669	0.3880	0.5340	0.8133
0.3686	0.3864	0.5340	0.8089
0.3704	0.3847	0.5340	0.8043
0.3721	0.3830	0.5340	0.7999
0.3747	0.3832	0.5360	0.7966
0.3765	0.3815	0.5360	0.7920
0.3782	0.3798	0.5360	0.7876
0.3812	0.3796	0.5380	0.7833
0.3829	0.3779	0.5380	0.7789
0.3845	0.3763	0.5380	0.7746
0.3877	0.3759	0.5400	0.7699
0.3893	0.3742	0.5400	0.7656
0.3910	0.3725	0.5400	0.7611
0.3926	0.3708	0.5400	0.7568
0.3957	0.3704	0.5420	0.7524
0.3974	0.3686	0.5420	0.7478
0.3990	0.3668	0.5420	0.7434
0.4021	0.3664	0.5440	0.7391
0.4037	0.3647	0.5440	0.7347
0.4067	0.3643	0.5460	0.7304
0.4084	0.3624	0.5460	0.7258
0.4100	0.3606	0.5460	0.7214
0.4127	0.3606	0.5480	0.7181
0.4143	0.3587	0.5480	0.7135
0.4159	0.3568	0.5480	0.7091
0.4190	0.3563	0.5500	0.7048
0.4221	0.3558	0.5520	0.7004
0.4251	0.3552	0.5540	0.6960
0.4253	0.3519	0.5520	0.6913
0.4268	0.3501	0.5520	0.6870
0.4283	0.3482	0.5520	0.6826
0.4298	0.3464	0.5520	0.6783
0.4313	0.3445	0.5520	0.6739
0.4345	0.3437	0.5540	0.6693
0.4360	0.3418	0.5540	0.6649
0.4375	0.3399	0.5540	0.6606
0.4374	0.3368	0.5520	0.6562
0.4388	0.3349	0.5520	0.6518
0.4452	0.3364	0.5580	0.6471
0.4479	0.3362	0.5600	0.6439
0.4493	0.3342	0.5600	0.6396
0.4509	0.3321	0.5600	0.6349
0.4539	0.3314	0.5620	0.6306
0.4554	0.3293	0.5620	0.6262
0.4584	0.3285	0.5640	0.6218
0.4615	0.3277	0.5660	0.6174
0.4630	0.3256	0.5660	0.6128
0.4661	0.3247	0.5680	0.6084
0.4675	0.3226	0.5680	0.6041
0.4705	0.3217	0.5700	0.5997
0.4719	0.3197	0.5700	0.5954
0.4747	0.3191	0.5720	0.5918
0.4761	0.3170	0.5720	0.5874
0.4792	0.3161	0.5740	0.5831
0.4823	0.3149	0.5760	0.5785
0.4837	0.3128	0.5760	0.5741
0.4850	0.3107	0.5760	0.5698
0.4881	0.3096	0.5780	0.5654
0.4911	0.3086	0.5800	0.5611
0.4942	0.3074	0.5820	0.5564
0.4955	0.3052	0.5820	0.5520
0.4986	0.3041	0.5840	0.5476
0.4999	0.3019	0.5840	0.5433
0.5027	0.3012	0.5860	0.5398
0.5057	0.3000	0.5880	0.5354
0.5087	0.2988	0.5900	0.5310
0.5101	0.2965	0.5900	0.5266
0.5131	0.2952	0.5920	0.5220
0.5162	0.2939	0.5940	0.5176
0.5174	0.2917	0.5940	0.5133
0.5205	0.2904	0.5960	0.5089
0.5217	0.2881	0.5960	0.5046
0.5247	0.2868	0.5980	0.5002
0.5274	0.2860	0.6000	0.4969
0.5304	0.2847	0.6020	0.4926
0.5334	0.2833	0.6040	0.4882
0.5346	0.2811	0.6040	0.4841
0.5376	0.2797	0.6060	0.4798
0.5406	0.2782	0.6080	0.4753
0.5417	0.2761	0.6080	0.4713
0.5447	0.2746	0.6100	0.4669
0.5477	0.2731	0.6120	0.4626
0.5507	0.2716	0.6140	0.4582
0.5534	0.2707	0.6160	0.4549
0.5563	0.2693	0.6180	0.4508
0.5574	0.2669	0.6180	0.4465
0.5604	0.2652	0.6200	0.4421
0.5633	0.2637	0.6220	0.4378
0.5662	0.2622	0.6240	0.4336
0.5692	0.2606	0.6260	0.4293
0.5722	0.2589	0.6280	0.4249
0.5750	0.2573	0.6300	0.4208
0.5777	0.2563	0.6320	0.4175
0.5806	0.2546	0.6340	0.4132
0.5836	0.2528	0.6360	0.4088
0.5902	0.2527	0.6420	0.4045
0.5931	0.2510	0.6440	0.4004
0.5905	0.2469	0.6400	0.3961
0.5897	0.2435	0.6380	0.3916
0.5925	0.2419	0.6400	0.3875
0.5973	0.2408	0.6440	0.3832
0.6018	0.2403	0.6480	0.3799
0.6047	0.2384	0.6500	0.3755
0.6095	0.2372	0.6540	0.3712
0.6160	0.2369	0.6600	0.3671
0.6189	0.2349	0.6620	0.3628
0.6162	0.2308	0.6580	0.3584
0.6172	0.2281	0.6580	0.3541
0.6238	0.2276	0.6640	0.3499
0.6301	0.2277	0.6700	0.3467
0.6330	0.2255	0.6720	0.3423
0.6321	0.2221	0.6700	0.3380
0.6349	0.2202	0.6720	0.3338
0.6377	0.2181	0.6740	0.3295
0.6387	0.2153	0.6740	0.3251
0.6415	0.2132	0.6760	0.3208
0.6462	0.2118	0.6800	0.3167
0.6507	0.2109	0.6840	0.3134
0.6554	0.2092	0.6880	0.3090
0.6582	0.2070	0.6900	0.3047
0.6629	0.2053	0.6940	0.3003
0.6657	0.2032	0.6960	0.2963
0.6685	0.2008	0.6980	0.2918
0.6713	0.1985	0.7000	0.2875
0.6758	0.1974	0.7040	0.2842
0.6805	0.1956	0.7080	0.2799
0.6851	0.1938	0.7120	0.2757
0.6840	0.1903	0.7100	0.2714
0.6868	0.1879	0.7120	0.2670
0.6914	0.1861	0.7160	0.2630
0.6961	0.1841	0.7200	0.2586
0.7005	0.1828	0.7240	0.2553
0.7033	0.1802	0.7260	0.2509
0.7079	0.1782	0.7300	0.2466
0.7106	0.1758	0.7320	0.2425
0.7152	0.1736	0.7360	0.2382
0.7179	0.1709	0.7380	0.2337
0.7206	0.1685	0.7400	0.2297
0.7252	0.1662	0.7440	0.2253
0.7296	0.1647	0.7480	0.2220
0.7323	0.1619	0.7500	0.2176
0.7369	0.1596	0.7540	0.2133
0.7415	0.1574	0.7580	0.2092
0.7461	0.1550	0.7620	0.2049
0.7487	0.1521	0.7640	0.2005
0.7533	0.1497	0.7680	0.1962
0.7557	0.1476	0.7700	0.1929
0.7602	0.1452	0.7740	0.1888
0.7648	0.1426	0.7780	0.1844
0.7674	0.1397	0.7800	0.1801
0.7739	0.1376	0.7860	0.1759
0.7784	0.1349	0.7900	0.1716
0.7810	0.1318	0.7920	0.1672
0.7853	0.1299	0.7960	0.1639
0.7898	0.1271	0.8000	0.1595
0.7943	0.1245	0.8040	0.1555
0.7968	0.1213	0.8060	0.1511
0.8033	0.1188	0.8120	0.1468
0.8077	0.1158	0.8160	0.1424
0.8121	0.1137	0.8200	0.1391
0.8165	0.1109	0.8240	0.1350
0.8209	0.1079	0.8280	0.1307
0.8254	0.1048	0.8320	0.1263
0.8278	0.1015	0.8340	0.1220
0.8342	0.0987	0.8400	0.1178
0.8406	0.0958	0.8460	0.1135
0.8429	0.0933	0.8480	0.1103
0.8492	0.0902	0.8540	0.1058
0.8536	0.0870	0.8580	0.1015
0.8559	0.0836	0.8600	0.0974
0.8623	0.0804	0.8660	0.0930
0.8686	0.0772	0.8720	0.0887
0.8749	0.0739	0.8780	0.0843
0.8791	0.0714	0.8820	0.0810
0.8814	0.0677	0.8840	0.0767
0.8877	0.0645	0.8900	0.0726
0.8939	0.0611	0.8960	0.0683
0.9002	0.0576	0.9020	0.0639
0.9044	0.0539	0.9060	0.0595
0.9086	0.0501	0.9100	0.0551
0.9148	0.0475	0.9160	0.0519
0.9190	0.0436	0.9200	0.0475
0.9251	0.0402	0.9260	0.0434
0.9333	0.0364	0.9340	0.0390
0.9414	0.0327	0.9420	0.0347
0.9475	0.0298	0.9480	0.0314
0.9497	0.0257	0.9500	0.0270
0.9558	0.0217	0.9560	0.0227
0.9618	0.0179	0.9620	0.0186
0.9659	0.0137	0.9660	0.0142
0.9740	0.0096	0.9740	0.0099
0.9800	0.0054	0.9800	0.0055
0.9860	0.0022	0.9860	0.0022
0.9940	-0.0021	0.9940	-0.0021
0.3011	-0.4190	0.5160	-0.9476
0.3006	-0.4219	0.5180	-0.9517
0.2966	-0.4198	0.5140	-0.9558
0.2898	-0.4148	0.5060	-0.9609
0.2857	-0.4128	0.5020	-0.9654
0.2802	-0.4093	0.4960	-0.9705
0.2752	-0.4066	0.4910	-0.9757
0.2702	-0.4027	0.4850	-0.9798
0.2648	-0.3991	0.4790	-0.9850
0.2603	-0.3961	0.4740	-0.9893
0.2556	-0.3932	0.4690	-0.9945
0.2503	-0.3895	0.4630	-0.9997
0.2460	-0.3863	0.4580	-1.0038
0.2419	-0.3842	0.4540	-1.0090
0.2376	-0.3810	0.4490	-1.0133
0.2329	-0.3780	0.4440	-1.0186
0.2293	-0.3755	0.4400	-1.0226
0.2253	-0.3733	0.4360	-1.0278
0.2208	-0.3701	0.4310	-1.0329
0.2172	-0.3676	0.4270	-1.0371
0.2133	-0.3653	0.4230	-1.0422
0.2097	-0.3627	0.4190	-1.0466
0.2058	-0.3604	0.4150	-1.0518
0.2024	-0.3577	0.4110	-1.0559
0.1986	-0.3553	0.4070	-1.0610
0.1956	-0.3535	0.4040	-1.0654
0.1918	-0.3510	0.4000	-1.0706
0.1890	-0.3491	0.3970	-1.0746
0.1853	-0.3466	0.3930	-1.0799
0.1821	-0.3449	0.3900	-1.0851
0.1792	-0.3430	0.3870	-1.0894
0.1760	-0.3413	0.3840	-1.0946
0.1728	-0.3384	0.3800	-1.0987
0.1697	-0.3366	0.3770	-1.1039
0.1669	-0.3347	0.3740	-1.1082
0.1643	-0.3338	0.3720	-1.1134
0.1616	-0.3317	0.3690	-1.1175
0.1586	-0.3299	0.3660	-1.1227
0.1559	-0.3278	0.3630	-1.1268
0.1530	-0.3259	0.3600	-1.1320
0.1507	-0.3247	0.3580	-1.1363
0.1478	-0.3228	0.3550	-1.1415
0.1456	-0.3216	0.3530	-1.1456
0.1427	-0.3196	0.3500	-1.1508
0.1401	-0.3175	0.3470	-1.1552
0.1377	-0.3163	0.3450	-1.1604
0.1356	-0.3151	0.3430	-1.1644
0.1328	-0.3130	0.3400	-1.1696
0.1306	-0.3117	0.3380	-1.1740
0.1283	-0.3106	0.3360	-1.1792
0.1262	-0.3092	0.3340	-1.1833
0.1238	-0.3081	0.3320	-1.1886
0.1217	-0.3067	0.3300	-1.1931
0.1189	-0.3046	0.3270	-1.1985
0.1169	-0.3032	0.3250	-1.2028
0.1146	-0.3020	0.3230	-1.2080
0.1126	-0.3006	0.3210	-1.2124
0.1103	-0.2993	0.3190	-1.2179
0.1083	-0.2979	0.3170	-1.2222
0.1066	-0.2975	0.3160	-1.2266
0.1043	-0.2962	0.3140	-1.2321
0.1024	-0.2947	0.3120	-1.2364
0.1002	-0.2934	0.3100	-1.2416
0.0985	-0.2929	0.3090	-1.2463
0.0964	-0.2915	0.3070	-1.2514
0.0945	-0.2900	0.3050	-1.2558
0.0929	-0.2895	0.3040	-1.2602
0.0907	-0.2880	0.3020	-1.2656
0.0889	-0.2865	0.3000	-1.2699
0.0870	-0.2861	0.2990	-1.2754
0.0852	-0.2845	0.2970	-1.2797
0.0834	-0.2840	0.2960	-1.2850
0.0817	-0.2824	0.2940	-1.2893
0.0801	-0.2818	0.2930	-1.2937
0.0781	-0.2803	0.2910	-1.2991
0.0766	-0.2797	0.2900	-1.3035
0.0748	-0.2792	0.2890	-1.3090
0.0731	-0.2775	0.2870	-1.3133
0.0711	-0.2760	0.2850	-1.3187
0.0696	-0.2753	0.2840	-1.3232
0.0682	-0.2747	0.2830	-1.3275
0.0665	-0.2740	0.2820	-1.3326
0.0649	-0.2724	0.2800	-1.3371
0.0631	-0.2718	0.2790	-1.3425
0.0617	-0.2711	0.2780	-1.3468
0.0598	-0.2694	0.2760	-1.3523
0.0584	-0.2687	0.2750	-1.3567
0.0571	-0.2680	0.2740	-1.3610
0.0554	-0.2673	0.2730	-1.3665
0.0540	-0.2666	0.2720	-1.3709
0.0522	-0.2649	0.2700	-1.3761
0.0509	-0.2641	0.2690	-1.3804
0.0496	-0.2634	0.2680	-1.3848
0.0480	-0.2627	0.2670	-1.3902
0.0466	-0.2619	0.2660	-1.3946
0.0453	-0.2611	0.2650	-1.3990
0.0437	-0.2604	0.2640	-1.4044
0.0424	-0.2596	0.2630	-1.4088
0.0411	-0.2587	0.2620	-1.4131
0.0396	-0.2580	0.2610	-1.4185
0.0383	-0.2572	0.2600	-1.4230
0.0370	-0.2563	0.2590	-1.4273
0.0356	-0.2555	0.2580	-1.4325
0.0343	-0.2547	0.2570	-1.4369
0.0328	-0.2539	0.2560	-1.4423
0.0316	-0.2530	0.2550	-1.4466
0.0303	-0.2522	0.2540	-1.4510
0.0289	-0.2513	0.2530	-1.4565
0.0277	-0.2505	0.2520	-1.4608
0.0264	-0.2496	0.2510	-1.4652
0.0254	-0.2497	0.2510	-1.4696
0.0239	-0.2489	0.2500	-1.4750
0.0227	-0.2480	0.2490	-1.4794
0.0213	-0.2471	0.2480	-1.4846
0.0201	-0.2462	0.2470	-1.4892
0.0190	-0.2453	0.2460	-1.4936
0.0176	-0.2444	0.2450	-1.4988
0.0165	-0.2434	0.2440	-1.5031
0.0151	-0.2425	0.2430	-1.5086
0.0141	-0.2426	0.2430	-1.5129
0.0129	-0.2417	0.2420	-1.5173
0.0116	-0.2407	0.2410	-1.5228
0.0105	-0.2398	0.2400	-1.5271
0.0094	-0.2388	0.2390	-1.5315
0.0084	-0.2389	0.2390	-1.5358
0.0070	-0.2379	0.2380	-1.5413
0.0060	-0.2379	0.2380	-1.5457
0.0049	-0.2369	0.2370	-1.5500
0.0037	-0.2360	0.2360	-1.5552
0.0026	-0.2350	0.2350	-1.5599
0.0016	-0.2350	0.2350	-1.5642
0.0003	-0.2340	0.2340	-1.5694
-0.0007	-0.2330	0.2330	-1.5738
-0.0017	-0.2330	0.2330	-1.5781
-0.0027	-0.2330	0.2330	-1.5825
-0.0037	-0.2320	0.2320	-1.5868
-0.0050	-0.2309	0.2310	-1.5923
-0.0060	-0.2299	0.2300	-1.5967
-0.0072	-0.2289	0.2290	-1.6021
-0.0082	-0.2289	0.2290	-1.6065
-0.0091	-0.2278	0.2280	-1.6109
-0.0101	-0.2278	0.2280	-1.6152
-0.0113	-0.2267	0.2270	-1.6207
-0.0123	-0.2257	0.2260	-1.6251
-0.0132	-0.2256	0.2260	-1.6294
-0.0144	-0.2245	0.2250	-1.6348
-0.0154	-0.2245	0.2250	-1.6392
-0.0162	-0.2234	0.2240	-1.6433
-0.0172	-0.2233	0.2240	-1.6477
-0.0183	-0.2222	0.2230	-1.6532
-0.0192	-0.2212	0.2220	-1.6575
-0.0202	-0.2211	0.2220	-1.6619
-0.0212	-0.2200	0.2210	-1.6671
-0.0222	-0.2199	0.2210	-1.6714
-0.0232	-0.2198	0.2210	-1.6758
-0.0240	-0.2187	0.2200	-1.6801
-0.0250	-0.2186	0.2200	-1.6845
-0.0260	-0.2175	0.2190	-1.6897
-0.0268	-0.2163	0.2180	-1.6940
-0.0277	-0.2162	0.2180	-1.6984
-0.0288	-0.2151	0.2170	-1.7039
-0.0297	-0.2150	0.2170	-1.7082
-0.0306	-0.2148	0.2170	-1.7123
-0.0315	-0.2147	0.2170	-1.7166
-0.0323	-0.2136	0.2160	-1.7210
-0.0333	-0.2124	0.2150	-1.7265
-0.0343	-0.2123	0.2150	-1.7308
-0.0352	-0.2121	0.2150	-1.7352
-0.0361	-0.2119	0.2150	-1.7395
-0.0368	-0.2108	0.2140	-1.7437
-0.0378	-0.2096	0.2130	-1.7491
-0.0387	-0.2095	0.2130	-1.7534
-0.0394	-0.2083	0.2120	-1.7578
-0.0403	-0.2081	0.2120	-1.7622
-0.0412	-0.2069	0.2110	-1.7673
-0.0421	-0.2068	0.2110	-1.7717
-0.0430	-0.2066	0.2110	-1.7761
-0.0439	-0.2064	0.2110	-1.7805
-0.0448	-0.2062	0.2110	-1.7848
-0.0457	-0.2060	0.2110	-1.7892
-0.0466	-0.2048	0.2100	-1.7944
-0.0474	-0.2046	0.2100	-1.7987
-0.0481	-0.2034	0.2090	-1.8031
-0.0490	-0.2032	0.2090	-1.8074
-0.0499	-0.2030	0.2090	-1.8118
-0.0508	-0.2027	0.2090	-1.8162
-0.0517	-0.2025	0.2090	-1.8205
-0.0525	-0.2013	0.2080	-1.8257
-0.0533	-0.2010	0.2080	-1.8301
-0.0539	-0.1998	0.2070	-1.8344
-0.0548	-0.1996	0.2070	-1.8389
-0.0556	-0.1984	0.2060	-1.8440
-0.0564	-0.1981	0.2060	-1.8484
-0.0573	-0.1979	0.2060	-1.8528
-0.0582	-0.1976	0.2060	-1.8571
-0.0590	-0.1974	0.2060	-1.8615
-0.0599	-0.1971	0.2060	-1.8658
-0.0605	-0.1959	0.2050	-1.8702
-0.0613	-0.1956	0.2050	-1.8745
-0.0620	-0.1943	0.2040	-1.8797
-0.0629	-0.1941	0.2040	-1.8841
-0.0637	-0.1938	0.2040	-1.8884
-0.0646	-0.1935	0.2040	-1.8928
-0.0654	-0.1932	0.2040	-1.8972
-0.0663	-0.1929	0.2040	-1.9016
-0.0671	-0.1927	0.2040	-1.9059
-0.0679	-0.1924	0.2040	-1.9103
-0.0687	-0.1921	0.2040	-1.9144
-0.0694	-0.1908	0.2030	-1.9198
-0.0703	-0.1905	0.2030	-1.9242
-0.0707	-0.1892	0.2020	-1.9285
-0.0716	-0.1889	0.2020	-1.9329
-0.0724	-0.1886	0.2020	-1.9372
-0.0732	-0.1883	0.2020	-1.9416
-0.0740	-0.1880	0.2020	-1.9458
-0.0748	-0.1876	0.2020	-1.9501
-0.0756	-0.1873	0.2020	-1.9545
-0.0764	-0.1870	0.2020	-1.9588
-0.0771	-0.1856	0.2010	-1.9643
-0.0779	-0.1853	0.2010	-1.9687
-0.0786	-0.1850	0.2010	-1.9727
-0.0794	-0.1846	0.2010	-1.9771
-0.0802	-0.1843	0.2010	-1.9814
-0.0810	-0.1839	0.2010	-1.9858
-0.0818	-0.1836	0.2010	-1.9901
-0.0826	-0.1832	0.2010	-1.9946
-0.0830	-0.1820	0.2000	-1.9989
-0.0838	-0.1816	0.2000	-2.0033
-0.0846	-0.1812	0.2000	-2.0076
-0.0854	-0.1808	0.2000	-2.0120
-0.0862	-0.1805	0.2000	-2.0163
-0.0867	-0.1791	0.1990	-2.0215
-0.0877	-0.1797	0.2000	-2.0249
-0.0885	-0.1794	0.2000	-2.0292
-0.0893	-0.1790	0.2000	-2.0336
-0.0901	-0.1786	0.2000	-2.0379
-0.0906	-0.1772	0.1990	-2.0434
-0.0913	-0.1768	0.1990	-2.0475
-0.0921	-0.1764	0.1990	-2.0518
-0.0928	-0.1760	0.1990	-2.0562
-0.0936	-0.1756	0.1990	-2.0605
-0.0944	-0.1752	0.1990	-2.0649
-0.0951	-0.1748	0.1990	-2.0692
-0.0959	-0.1744	0.1990	-2.0737
-0.0966	-0.1740	0.1990	-2.0777
-0.0974	-0.1736	0.1990	-2.0821
-0.0981	-0.1731	0.1990	-2.0862
-0.0988	-0.1727	0.1990	-2.0905
-0.0995	-0.1723	0.1990	-2.0947
-0.1003	-0.1719	0.1990	-2.0990
-0.1007	-0.1705	0.1980	-2.1041
-0.1014	-0.1701	0.1980	-2.1083
-0.1021	-0.1696	0.1980	-2.1126
-0.1028	-0.1692	0.1980	-2.1167
-0.1035	-0.1688	0.1980	-2.1211
-0.1042	-0.1683	0.1980	-2.1251
-0.1050	-0.1679	0.1980	-2.1295
-0.1056	-0.1675	0.1980	-2.1336
-0.1064	-0.1670	0.1980	-2.1380
-0.1071	-0.1666	0.1980	-2.1421
-0.1082	-0.1670	0.1990	-2.1454
-0.1085	-0.1656	0.1980	-2.1505
-0.1092	-0.1652	0.1980	-2.1549
-0.1099	-0.1647	0.1980	-2.1590
-0.1106	-0.1643	0.1980	-2.1633
-0.1112	-0.1638	0.1980	-2.1674
-0.1120	-0.1633	0.1980	-2.1718
-0.1126	-0.1628	0.1980	-2.1759
-0.1133	-0.1624	0.1980	-2.1803
-0.1144	-0.1628	0.1990	-2.1835
-0.1151	-0.1623	0.1990	-2.1876
-0.1158	-0.1618	0.1990	-2.1920
-0.1165	-0.1613	0.1990	-2.1961
-0.1172	-0.1608	0.1990	-2.2004
-0.1178	-0.1604	0.1990	-2.2045
-0.1185	-0.1598	0.1990	-2.2089
-0.1188	-0.1584	0.1980	-2.2141
-0.1194	-0.1579	0.1980	-2.2181
-0.1205	-0.1583	0.1990	-2.2214
-0.1212	-0.1578	0.1990	-2.2258
-0.1223	-0.1582	0.2000	-2.2291
-0.1230	-0.1577	0.2000	-2.2332
-0.1237	-0.1572	0.2000	-2.2375
-0.1243	-0.1567	0.2000	-2.2416
-0.1250	-0.1561	0.2000	-2.2459
-0.1256	-0.1556	0.2000	-2.2501
-0.1263	-0.1551	0.2000	-2.2545
-0.1270	-0.1545	0.2000	-2.2585
-0.1276	-0.1540	0.2000	-2.2629
-0.1289	-0.1542	0.2010	-2.2669
-0.1296	-0.1537	0.2010	-2.2713
-0.1302	-0.1531	0.2010	-2.2755
-0.1309	-0.1526	0.2010	-2.2798
-0.1315	-0.1520	0.2010	-2.2839
-0.1321	-0.1515	0.2010	-2.2882
-0.1328	-0.1509	0.2010	-2.2923
-0.1334	-0.1503	0.2010	-2.2967
-0.1346	-0.1506	0.2020	-2.3000
-0.1352	-0.1501	0.2020	-2.3040
-0.1359	-0.1495	0.2020	-2.3084
-0.1365	-0.1489	0.2020	-2.3125
-0.1371	-0.1483	0.2020	-2.3169
-0.1377	-0.1478	0.2020	-2.3210
-0.1390	-0.1479	0.2030	-2.3253
-0.1397	-0.1473	0.2030	-2.3294
-0.1403	-0.1467	0.2030	-2.3338
-0.1409	-0.1461	0.2030	-2.3379
-0.1415	-0.1455	0.2030	-2.3422
-0.1427	-0.1458	0.2040	-2.3456
-0.1433	-0.1452	0.2040	-2.3496
-0.1439	-0.1446	0.2040	-2.3540
-0.1445	-0.1440	0.2040	-2.3580
-0.1451	-0.1433	0.2040	-2.3624
-0.1457	-0.1427	0.2040	-2.3665
-0.1464	-0.1421	0.2040	-2.3709
-0.1469	-0.1415	0.2040	-2.3750
-0.1481	-0.1417	0.2050	-2.3782
-0.1487	-0.1411	0.2050	-2.3826
-0.1493	-0.1405	0.2050	-2.3867
-0.1507	-0.1405	0.2060	-2.3911
-0.1512	-0.1399	0.2060	-2.3951
-0.1518	-0.1392	0.2060	-2.3995
-0.1530	-0.1394	0.2070	-2.4028
-0.1536	-0.1388	0.2070	-2.4069
-0.1542	-0.1381	0.2070	-2.4112
-0.1548	-0.1375	0.2070	-2.4153
-0.1554	-0.1368	0.2070	-2.4197
-0.1567	-0.1368	0.2080	-2.4238
-0.1573	-0.1361	0.2080	-2.4281
-0.1578	-0.1355	0.2080	-2.4322
-0.1584	-0.1348	0.2080	-2.4366
-0.1590	-0.1341	0.2080	-2.4407
-0.1602	-0.1343	0.2090	-2.4439
-0.1615	-0.1342	0.2100	-2.4483
-0.1627	-0.1343	0.2110	-2.4516
-0.1627	-0.1328	0.2100	-2.4568
-0.1632	-0.1322	0.2100	-2.4609
-0.1644	-0.1323	0.2110	-2.4641
-0.1650	-0.1315	0.2110	-2.4685
-0.1656	-0.1308	0.2110	-2.4729
-0.1661	-0.1301	0.2110	-2.4772
-0.1667	-0.1293	0.2110	-2.4819
-0.1679	-0.1294	0.2120	-2.4851
-0.1685	-0.1286	0.2120	-2.4897
-0.1691	-0.1279	0.2120	-2.4942
-0.1704	-0.1277	0.2130	-2.4985
-0.1717	-0.1277	0.2140	-2.5020
-0.1731	-0.1276	0.2150	-2.5064
-0.1736	-0.1268	0.2150	-2.5107
-0.1742	-0.1260	0.2150	-2.5154
-0.1748	-0.1252	0.2150	-2.5198
-0.1753	-0.1245	0.2150	-2.5242
-0.1766	-0.1244	0.2160	-2.5277
-0.1771	-0.1237	0.2160	-2.5320
-0.1776	-0.1229	0.2160	-2.5364
-0.1790	-0.1226	0.2170	-2.5410
-0.1796	-0.1218	0.2170	-2.5454
-0.1801	-0.1211	0.2170	-2.5498
-0.1814	-0.1210	0.2180	-2.5533
-0.1827	-0.1207	0.2190	-2.5577
-0.1832	-0.1199	0.2190	-2.5620
-0.1838	-0.1191	0.2190	-2.5666
-0.1850	-0.1190	0.2200	-2.5700
-0.1856	-0.1182	0.2200	-2.5746
-0.1869	-0.1179	0.2210	-2.5789
-0.1874	-0.1171	0.2210	-2.5833
-0.1879	-0.1163	0.2210	-2.5876
-0.1892	-0.1161	0.2220	-2.5912
-0.1897	-0.1153	0.2220	-2.5956
-0.1911	-0.1149	0.2230	-2.6002
-0.1916	-0.1141	0.2230	-2.6046
-0.1929	-0.1139	0.2240	-2.6082
-0.1934	-0.1131	0.2240	-2.6125
-0.1947	-0.1127	0.2250	-2.6169
-0.1952	-0.1119	0.2250	-2.6212
-0.1957	-0.1110	0.2250	-2.6259
-0.1970	-0.1108	0.2260	-2.6291
-0.1974	-0.1100	0.2260	-2.6335
-0.1980	-0.1090	0.2260	-2.6382
-0.1993	-0.1087	0.2270	-2.6425
-0.2006	-0.1084	0.2280	-2.6460
-0.2010	-0.1075	0.2280	-2.6504
-0.2024	-0.1071	0.2290	-2.6547
-0.2037	-0.1069	0.2300	-2.6583
-0.2041	-0.1060	0.2300	-2.6627
-0.2046	-0.1050	0.2300	-2.6673
-0.2060	-0.1046	0.2310	-2.6717
-0.2064	-0.1037	0.2310	-2.6760
-0.2077	-0.1034	0.2320	-2.6796
-0.2081	-0.1025	0.2320	-2.6840
-0.2095	-0.1020	0.2330	-2.6883
-0.2099	-0.1011	0.2330	-2.6927
-0.2113	-0.1006	0.2340	-2.6973
-0.2125	-0.1003	0.2350	-2.7006
-0.2139	-0.0998	0.2360	-2.7052
-0.2143	-0.0988	0.2360	-2.7096
-0.2156	-0.0985	0.2370	-2.7131
-0.2160	-0.0975	0.2370	-2.7174
-0.2164	-0.0966	0.2370	-2.7219
-0.2178	-0.0961	0.2380	-2.7262
-0.2190	-0.0957	0.2390	-2.7297
-0.2204	-0.0951	0.2400	-2.7341
-0.2208	-0.0941	0.2400	-2.7387
-0.2221	-0.0935	0.2410	-2.7431
-0.2225	-0.0925	0.2410	-2.7475
-0.2238	-0.0921	0.2420	-2.7510
-0.2251	-0.0915	0.2430	-2.7554
-0.2255	-0.0906	0.2430	-2.7597
-0.2267	-0.0901	0.2440	-2.7633
-0.2281	-0.0895	0.2450	-2.7677
-0.2285	-0.0884	0.2450	-2.7723
-0.2297	-0.0880	0.2460	-2.7755
-0.2310	-0.0873	0.2470	-2.7802
-0.2324	-0.0867	0.2480	-2.7846
-0.2327	-0.0856	0.2480	-2.7890
-0.2340	-0.0852	0.2490	-2.7925
-0.2353	-0.0845	0.2500	-2.7968
-0.2365	-0.0840	0.2510	-2.8004
-0.2369	-0.0829	0.2510	-2.8048
-0.2382	-0.0823	0.2520	-2.8091
-0.2395	-0.0815	0.2530	-2.8137
-0.2399	-0.0804	0.2530	-2.8181
-0.2411	-0.0799	0.2540	-2.8217
-0.2424	-0.0792	0.2550	-2.8260
-0.2437	-0.0784	0.2560	-2.8304
-0.2440	-0.0773	0.2560	-2.8348
-0.2453	-0.0768	0.2570	-2.8382
-0.2466	-0.0760	0.2580	-2.8427
-0.2478	-0.0754	0.2590	-2.8462
-0.2491	-0.0746	0.2600	-2.8505
-0.2503	-0.0738	0.2610	-2.8549
-0.2516	-0.0732	0.2620	-2.8585
-0.2528	-0.0724	0.2630	-2.8628
-0.2541	-0.0715	0.2640	-2.8675
-0.2545	-0.0704	0.2640	-2.8718
-0.2556	-0.0698	0.2650	-2.8751
-0.2569	-0.0690	0.2660	-2.8792
-0.2581	-0.0682	0.2670	-2.8833
-0.2593	-0.0676	0.2680	-2.8866
-0.2606	-0.0668	0.2690	-2.8907
-0.2618	-0.0659	0.2700	-2.8950
-0.2630	-0.0653	0.2710	-2.8983
-0.2643	-0.0644	0.2720	-2.9024
-0.2655	-0.0636	0.2730	-2.9065
-0.2667	-0.0630	0.2740	-2.9098
-0.2679	-0.0621	0.2750	-2.9138
-0.2691	-0.0611	0.2760	-2.9182
-0.2703	-0.0606	0.2770	-2.9212
-0.2725	-0.0598	0.2790	-2.9256
-0.2737	-0.0592	0.2800	-2.9286
-0.2739	-0.0580	0.2800	-2.9330
-0.2761	-0.0573	0.2820	-2.9370
-0.2773	-0.0566	0.2830	-2.9403
-0.2785	-0.0556	0.2840	-2.9444
-0.2797	-0.0547	0.2850	-2.9485
-0.2809	-0.0540	0.2860	-2.9518
-0.2831	-0.0531	0.2880	-2.9561
-0.2843	-0.0521	0.2890	-2.9602
-0.2854	-0.0514	0.2900	-2.9635
-0.2866	-0.0504	0.2910	-2.9676
-0.2887	-0.0498	0.2930	-2.9708
-0.2899	-0.0488	0.2940	-2.9750
-0.2911	-0.0478	0.2950	-2.9790
-0.2932	-0.0471	0.2970	-2.9823
-0.2944	-0.0461	0.2980	-2.9864
-0.2960	-0.0425	0.2990	-2.9989
-0.2984	-0.0393	0.3010	-3.0106
-0.3056	-0.0289	0.3070	-3.0472
-0.3029	-0.0261	0.3040	-3.0557
-0.3000	-0.0243	0.3010	-3.0609
-0.2991	-0.0230	0.3000	-3.0649
-0.2982	-0.0214	0.2990	-3.0701
-0.2973	-0.0201	0.2980	-3.0742
-0.2696	-0.0147	0.2700	-3.0870
-0.2687	-0.0135	0.2690	-3.0914
-0.2677	-0.0123	0.2680	-3.0958
-0.2668	-0.0109	0.2670	-3.1009
-0.2658	-0.0097	0.2660	-3.1053
-0.2659	-0.0086	0.2660	-3.1094
-0.2649	-0.0074	0.2650	-3.1137
-0.2639	-0.0060	0.2640	-3.1189
-0.2640	-0.0048	0.2640	-3.1233
-0.2630	-0.0037	0.2630	-3.1276
-0.2610	-0.0023	0.2610	-3.1328
-0.2610	-0.0012	0.2610	-3.1372
-0.2440	-0.0216	0.2450	-3.0535
-0.2441	-0.0206	0.2450	-3.0575
-0.2452	-0.0198	0.2460	-3.0611
-0.2473	-0.0189	0.2480	-3.0652
-0.2474	-0.0178	0.2480	-3.0696
-0.2484	-0.0171	0.2490	-3.0729
-0.2495	-0.0161	0.2500	-3.0772
-0.2505	-0.0153	0.2510	-3.0804
-0.2516	-0.0143	0.2520	-3.0848
-0.2527	-0.0133	0.2530	-3.0891
-0.1999	-0.0049	0.2000	-3.1170
-0.2000	-0.0040	0.2000	-3.1214
-0.2010	-0.0032	0.2010	-3.1255
-0.2010	-0.0024	0.2010	-3.1298
-0.2020	-0.0017	0.2020	-3.1331
-0.2020	-0.0009	0.2020	-3.1372
