x	y	r	phi
-0.4908	0.0124	0.4910	3.1163
-0.4888	0.0143	0.4890	3.1124
-0.4867	0.0162	0.4870	3.1083
-0.4847	0.0181	0.4850	3.1043
-0.4836	0.0199	0.4840	3.1005
-0.4825	0.0218	0.4830	3.0963
-0.4804	0.0241	0.4810	3.0915
-0.4783	0.0260	0.4790	3.0873
-0.4772	0.0278	0.4780	3.0833
-0.4761	0.0296	0.4770	3.0795
-0.4750	0.0315	0.4760	3.0753
-0.4728	0.0332	0.4740	3.0715
-0.4717	0.0350	0.4730	3.0675
-0.4705	0.0372	0.4720	3.0626
-0.4684	0.0390	0.4700	3.0585
-0.4672	0.0409	0.4690	3.0543
-0.4661	0.0426	0.4680	3.0505
-0.4649	0.0443	0.4670	3.0465
-0.4627	0.0461	0.4650	3.0424
-0.4615	0.0477	0.4640	3.0385
-0.4603	0.0499	0.4630	3.0336
-0.4591	0.0517	0.4620	3.0295
-0.4579	0.0534	0.4610	3.0255
-0.4557	0.0549	0.4590	3.0217
-0.4545	0.0567	0.4580	3.0175
-0.4533	0.0584	0.4570	3.0135
-0.4510	0.0604	0.4550	3.0085
-0.4497	0.0620	0.4540	3.0045
-0.4495	0.0638	0.4540	3.0007
-0.4482	0.0655	0.4530	2.9965
-0.4470	0.0671	0.4520	2.9927
-0.4447	0.0685	0.4500	2.9887
-0.4435	0.0702	0.4490	2.9846
-0.4422	0.0718	0.4480	2.9807
-0.4409	0.0739	0.4470	2.9755
-0.4396	0.0754	0.4460	2.9717
-0.4383	0.0770	0.4450	2.9677
-0.4370	0.0786	0.4440	2.9636
-0.4357	0.0801	0.4430	2.9597
-0.4344	0.0817	0.4420	2.9557
-0.4331	0.0833	0.4410	2.9516
-0.4318	0.0848	0.4400	2.9477
-0.4304	0.0867	0.4390	2.9428
-0.4290	0.0882	0.4380	2.9387
-0.4277	0.0898	0.4370	2.9347
-0.4264	0.0912	0.4360	2.9309
-0.4250	0.0927	0.4350	2.9267
-0.4246	0.0945	0.4350	2.9226
-0.4233	0.0959	0.4340	2.9189
-0.4229	0.0976	0.4340	2.9148
-0.4215	0.0991	0.4330	2.9106
-0.4191	0.1007	0.4310	2.9057
-0.4177	0.1021	0.4300	2.9019
-0.4163	0.1035	0.4290	2.8979
-0.4149	0.1050	0.4280	2.8938
-0.4145	0.1066	0.4280	2.8899
-0.4141	0.1083	0.4280	2.8858
-0.4127	0.1097	0.4270	2.8818
-0.4103	0.1108	0.4250	2.8779
-0.4089	0.1122	0.4240	2.8738
-0.4084	0.1138	0.4240	2.8698
-0.4080	0.1154	0.4240	2.8660
-0.4065	0.1171	0.4230	2.8611
-0.4041	0.1182	0.4210	2.8569
-0.4036	0.1199	0.4210	2.8528
-0.4041	0.1217	0.4220	2.8490
-0.4026	0.1231	0.4210	2.8450
-0.4002	0.1241	0.4190	2.8408
-0.3988	0.1254	0.4180	2.8370
-0.3983	0.1270	0.4180	2.8330
-0.3968	0.1283	0.4170	2.8289
-0.3963	0.1298	0.4170	2.8250
-0.3947	0.1316	0.4160	2.8198
-0.3932	0.1327	0.4150	2.8160
-0.3927	0.1343	0.4150	2.8120
-0.3921	0.1358	0.4150	2.8081
-0.3906	0.1371	0.4140	2.8040
-0.3892	0.1383	0.4130	2.8002
-0.3886	0.1398	0.4130	2.7962
-0.3871	0.1411	0.4120	2.7920
-0.3856	0.1422	0.4110	2.7882
-0.3850	0.1438	0.4110	2.7841
-0.3845	0.1453	0.4110	2.7803
-0.3829	0.1465	0.4100	2.7762
-0.3813	0.1480	0.4090	2.7713
-0.3797	0.1492	0.4080	2.7672
-0.3792	0.1507	0.4080	2.7634
-0.3786	0.1522	0.4080	2.7593
-0.3789	0.1540	0.4090	2.7555
-0.3773	0.1552	0.4080	2.7514
-0.3748	0.1560	0.4060	2.7473
-0.3743	0.1574	0.4060	2.7435
-0.3736	0.1589	0.4060	2.7394
-0.3721	0.1600	0.4050	2.7356
-0.3714	0.1615	0.4050	2.7314
-0.3699	0.1625	0.4040	2.7277
-0.3701	0.1644	0.4050	2.7236
-0.3685	0.1655	0.4040	2.7195
-0.3679	0.1669	0.4040	2.7156
-0.3662	0.1683	0.4030	2.7107
-0.3646	0.1694	0.4020	2.7067
-0.3639	0.1709	0.4020	2.7026
-0.3632	0.1723	0.4020	2.6988
-0.3625	0.1738	0.4020	2.6946
-0.3610	0.1747	0.4010	2.6909
-0.3593	0.1757	0.4000	2.6868
-0.3596	0.1775	0.4010	2.6829
-0.3588	0.1790	0.4010	2.6788
-0.3572	0.1800	0.4000	2.6748
-0.3565	0.1814	0.4000	2.6709
-0.3549	0.1824	0.3990	2.6668
-0.3542	0.1838	0.3990	2.6630
-0.3534	0.1852	0.3990	2.6590
-0.3527	0.1866	0.3990	2.6548
-0.3519	0.1880	0.3990	2.6510
-0.3503	0.1889	0.3980	2.6470
-0.3496	0.1903	0.3980	2.6431
-0.3479	0.1912	0.3970	2.6390
-0.3472	0.1926	0.3970	2.6352
-0.3464	0.1940	0.3970	2.6312
-0.3456	0.1954	0.3970	2.6270
-0.3448	0.1967	0.3970	2.6232
-0.3430	0.1979	0.3960	2.6183
-0.3422	0.1993	0.3960	2.6142
-0.3414	0.2007	0.3960	2.6102
-0.3406	0.2020	0.3960	2.6063
-0.3389	0.2029	0.3950	2.6022
-0.3373	0.2037	0.3940	2.5984
-0.3373	0.2055	0.3950	2.5943
-0.3365	0.2068	0.3950	2.5905
-0.3357	0.2082	0.3950	2.5864
-0.3340	0.2090	0.3940	2.5824
-0.3332	0.2103	0.3940	2.5785
-0.3323	0.2117	0.3940	2.5744
-0.3323	0.2135	0.3950	2.5706
-0.3315	0.2148	0.3950	2.5665
-0.3297	0.2156	0.3940	2.5624
-0.3289	0.2169	0.3940	2.5586
-0.3272	0.2177	0.3930	2.5545
-0.3272	0.2195	0.3940	2.5507
-0.3255	0.2203	0.3930	2.5466
-0.3246	0.2215	0.3930	2.5428
-0.3237	0.2229	0.3930	2.5386
-0.3228	0.2242	0.3930	2.5346
-0.3219	0.2254	0.3930	2.5308
-0.3210	0.2267	0.3930	2.5267
-0.3201	0.2280	0.3930	2.5228
-0.3192	0.2292	0.3930	2.5188
-0.3183	0.2306	0.3930	2.5147
-0.3174	0.2318	0.3930	2.5108
-0.3164	0.2330	0.3930	2.5068
-0.3155	0.2343	0.3930	2.5030
-0.3146	0.2356	0.3930	2.4989
-0.3129	0.2362	0.3920	2.4950
-0.3119	0.2374	0.3920	2.4910
-0.3109	0.2387	0.3920	2.4869
-0.3108	0.2405	0.3930	2.4830
-0.3098	0.2418	0.3930	2.4789
-0.3089	0.2429	0.3930	2.4752
-0.3071	0.2436	0.3920	2.4711
-0.3061	0.2449	0.3920	2.4669
-0.3052	0.2460	0.3920	2.4632
-0.3042	0.2473	0.3920	2.4591
-0.3040	0.2491	0.3930	2.4552
-0.3037	0.2509	0.3940	2.4511
-0.3020	0.2514	0.3930	2.4474
-0.3002	0.2520	0.3920	2.4432
-0.2992	0.2533	0.3920	2.4391
-0.2989	0.2551	0.3930	2.4351
-0.2979	0.2564	0.3930	2.4310
-0.2976	0.2582	0.3940	2.4269
-0.2966	0.2594	0.3940	2.4230
-0.2955	0.2606	0.3940	2.4190
-0.2945	0.2618	0.3940	2.4149
-0.2926	0.2623	0.3930	2.4107
-0.2923	0.2642	0.3940	2.4067
-0.2912	0.2654	0.3940	2.4026
-0.2894	0.2659	0.3930	2.3985
-0.2883	0.2671	0.3930	2.3944
-0.2879	0.2689	0.3940	2.3903
-0.2868	0.2701	0.3940	2.3862
-0.2857	0.2713	0.3940	2.3822
-0.2853	0.2731	0.3950	2.3781
-0.2842	0.2743	0.3950	2.3739
-0.2831	0.2755	0.3950	2.3699
-0.2820	0.2766	0.3950	2.3658
-0.2808	0.2778	0.3950	2.3617
-0.2804	0.2796	0.3960	2.3576
-0.2793	0.2808	0.3960	2.3535
-0.2791	0.2823	0.3970	2.3505
-0.2780	0.2835	0.3970	2.3464
-0.2768	0.2846	0.3970	2.3423
-0.2747	0.2852	0.3960	2.3374
-0.2745	0.2868	0.3970	2.3341
-0.2733	0.2880	0.3970	2.3300
-0.2721	0.2891	0.3970	2.3260
-0.2716	0.2909	0.3980	2.3219
-0.2704	0.2920	0.3980	2.3177
-0.2693	0.2930	0.3980	2.3140
-0.2681	0.2942	0.3980	2.3099
-0.2669	0.2953	0.3980	2.3058
-0.2664	0.2971	0.3990	2.3017
-0.2651	0.2982	0.3990	2.2976
-0.2639	0.2993	0.3990	2.2935
-0.2634	0.3011	0.4000	2.2895
-0.2621	0.3022	0.4000	2.2853
-0.2615	0.3040	0.4010	2.2812
-0.2603	0.3050	0.4010	2.2772
-0.2590	0.3061	0.4010	2.2731
-0.2584	0.3079	0.4020	2.2689
-0.2572	0.3090	0.4020	2.2649
-0.2559	0.3100	0.4020	2.2608
-0.2552	0.3119	0.4030	2.2567
-0.2540	0.3129	0.4030	2.2527
-0.2527	0.3139	0.4030	2.2485
-0.2514	0.3150	0.4030	2.2444
-0.2511	0.3165	0.4040	2.2414
-0.2504	0.3183	0.4050	2.2373
-0.2497	0.3201	0.4060	2.2333
-0.2478	0.3204	0.4050	2.2292
-0.2471	0.3222	0.4060	2.2250
-0.2458	0.3232	0.4060	2.2210
-0.2450	0.3250	0.4070	2.2169
-0.2437	0.3260	0.4070	2.2128
-0.2430	0.3277	0.4080	2.2089
-0.2417	0.3287	0.4080	2.2049
-0.2410	0.3305	0.4090	2.2008
-0.2396	0.3315	0.4090	2.1967
-0.2383	0.3324	0.4090	2.1926
-0.2377	0.3340	0.4100	2.1894
-0.2364	0.3350	0.4100	2.1853
-0.2356	0.3368	0.4110	2.1811
-0.2343	0.3377	0.4110	2.1774
-0.2335	0.3395	0.4120	2.1733
-0.2326	0.3412	0.4130	2.1691
-0.2313	0.3422	0.4130	2.1651
-0.2304	0.3440	0.4140	2.1610
-0.2290	0.3449	0.4140	2.1569
-0.2276	0.3458	0.4140	2.1528
-0.2267	0.3476	0.4150	2.1487
-0.2258	0.3494	0.4160	2.1446
-0.2244	0.3503	0.4160	2.1406
-0.2239	0.3518	0.4170	2.1375
-0.2230	0.3536	0.4180	2.1335
-0.2215	0.3545	0.4180	2.1294
-0.2201	0.3554	0.4180	2.1252
-0.2192	0.3571	0.4190	2.1212
-0.2182	0.3589	0.4200	2.1171
-0.2172	0.3606	0.4210	2.1130
-0.2158	0.3615	0.4210	2.1089
-0.2148	0.3632	0.4220	2.1048
-0.2133	0.3641	0.4220	2.1007
-0.2123	0.3658	0.4230	2.0967
-0.2117	0.3674	0.4240	2.0936
-0.2107	0.3691	0.4250	2.0896
-0.2092	0.3699	0.4250	2.0854
-0.2082	0.3717	0.4260	2.0813
-0.2071	0.3734	0.4270	2.0773
-0.2056	0.3742	0.4270	2.0732
-0.2045	0.3760	0.4280	2.0691
-0.2030	0.3768	0.4280	2.0650
-0.2019	0.3785	0.4290	2.0609
-0.2008	0.3802	0.4300	2.0568
-0.1998	0.3819	0.4310	2.0528
-0.1982	0.3827	0.4310	2.0486
-0.1980	0.3851	0.4330	2.0457
-0.1964	0.3859	0.4330	2.0415
-0.1948	0.3867	0.4330	2.0374
-0.1932	0.3875	0.4330	2.0334
-0.1925	0.3901	0.4350	2.0293
-0.1919	0.3926	0.4370	2.0254
-0.1908	0.3943	0.4380	2.0214
-0.1891	0.3951	0.4380	2.0173
-0.1879	0.3967	0.4390	2.0132
-0.1863	0.3975	0.4390	2.0091
-0.1855	0.3990	0.4400	2.0061
-0.1843	0.4006	0.4410	2.0020
-0.1827	0.4014	0.4410	1.9979
-0.1818	0.4040	0.4430	1.9938
-0.1806	0.4056	0.4440	1.9898
-0.1794	0.4073	0.4450	1.9856
-0.1777	0.4080	0.4450	1.9815
-0.1764	0.4096	0.4460	1.9775
-0.1760	0.4120	0.4480	1.9744
-0.1747	0.4136	0.4490	1.9704
-0.1730	0.4143	0.4490	1.9663
-0.1716	0.4160	0.4500	1.9622
-0.1704	0.4176	0.4510	1.9581
-0.1690	0.4192	0.4520	1.9540
-0.1676	0.4208	0.4530	1.9499
-0.1664	0.4224	0.4540	1.9460
-0.1651	0.4240	0.4550	1.9420
-0.1640	0.4255	0.4560	1.9388
-0.1626	0.4271	0.4570	1.9346
-0.1613	0.4286	0.4580	1.9308
-0.1599	0.4302	0.4590	1.9267
-0.1585	0.4318	0.4600	1.9227
-0.1571	0.4334	0.4610	1.9185
-0.1560	0.4359	0.4630	1.9144
-0.1550	0.4373	0.4640	1.9114
-0.1536	0.4389	0.4650	1.9074
-0.1521	0.4405	0.4660	1.9033
-0.1506	0.4420	0.4670	1.8992
-0.1491	0.4436	0.4680	1.8951
-0.1476	0.4452	0.4690	1.8910
-0.1461	0.4467	0.4700	1.8869
-0.1446	0.4483	0.4710	1.8829
-0.1438	0.4506	0.4730	1.8798
-0.1423	0.4521	0.4740	1.8758
-0.1408	0.4537	0.4750	1.8716
-0.1395	0.4562	0.4770	1.8675
-0.1379	0.4577	0.4780	1.8635
-0.1363	0.4592	0.4790	1.8594
-0.1347	0.4607	0.4800	1.8553
-0.1335	0.4631	0.4820	1.8514
-0.1323	0.4645	0.4830	1.8482
-0.1307	0.4660	0.4840	1.8441
-0.1293	0.4685	0.4860	1.8400
-0.1277	0.4700	0.4870	1.8362
-0.1260	0.4714	0.4880	1.8321
-0.1247	0.4739	0.4900	1.8280
-0.1230	0.4754	0.4910	1.8239
-0.1219	0.4777	0.4930	1.8206
-0.1203	0.4791	0.4940	1.8168
-0.1189	0.4815	0.4960	1.8128
-0.1171	0.4830	0.4970	1.8087
-0.1156	0.4854	0.4990	1.8045
-0.1138	0.4869	0.5000	1.8005
-0.1128	0.4892	0.5020	1.7974
-0.1111	0.4906	0.5030	1.7934
-0.1095	0.4930	0.5050	1.7893
-0.1079	0.4954	0.5070	1.7852
-0.1061	0.4968	0.5080	1.7811
-0.1044	0.4992	0.5100	1.7770
-0.1024	0.4996	0.5100	1.7729
-0.1008	0.5020	0.5120	1.7689
-0.0996	0.5043	0.5140	1.7658
-0.0979	0.5066	0.5160	1.7618
-0.0962	0.5090	0.5180	1.7577
-0.0945	0.5113	0.5200	1.7535
-0.0928	0.5137	0.5220	1.7495
-0.0916	0.5159	0.5240	1.7464
-0.0895	0.5163	0.5240	1.7424
-0.0877	0.5186	0.5260	1.7383
-0.0859	0.5210	0.5280	1.7342
-0.0841	0.5233	0.5300	1.7301
-0.0824	0.5256	0.5320	1.7263
-0.0805	0.5279	0.5340	1.7222
-0.0791	0.5301	0.5360	1.7189
-0.0772	0.5324	0.5380	1.7148
-0.0753	0.5347	0.5400	1.7108
-0.0736	0.5370	0.5420	1.7069
-0.0716	0.5393	0.5440	1.7028
-0.0697	0.5415	0.5460	1.6988
-0.0638	0.5443	0.5480	1.6876
-0.0510	0.5496	0.5520	1.6633
-0.0476	0.5419	0.5440	1.6584
-0.0452	0.5401	0.5420	1.6543
-0.0430	0.5383	0.5400	1.6505
-0.0406	0.5365	0.5380	1.6463
-0.0385	0.5346	0.5360	1.6426
-0.0356	0.5328	0.5340	1.6374
-0.0334	0.5310	0.5320	1.6336
-0.0312	0.5311	0.5320	1.6295
-0.0291	0.5292	0.5300	1.6256
-0.0268	0.5273	0.5280	1.6216
-0.0247	0.5254	0.5260	1.6178
-0.0224	0.5235	0.5240	1.6137
-0.0198	0.5216	0.5220	1.6088
-0.0176	0.5197	0.5200	1.6046
-0.0155	0.5178	0.5180	1.6008
-0.0134	0.5158	0.5160	1.5968
-0.0112	0.5139	0.5140	1.5927
-0.0093	0.5139	0.5140	1.5888
-0.0067	0.5120	0.5120	1.5839
-0.0046	0.5110	0.5110	1.5798
-0.0027	0.5090	0.5090	1.5761
-0.0006	0.5070	0.5070	1.5719
0.0015	0.5060	0.5060	1.5678
0.0034	0.5040	0.5040	1.5640
0.0054	0.5020	0.5020	1.5600
0.0079	0.5009	0.5010	1.5551
0.0099	0.4999	0.5000	1.5510
0.0118	0.4979	0.4980	1.5471
0.0138	0.4958	0.4960	1.5430
0.0156	0.4948	0.4950	1.5393
0.0176	0.4937	0.4940	1.5351
0.0194	0.4916	0.4920	1.5313
0.0219	0.4895	0.4900	1.5261
0.0237	0.4884	0.4890	1.5223
0.0256	0.4873	0.4880	1.5183
0.0274	0.4852	0.4860	1.5144
0.0293	0.4841	0.4850	1.5103
0.0313	0.4830	0.4840	1.5062
0.0330	0.4819	0.4830	1.5024
0.0353	0.4807	0.4820	1.4975
0.0371	0.4786	0.4800	1.4934
0.0389	0.4774	0.4790	1.4896
0.0407	0.4763	0.4780	1.4855
0.0426	0.4751	0.4770	1.4814
0.0442	0.4729	0.4750	1.4776
0.0461	0.4718	0.4740	1.4735
0.0478	0.4706	0.4730	1.4696
0.0500	0.4683	0.4710	1.4645
0.0517	0.4672	0.4700	1.4606
0.0536	0.4669	0.4700	1.4566
0.0552	0.4657	0.4690	1.4528
0.0569	0.4635	0.4670	1.4487
0.0584	0.4613	0.4650	1.4448
0.0602	0.4601	0.4640	1.4408
0.0620	0.4598	0.4640	1.4367
0.0638	0.4596	0.4640	1.4328
0.0659	0.4583	0.4630	1.4279
0.0677	0.4570	0.4620	1.4238
0.0693	0.4558	0.4610	1.4198
0.0708	0.4535	0.4590	1.4160
0.0725	0.4522	0.4580	1.4118
0.0739	0.4500	0.4560	1.4080
0.0759	0.4486	0.4550	1.4031
0.0778	0.4483	0.4550	1.3990
0.0794	0.4470	0.4540	1.3950
0.0810	0.4457	0.4530	1.3911
0.0826	0.4444	0.4520	1.3870
0.0841	0.4431	0.4510	1.3833
0.0857	0.4418	0.4500	1.3791
0.0875	0.4414	0.4500	1.3750
0.0890	0.4401	0.4490	1.3712
0.0906	0.4387	0.4480	1.3672
0.0926	0.4373	0.4470	1.3622
0.0940	0.4360	0.4460	1.3584
0.0956	0.4346	0.4450	1.3543
0.0972	0.4332	0.4440	1.3502
0.0986	0.4319	0.4430	1.3465
0.1003	0.4315	0.4430	1.3423
0.1018	0.4301	0.4420	1.3385
0.1033	0.4287	0.4410	1.3344
0.1050	0.4283	0.4410	1.3303
0.1067	0.4258	0.4390	1.3254
0.1083	0.4254	0.4390	1.3216
0.1098	0.4240	0.4380	1.3175
0.1114	0.4236	0.4380	1.3137
0.1128	0.4222	0.4370	1.3096
0.1143	0.4207	0.4360	1.3055
0.1157	0.4193	0.4350	1.3017
0.1174	0.4189	0.4350	1.2976
0.1187	0.4175	0.4340	1.2938
0.1201	0.4160	0.4330	1.2897
0.1216	0.4145	0.4320	1.2856
0.1233	0.4130	0.4310	1.2807
0.1246	0.4116	0.4300	1.2768
0.1265	0.4120	0.4310	1.2728
0.1281	0.4115	0.4310	1.2690
0.1291	0.4091	0.4290	1.2652
0.1305	0.4076	0.4280	1.2610
0.1320	0.4071	0.4280	1.2572
0.1334	0.4056	0.4270	1.2532
0.1349	0.4051	0.4270	1.2493
0.1361	0.4037	0.4260	1.2455
0.1378	0.4031	0.4260	1.2414
0.1390	0.4016	0.4250	1.2376
0.1406	0.4011	0.4250	1.2335
0.1422	0.4005	0.4250	1.2297
0.1435	0.3990	0.4240	1.2256
0.1451	0.3973	0.4230	1.2207
0.1466	0.3968	0.4230	1.2168
0.1481	0.3962	0.4230	1.2131
0.1494	0.3947	0.4220	1.2090
0.1505	0.3932	0.4210	1.2051
0.1518	0.3916	0.4200	1.2010
0.1529	0.3901	0.4190	1.1973
0.1544	0.3895	0.4190	1.1934
0.1560	0.3889	0.4190	1.1893
0.1575	0.3883	0.4190	1.1855
0.1587	0.3867	0.4180	1.1815
0.1598	0.3852	0.4170	1.1776
0.1614	0.3845	0.4170	1.1735
0.1628	0.3839	0.4170	1.1697
0.1643	0.3822	0.4160	1.1648
0.1654	0.3806	0.4150	1.1609
0.1669	0.3800	0.4150	1.1569
0.1688	0.3802	0.4160	1.1531
0.1699	0.3786	0.4150	1.1490
0.1710	0.3771	0.4140	1.1451
0.1720	0.3755	0.4130	1.1413
0.1739	0.3757	0.4140	1.1373
0.1749	0.3741	0.4130	1.1334
0.1760	0.3725	0.4120	1.1293
0.1774	0.3718	0.4120	1.1256
0.1790	0.3711	0.4120	1.1214
0.1800	0.3695	0.4110	1.1176
0.1814	0.3688	0.4110	1.1138
0.1829	0.3681	0.4110	1.1097
0.1838	0.3665	0.4100	1.1059
0.1853	0.3657	0.4100	1.1018
0.1867	0.3650	0.4100	1.0979
0.1881	0.3643	0.4100	1.0941
0.1894	0.3625	0.4090	1.0892
0.1909	0.3617	0.4090	1.0852
0.1925	0.3620	0.4100	1.0821
0.1938	0.3602	0.4090	1.0772
0.1947	0.3586	0.4080	1.0734
0.1956	0.3569	0.4070	1.0694
0.1975	0.3570	0.4080	1.0655
0.1989	0.3563	0.4080	1.0617
0.2003	0.3554	0.4080	1.0576
0.2012	0.3538	0.4070	1.0537
0.2026	0.3530	0.4070	1.0497
0.2040	0.3522	0.4070	1.0459
0.2048	0.3506	0.4060	1.0421
0.2062	0.3497	0.4060	1.0379
0.2076	0.3489	0.4060	1.0342
0.2095	0.3489	0.4070	1.0301
0.2108	0.3481	0.4070	1.0262
0.2112	0.3456	0.4050	1.0221
0.2125	0.3448	0.4050	1.0184
0.2138	0.3439	0.4050	1.0145
0.2158	0.3439	0.4060	1.0104
0.2171	0.3431	0.4060	1.0066
0.2180	0.3414	0.4050	1.0026
0.2193	0.3405	0.4050	0.9987
0.2211	0.3405	0.4060	0.9949
0.2225	0.3396	0.4060	0.9908
0.2238	0.3388	0.4060	0.9870
0.2252	0.3378	0.4060	0.9829
0.2265	0.3370	0.4060	0.9791
0.2279	0.3360	0.4060	0.9749
0.2285	0.3344	0.4050	0.9712
0.2298	0.3335	0.4050	0.9674
0.2312	0.3325	0.4050	0.9632
0.2330	0.3325	0.4060	0.9594
0.2344	0.3315	0.4060	0.9554
0.2357	0.3306	0.4060	0.9515
0.2375	0.3305	0.4070	0.9477
0.2389	0.3295	0.4070	0.9436
0.2395	0.3278	0.4060	0.9398
0.2397	0.3252	0.4040	0.9357
0.2407	0.3233	0.4030	0.9308
0.2419	0.3223	0.4030	0.9270
0.2432	0.3213	0.4030	0.9229
0.2445	0.3204	0.4030	0.9190
0.2460	0.3205	0.4040	0.9161
0.2479	0.3203	0.4050	0.9122
0.2486	0.3185	0.4040	0.9081
0.2495	0.3165	0.4030	0.9032
0.2495	0.3140	0.4010	0.8994
0.2495	0.3114	0.3990	0.8954
0.2520	0.3119	0.4010	0.8912
0.2546	0.3124	0.4030	0.8871
0.2558	0.3114	0.4030	0.8831
0.2571	0.3103	0.4030	0.8790
0.2587	0.3103	0.4040	0.8757
0.2600	0.3092	0.4040	0.8716
0.2613	0.3082	0.4040	0.8676
0.2625	0.3071	0.4040	0.8634
0.2638	0.3060	0.4040	0.8593
0.2650	0.3049	0.4040	0.8553
0.2663	0.3038	0.4040	0.8512
0.2682	0.3035	0.4050	0.8470
0.2694	0.3024	0.4050	0.8430
0.2707	0.3013	0.4050	0.8389
0.2726	0.3009	0.4060	0.8348
0.2738	0.2998	0.4060	0.8307
0.2750	0.2987	0.4060	0.8266
0.2762	0.2975	0.4060	0.8225
0.2774	0.2964	0.4060	0.8185
0.2787	0.2953	0.4060	0.8144
0.2806	0.2948	0.4070	0.8102
0.2817	0.2937	0.4070	0.8062
0.2830	0.2926	0.4070	0.8021
0.2842	0.2914	0.4070	0.7980
0.2860	0.2910	0.4080	0.7939
0.2865	0.2891	0.4070	0.7898
0.2884	0.2886	0.4080	0.7857
0.2903	0.2881	0.4090	0.7817
0.2915	0.2869	0.4090	0.7775
0.2927	0.2857	0.4090	0.7734
0.2931	0.2838	0.4080	0.7694
0.2950	0.2833	0.4090	0.7653
0.2961	0.2821	0.4090	0.7611
0.2977	0.2819	0.4100	0.7582
0.2989	0.2807	0.4100	0.7540
0.3000	0.2795	0.4100	0.7500
0.3011	0.2782	0.4100	0.7459
0.3023	0.2770	0.4100	0.7418
0.3041	0.2764	0.4110	0.7377
0.3053	0.2752	0.4110	0.7336
0.3064	0.2739	0.4110	0.7295
0.3083	0.2734	0.4120	0.7255
0.3094	0.2721	0.4120	0.7214
0.3105	0.2708	0.4120	0.7172
0.3123	0.2702	0.4130	0.7132
0.3142	0.2696	0.4140	0.7091
0.3153	0.2683	0.4140	0.7050
0.3164	0.2670	0.4140	0.7009
0.3175	0.2657	0.4140	0.6968
0.3186	0.2644	0.4140	0.6927
0.3204	0.2637	0.4150	0.6887
0.3215	0.2624	0.4150	0.6845
0.3234	0.2617	0.4160	0.6804
0.3249	0.2614	0.4170	0.6774
0.3260	0.2600	0.4170	0.6733
0.3270	0.2587	0.4170	0.6693
0.3281	0.2574	0.4170	0.6652
0.3299	0.2566	0.4180	0.6610
0.3310	0.2553	0.4180	0.6570
0.3328	0.2545	0.4190	0.6529
0.3347	0.2538	0.4200	0.6488
0.3357	0.2524	0.4200	0.6448
0.3367	0.2510	0.4200	0.6406
0.3378	0.2496	0.4200	0.6365
0.3396	0.2489	0.4210	0.6325
0.3406	0.2475	0.4210	0.6284
0.3424	0.2466	0.4220	0.6242
0.3442	0.2458	0.4230	0.6202
0.3452	0.2444	0.4230	0.6161
0.3468	0.2439	0.4240	0.6128
0.3478	0.2424	0.4240	0.6087
0.3496	0.2416	0.4250	0.6047
0.3506	0.2402	0.4250	0.6006
0.3516	0.2387	0.4250	0.5964
0.3534	0.2379	0.4260	0.5924
0.3544	0.2364	0.4260	0.5883
0.3562	0.2355	0.4270	0.5842
0.3580	0.2346	0.4280	0.5801
0.3589	0.2331	0.4280	0.5760
0.3607	0.2322	0.4290	0.5719
0.3625	0.2313	0.4300	0.5679
0.3643	0.2303	0.4310	0.5637
0.3653	0.2288	0.4310	0.5596
0.3668	0.2282	0.4320	0.5566
0.3677	0.2267	0.4320	0.5525
0.3695	0.2258	0.4330	0.5485
0.3704	0.2242	0.4330	0.5444
0.3722	0.2232	0.4340	0.5402
0.3739	0.2222	0.4350	0.5362
0.3757	0.2212	0.4360	0.5321
0.3775	0.2202	0.4370	0.5280
0.3784	0.2186	0.4370	0.5240
0.3801	0.2176	0.4380	0.5198
0.3810	0.2160	0.4380	0.5157
0.3828	0.2150	0.4390	0.5117
0.3852	0.2148	0.4410	0.5086
0.3860	0.2132	0.4410	0.5046
0.3869	0.2117	0.4410	0.5007
0.3886	0.2106	0.4420	0.4966
0.3903	0.2095	0.4430	0.4926
0.3929	0.2089	0.4450	0.4888
0.3955	0.2083	0.4470	0.4846
0.3963	0.2067	0.4470	0.4808
0.3954	0.2042	0.4450	0.4768
0.3962	0.2026	0.4450	0.4727
0.3988	0.2020	0.4470	0.4688
0.4003	0.2012	0.4480	0.4659
0.4020	0.2000	0.4490	0.4617
0.4045	0.1994	0.4510	0.4579
0.4062	0.1982	0.4520	0.4539
0.4071	0.1965	0.4520	0.4497
0.4087	0.1954	0.4530	0.4459
0.4104	0.1941	0.4540	0.4418
0.4120	0.1930	0.4550	0.4380
0.4135	0.1922	0.4560	0.4350
0.4152	0.1909	0.4570	0.4310
0.4178	0.1900	0.4590	0.4268
0.4195	0.1888	0.4600	0.4230
0.4211	0.1875	0.4610	0.4190
0.4218	0.1859	0.4610	0.4151
0.4226	0.1842	0.4610	0.4110
0.4243	0.1828	0.4620	0.4069
0.4259	0.1816	0.4630	0.4031
0.4283	0.1811	0.4650	0.4001
0.4318	0.1805	0.4680	0.3961
0.4344	0.1795	0.4700	0.3919
0.4350	0.1779	0.4700	0.3881
0.4358	0.1761	0.4700	0.3840
0.4355	0.1741	0.4690	0.3802
0.4353	0.1719	0.4680	0.3761
0.4379	0.1708	0.4700	0.3720
0.4412	0.1706	0.4730	0.3690
0.4437	0.1696	0.4750	0.3652
0.4472	0.1689	0.4780	0.3612
0.4497	0.1679	0.4800	0.3573
0.4522	0.1667	0.4820	0.3532
0.4537	0.1657	0.4830	0.3502
0.4544	0.1639	0.4830	0.3461
0.4550	0.1621	0.4830	0.3423
0.4548	0.1595	0.4820	0.3374
0.4562	0.1585	0.4830	0.3344
0.4578	0.1570	0.4840	0.3303
0.4594	0.1554	0.4850	0.3262
0.4629	0.1546	0.4880	0.3224
0.4654	0.1533	0.4900	0.3183
0.4677	0.1526	0.4920	0.3153
0.4693	0.1511	0.4930	0.3115
0.4708	0.1495	0.4940	0.3074
0.4734	0.1482	0.4960	0.3033
0.4749	0.1466	0.4970	0.2995
0.4764	0.1450	0.4980	0.2954
0.4789	0.1437	0.5000	0.2916
0.4812	0.1429	0.5020	0.2886
0.4837	0.1414	0.5040	0.2845
0.4862	0.1400	0.5060	0.2804
0.4868	0.1382	0.5060	0.2766
0.4873	0.1362	0.5060	0.2725
0.4888	0.1346	0.5070	0.2686
0.4922	0.1334	0.5100	0.2646
0.4947	0.1319	0.5120	0.2605
0.4971	0.1309	0.5140	0.2575
0.4975	0.1290	0.5140	0.2537
0.5000	0.1274	0.5160	0.2496
0.5025	0.1259	0.5180	0.2454
0.5049	0.1245	0.5200	0.2417
0.5054	0.1224	0.5200	0.2376
0.5078	0.1209	0.5220	0.2337
0.5101	0.1199	0.5240	0.2308
0.5125	0.1182	0.5260	0.2266
0.5150	0.1166	0.5280	0.2226
0.5174	0.1150	0.5300	0.2188
0.5198	0.1133	0.5320	0.2147
0.5222	0.1117	0.5340	0.2108
0.5226	0.1096	0.5340	0.2068
0.5249	0.1084	0.5360	0.2037
0.5273	0.1067	0.5380	0.1997
0.5297	0.1051	0.5400	0.1959
0.5321	0.1033	0.5420	0.1917
0.5344	0.1016	0.5440	0.1879
0.5368	0.0998	0.5460	0.1839
0.5391	0.0985	0.5480	0.1808
0.5414	0.0967	0.5500	0.1768
0.5438	0.0950	0.5520	0.1730
0.5461	0.0931	0.5540	0.1688
0.5484	0.0913	0.5560	0.1650
0.5508	0.0894	0.5580	0.1610
0.5530	0.0881	0.5600	0.1579
0.5554	0.0861	0.5620	0.1539
0.5557	0.0840	0.5620	0.1500
0.5580	0.0820	0.5640	0.1459
0.5623	0.0803	0.5680	0.1419
0.5646	0.0784	0.5700	0.1381
0.5668	0.0770	0.5720	0.1350
0.5691	0.0750	0.5740	0.1310
0.5714	0.0730	0.5760	0.1271
0.5736	0.0709	0.5780	0.1230
0.5779	0.0691	0.5820	0.1190
0.5781	0.0669	0.5820	0.1151
0.5804	0.0647	0.5840	0.1110
0.5846	0.0634	0.5880	0.1080
0.5868	0.0614	0.5900	0.1042
0.5890	0.0592	0.5920	0.1001
0.5913	0.0570	0.5940	0.0961
0.5935	0.0549	0.5960	0.0922
0.5976	0.0535	0.6000	0.0893
0.5998	0.0512	0.6020	0.0851
0.6020	0.0489	0.6040	0.0810
0.6062	0.0469	0.6080	0.0772
0.6084	0.0446	0.6100	0.0732
0.6105	0.0424	0.6120	0.0693
0.6127	0.0400	0.6140	0.0652
0.6148	0.0383	0.6160	0.0622
0.6190	0.0360	0.6200	0.0581
0.6211	0.0338	0.6220	0.0544
0.6232	0.0313	0.6240	0.0502
0.6253	0.0289	0.6260	0.0461
0.6294	0.0266	0.6300	0.0423
0.6315	0.0248	0.6320	0.0393
0.6376	0.0224	0.6380	0.0352
0.6397	0.0201	0.6400	0.0314
0.6438	0.0176	0.6440	0.0273
0.6458	0.0150	0.6460	0.0232
0.6499	0.0131	0.6500	0.0202
0.6519	0.0107	0.6520	0.0164
0.6540	0.0080	0.6540	0.0123
0.6580	0.0054	0.6580	0.0082
0.6620	0.0029	0.6620	0.0044
0.6680	0.0010	0.6680	0.0014
0.6680	-0.0018	0.6680	-0.0027
0.6700	-0.0044	0.6700	-0.0065
0.6760	-0.0071	0.6760	-0.0105
0.6799	-0.0100	0.6800	-0.0147
0.6839	-0.0121	0.6840	-0.0176
0.6878	-0.0148	0.6880	-0.0215
0.6898	-0.0177	0.6900	-0.0256
0.6937	-0.0206	0.6940	-0.0297
0.6976	-0.0234	0.6980	-0.0335
0.7015	-0.0264	0.7020	-0.0376
0.7054	-0.0286	0.7060	-0.0406
0.7073	-0.0314	0.7080	-0.0444
0.7112	-0.0345	0.7120	-0.0485
0.7170	-0.0377	0.7180	-0.0525
0.7209	-0.0407	0.7220	-0.0564
0.7247	-0.0431	0.7260	-0.0594
0.7285	-0.0463	0.7300	-0.0635
0.7343	-0.0495	0.7360	-0.0673
0.7381	-0.0528	0.7400	-0.0714
0.7419	-0.0561	0.7440	-0.0755
0.7437	-0.0585	0.7460	-0.0785
0.7475	-0.0617	0.7500	-0.0824
0.7532	-0.0652	0.7560	-0.0864
0.7589	-0.0689	0.7620	-0.0905
0.7646	-0.0723	0.7680	-0.0943
0.7683	-0.0750	0.7720	-0.0973
0.7720	-0.0786	0.7760	-0.1014
0.7777	-0.0821	0.7820	-0.1052
0.7813	-0.0857	0.7860	-0.1093
0.7890	-0.0890	0.7940	-0.1123
0.7906	-0.0924	0.7960	-0.1164
0.7942	-0.0959	0.8000	-0.1202
0.8018	-0.1002	0.8080	-0.1243
0.8073	-0.1042	0.8140	-0.1284
0.8109	-0.1078	0.8180	-0.1322
0.8165	-0.1111	0.8240	-0.1352
0.8239	-0.1155	0.8320	-0.1393
0.8275	-0.1193	0.8360	-0.1431
0.8349	-0.1238	0.8440	-0.1473
0.8404	-0.1272	0.8500	-0.1502
0.8458	-0.1315	0.8560	-0.1543
0.8512	-0.1357	0.8620	-0.1581
0.8566	-0.1402	0.8680	-0.1622
0.8639	-0.1450	0.8760	-0.1663
0.8694	-0.1486	0.8820	-0.1693
0.8767	-0.1533	0.8900	-0.1731
0.8820	-0.1579	0.8960	-0.1772
0.8892	-0.1627	0.9040	-0.1810
0.8966	-0.1669	0.9120	-0.1841
0.9038	-0.1720	0.9200	-0.1881
0.9070	-0.1765	0.9240	-0.1922
0.9122	-0.1812	0.9300	-0.1961
0.9212	-0.1868	0.9400	-0.2001
0.9285	-0.1913	0.9480	-0.2032
0.9356	-0.1967	0.9560	-0.2072
0.9446	-0.2023	0.9660	-0.2110
0.9496	-0.2075	0.9720	-0.2151
0.9566	-0.2129	0.9800	-0.2190
0.9638	-0.2175	0.9880	-0.2219
0.9726	-0.2237	0.9980	-0.2261
0.0503	-0.4391	0.4420	-1.4568
0.0483	-0.4373	0.4400	-1.4608
0.0459	-0.4366	0.4390	-1.4660
0.0439	-0.4348	0.4370	-1.4701
0.0419	-0.4330	0.4350	-1.4743
0.0400	-0.4311	0.4330	-1.4783
0.0381	-0.4303	0.4320	-1.4824
0.0359	-0.4285	0.4300	-1.4873
0.0340	-0.4276	0.4290	-1.4914
0.0321	-0.4258	0.4270	-1.4954
0.0302	-0.4239	0.4250	-1.4996
0.0279	-0.4221	0.4230	-1.5047
0.0261	-0.4212	0.4220	-1.5089
0.0244	-0.4203	0.4210	-1.5129
0.0225	-0.4184	0.4190	-1.5170
0.0209	-0.4175	0.4180	-1.5208
0.0186	-0.4156	0.4160	-1.5260
0.0168	-0.4137	0.4140	-1.5301
0.0151	-0.4127	0.4130	-1.5342
0.0134	-0.4118	0.4120	-1.5383
0.0116	-0.4098	0.4100	-1.5424
0.0095	-0.4089	0.4090	-1.5476
0.0079	-0.4079	0.4080	-1.5514
0.0062	-0.4060	0.4060	-1.5555
0.0045	-0.4040	0.4040	-1.5596
0.0024	-0.4030	0.4030	-1.5648
0.0008	-0.4020	0.4020	-1.5689
-0.0008	-0.4010	0.4010	-1.5729
-0.0025	-0.4000	0.4000	-1.5770
-0.0041	-0.3980	0.3980	-1.5812
-0.0057	-0.3970	0.3970	-1.5852
-0.0076	-0.3949	0.3950	-1.5901
-0.0092	-0.3939	0.3940	-1.5942
-0.0108	-0.3939	0.3940	-1.5983
-0.0124	-0.3918	0.3920	-1.6023
-0.0144	-0.3897	0.3900	-1.6076
-0.0159	-0.3887	0.3890	-1.6116
-0.0174	-0.3876	0.3880	-1.6158
-0.0190	-0.3865	0.3870	-1.6199
-0.0205	-0.3855	0.3860	-1.6239
-0.0220	-0.3844	0.3850	-1.6280
-0.0238	-0.3833	0.3840	-1.6329
-0.0254	-0.3822	0.3830	-1.6370
-0.0268	-0.3811	0.3820	-1.6411
-0.0283	-0.3799	0.3810	-1.6452
-0.0298	-0.3788	0.3800	-1.6493
-0.0312	-0.3777	0.3790	-1.6533
-0.0331	-0.3765	0.3780	-1.6585
-0.0346	-0.3754	0.3770	-1.6626
-0.0360	-0.3743	0.3760	-1.6668
-0.0374	-0.3731	0.3750	-1.6708
-0.0388	-0.3720	0.3740	-1.6746
-0.0402	-0.3708	0.3730	-1.6788
-0.0420	-0.3696	0.3720	-1.6839
-0.0434	-0.3685	0.3710	-1.6881
-0.0449	-0.3683	0.3710	-1.6921
-0.0463	-0.3671	0.3700	-1.6962
-0.0477	-0.3659	0.3690	-1.7003
-0.0490	-0.3647	0.3680	-1.7043
-0.0506	-0.3635	0.3670	-1.7092
-0.0520	-0.3623	0.3660	-1.7134
-0.0533	-0.3611	0.3650	-1.7175
-0.0548	-0.3609	0.3650	-1.7215
-0.0561	-0.3596	0.3640	-1.7256
-0.0573	-0.3574	0.3620	-1.7298
-0.0587	-0.3572	0.3620	-1.7338
-0.0605	-0.3559	0.3610	-1.7391
-0.0619	-0.3557	0.3610	-1.7431
-0.0632	-0.3544	0.3600	-1.7472
-0.0645	-0.3532	0.3590	-1.7513
-0.0657	-0.3519	0.3580	-1.7554
-0.0671	-0.3516	0.3580	-1.7595
-0.0684	-0.3504	0.3570	-1.7636
-0.0699	-0.3491	0.3560	-1.7685
-0.0711	-0.3478	0.3550	-1.7725
-0.0724	-0.3465	0.3540	-1.7766
-0.0738	-0.3462	0.3540	-1.7808
-0.0752	-0.3459	0.3540	-1.7848
-0.0764	-0.3446	0.3530	-1.7889
-0.0776	-0.3433	0.3520	-1.7930
-0.0790	-0.3430	0.3520	-1.7971
-0.0804	-0.3417	0.3510	-1.8020
-0.0816	-0.3404	0.3500	-1.8061
-0.0828	-0.3390	0.3490	-1.8102
-0.0842	-0.3387	0.3490	-1.8143
-0.0853	-0.3374	0.3480	-1.8183
-0.0864	-0.3361	0.3470	-1.8225
-0.0878	-0.3357	0.3470	-1.8266
-0.0892	-0.3343	0.3460	-1.8315
-0.0905	-0.3339	0.3460	-1.8355
-0.0915	-0.3326	0.3450	-1.8393
-0.0926	-0.3313	0.3440	-1.8435
-0.0940	-0.3309	0.3440	-1.8476
-0.0950	-0.3296	0.3430	-1.8513
-0.0963	-0.3292	0.3430	-1.8554
-0.0977	-0.3288	0.3430	-1.8596
-0.0986	-0.3275	0.3420	-1.8634
-0.1001	-0.3260	0.3410	-1.8686
-0.1013	-0.3256	0.3410	-1.8723
-0.1023	-0.3242	0.3400	-1.8764
-0.1036	-0.3238	0.3400	-1.8806
-0.1046	-0.3225	0.3390	-1.8844
-0.1059	-0.3220	0.3390	-1.8884
-0.1069	-0.3207	0.3380	-1.8925
-0.1081	-0.3202	0.3380	-1.8964
-0.1091	-0.3189	0.3370	-1.9004
-0.1104	-0.3184	0.3370	-1.9045
-0.1116	-0.3169	0.3360	-1.9094
-0.1125	-0.3155	0.3350	-1.9133
-0.1138	-0.3151	0.3350	-1.9174
-0.1151	-0.3146	0.3350	-1.9214
-0.1163	-0.3142	0.3350	-1.9252
-0.1172	-0.3128	0.3340	-1.9294
-0.1185	-0.3123	0.3340	-1.9335
-0.1193	-0.3109	0.3330	-1.9372
-0.1206	-0.3093	0.3320	-1.9424
-0.1217	-0.3089	0.3320	-1.9462
-0.1230	-0.3084	0.3320	-1.9504
-0.1243	-0.3079	0.3320	-1.9545
-0.1251	-0.3065	0.3310	-1.9582
-0.1263	-0.3059	0.3310	-1.9623
-0.1276	-0.3054	0.3310	-1.9665
-0.1284	-0.3040	0.3300	-1.9703
-0.1296	-0.3035	0.3300	-1.9743
-0.1308	-0.3030	0.3300	-1.9785
-0.1316	-0.3015	0.3290	-1.9823
-0.1328	-0.3010	0.3290	-1.9863
-0.1340	-0.3005	0.3290	-1.9904
-0.1352	-0.2999	0.3290	-1.9943
-0.1360	-0.2985	0.3280	-1.9984
-0.1372	-0.2979	0.3280	-2.0024
-0.1382	-0.2963	0.3270	-2.0073
-0.1395	-0.2958	0.3270	-2.0114
-0.1402	-0.2943	0.3260	-2.0153
-0.1414	-0.2937	0.3260	-2.0194
-0.1426	-0.2932	0.3260	-2.0234
-0.1437	-0.2926	0.3260	-2.0273
-0.1449	-0.2920	0.3260	-2.0314
-0.1461	-0.2914	0.3260	-2.0354
-0.1467	-0.2900	0.3250	-2.0392
-0.1475	-0.2885	0.3240	-2.0434
-0.1487	-0.2879	0.3240	-2.0475
-0.1502	-0.2882	0.3250	-2.0512
-0.1509	-0.2867	0.3240	-2.0553
-0.1521	-0.2861	0.3240	-2.0595
-0.1530	-0.2845	0.3230	-2.0644
-0.1542	-0.2838	0.3230	-2.0685
-0.1555	-0.2842	0.3240	-2.0714
-0.1564	-0.2826	0.3230	-2.0763
-0.1576	-0.2819	0.3230	-2.0805
-0.1582	-0.2805	0.3220	-2.0843
-0.1593	-0.2798	0.3220	-2.0883
-0.1605	-0.2792	0.3220	-2.0924
-0.1615	-0.2786	0.3220	-2.0963
-0.1626	-0.2779	0.3220	-2.1003
-0.1638	-0.2772	0.3220	-2.1044
-0.1643	-0.2757	0.3210	-2.1083
-0.1655	-0.2751	0.3210	-2.1124
-0.1661	-0.2735	0.3200	-2.1164
-0.1676	-0.2738	0.3210	-2.1202
-0.1688	-0.2731	0.3210	-2.1244
-0.1699	-0.2724	0.3210	-2.1284
-0.1709	-0.2717	0.3210	-2.1322
-0.1720	-0.2710	0.3210	-2.1364
-0.1726	-0.2695	0.3200	-2.1405
-0.1736	-0.2688	0.3200	-2.1442
-0.1747	-0.2681	0.3200	-2.1483
-0.1758	-0.2674	0.3200	-2.1525
-0.1768	-0.2667	0.3200	-2.1563
-0.1779	-0.2660	0.3200	-2.1603
-0.1790	-0.2652	0.3200	-2.1644
-0.1800	-0.2646	0.3200	-2.1683
-0.1811	-0.2638	0.3200	-2.1723
-0.1818	-0.2621	0.3190	-2.1773
-0.1829	-0.2614	0.3190	-2.1813
-0.1839	-0.2607	0.3190	-2.1852
-0.1850	-0.2599	0.3190	-2.1893
-0.1860	-0.2592	0.3190	-2.1933
-0.1870	-0.2584	0.3190	-2.1971
-0.1881	-0.2577	0.3190	-2.2013
-0.1891	-0.2569	0.3190	-2.2054
-0.1901	-0.2562	0.3190	-2.2091
-0.1911	-0.2554	0.3190	-2.2132
-0.1922	-0.2546	0.3190	-2.2174
-0.1932	-0.2539	0.3190	-2.2212
-0.1942	-0.2531	0.3190	-2.2252
-0.1945	-0.2516	0.3180	-2.2291
-0.1956	-0.2508	0.3180	-2.2332
-0.1971	-0.2508	0.3190	-2.2369
-0.1985	-0.2510	0.3200	-2.2400
-0.1995	-0.2502	0.3200	-2.2440
-0.2006	-0.2494	0.3200	-2.2481
-0.2015	-0.2486	0.3200	-2.2520
-0.2025	-0.2478	0.3200	-2.2561
-0.2035	-0.2470	0.3200	-2.2598
-0.2045	-0.2462	0.3200	-2.2640
-0.2054	-0.2454	0.3200	-2.2678
-0.2064	-0.2445	0.3200	-2.2719
-0.2073	-0.2437	0.3200	-2.2757
-0.2083	-0.2429	0.3200	-2.2798
-0.2093	-0.2420	0.3200	-2.2839
-0.2103	-0.2412	0.3200	-2.2877
-0.2108	-0.2394	0.3190	-2.2926
-0.2122	-0.2396	0.3200	-2.2956
-0.2131	-0.2387	0.3200	-2.2997
-0.2147	-0.2386	0.3210	-2.3036
-0.2157	-0.2377	0.3210	-2.3076
-0.2167	-0.2369	0.3210	-2.3117
-0.2176	-0.2360	0.3210	-2.3155
-0.2185	-0.2351	0.3210	-2.3196
-0.2194	-0.2343	0.3210	-2.3234
-0.2204	-0.2334	0.3210	-2.3275
-0.2213	-0.2325	0.3210	-2.3314
-0.2222	-0.2317	0.3210	-2.3354
-0.2231	-0.2308	0.3210	-2.3392
-0.2240	-0.2299	0.3210	-2.3433
-0.2257	-0.2297	0.3220	-2.3474
-0.2266	-0.2288	0.3220	-2.3512
-0.2275	-0.2279	0.3220	-2.3553
-0.2284	-0.2270	0.3220	-2.3592
-0.2293	-0.2261	0.3220	-2.3632
-0.2301	-0.2252	0.3220	-2.3670
-0.2318	-0.2250	0.3230	-2.3712
-0.2327	-0.2240	0.3230	-2.3753
-0.2335	-0.2231	0.3230	-2.3790
-0.2345	-0.2222	0.3230	-2.3831
-0.2353	-0.2213	0.3230	-2.3870
-0.2367	-0.2212	0.3240	-2.3899
-0.2376	-0.2203	0.3240	-2.3941
-0.2385	-0.2194	0.3240	-2.3979
-0.2401	-0.2191	0.3250	-2.4019
-0.2417	-0.2188	0.3260	-2.4058
-0.2418	-0.2171	0.3250	-2.4099
-0.2427	-0.2161	0.3250	-2.4140
-0.2435	-0.2152	0.3250	-2.4177
-0.2451	-0.2149	0.3260	-2.4219
-0.2460	-0.2140	0.3260	-2.4257
-0.2469	-0.2129	0.3260	-2.4298
-0.2484	-0.2127	0.3270	-2.4336
-0.2493	-0.2116	0.3270	-2.4377
-0.2501	-0.2106	0.3270	-2.4418
-0.2509	-0.2097	0.3270	-2.4455
-0.2518	-0.2086	0.3270	-2.4497
-0.2532	-0.2085	0.3280	-2.4526
-0.2540	-0.2075	0.3280	-2.4565
-0.2548	-0.2065	0.3280	-2.4606
-0.2556	-0.2055	0.3280	-2.4644
-0.2572	-0.2051	0.3290	-2.4685
-0.2580	-0.2041	0.3290	-2.4723
-0.2589	-0.2031	0.3290	-2.4764
-0.2605	-0.2026	0.3300	-2.4805
-0.2612	-0.2016	0.3300	-2.4843
-0.2621	-0.2005	0.3300	-2.4884
-0.2636	-0.2001	0.3310	-2.4922
-0.2645	-0.1991	0.3310	-2.4964
-0.2652	-0.1981	0.3310	-2.5001
-0.2660	-0.1970	0.3310	-2.5042
-0.2676	-0.1965	0.3320	-2.5081
-0.2690	-0.1963	0.3330	-2.5110
-0.2698	-0.1952	0.3330	-2.5152
-0.2706	-0.1941	0.3330	-2.5192
-0.2721	-0.1937	0.3340	-2.5230
-0.2729	-0.1926	0.3340	-2.5271
-0.2736	-0.1915	0.3340	-2.5310
-0.2752	-0.1910	0.3350	-2.5350
-0.2760	-0.1899	0.3350	-2.5388
-0.2767	-0.1888	0.3350	-2.5430
-0.2783	-0.1883	0.3360	-2.5468
-0.2791	-0.1872	0.3360	-2.5508
-0.2805	-0.1869	0.3370	-2.5539
-0.2812	-0.1857	0.3370	-2.5579
-0.2819	-0.1846	0.3370	-2.5617
-0.2835	-0.1840	0.3380	-2.5659
-0.2851	-0.1835	0.3390	-2.5697
-0.2866	-0.1829	0.3400	-2.5737
-0.2873	-0.1818	0.3400	-2.5776
-0.2881	-0.1806	0.3400	-2.5817
-0.2888	-0.1794	0.3400	-2.5858
-0.2903	-0.1788	0.3410	-2.5896
-0.2918	-0.1784	0.3420	-2.5928
-0.2925	-0.1772	0.3420	-2.5969
-0.2940	-0.1766	0.3430	-2.6008
-0.2948	-0.1754	0.3430	-2.6049
-0.2955	-0.1742	0.3430	-2.6089
-0.2971	-0.1735	0.3440	-2.6130
-0.2986	-0.1727	0.3450	-2.6172
-0.3002	-0.1720	0.3460	-2.6212
-0.3016	-0.1716	0.3470	-2.6243
-0.3023	-0.1704	0.3470	-2.6283
-0.3030	-0.1692	0.3470	-2.6324
-0.3046	-0.1684	0.3480	-2.6365
-0.3052	-0.1672	0.3480	-2.6406
-0.3068	-0.1664	0.3490	-2.6447
-0.3084	-0.1656	0.3500	-2.6488
-0.3090	-0.1644	0.3500	-2.6525
-0.3105	-0.1636	0.3510	-2.6567
-0.3112	-0.1623	0.3510	-2.6608
-0.3126	-0.1619	0.3520	-2.6638
-0.3141	-0.1610	0.3530	-2.6679
-0.3148	-0.1598	0.3530	-2.6719
-0.3163	-0.1589	0.3540	-2.6760
-0.3179	-0.1581	0.3550	-2.6802
-0.3185	-0.1568	0.3550	-2.6842
-0.3200	-0.1559	0.3560	-2.6883
-0.3214	-0.1554	0.3570	-2.6913
-0.3220	-0.1541	0.3570	-2.6954
-0.3236	-0.1532	0.3580	-2.6995
-0.3251	-0.1523	0.3590	-2.7035
-0.3266	-0.1514	0.3600	-2.7077
-0.3273	-0.1500	0.3600	-2.7118
-0.3287	-0.1492	0.3610	-2.7155
-0.3301	-0.1485	0.3620	-2.7189
-0.3316	-0.1476	0.3630	-2.7229
-0.3331	-0.1467	0.3640	-2.7267
-0.3337	-0.1453	0.3640	-2.7309
-0.3352	-0.1444	0.3650	-2.7349
-0.3367	-0.1434	0.3660	-2.7390
-0.3383	-0.1424	0.3670	-2.7431
-0.3396	-0.1418	0.3680	-2.7461
-0.3402	-0.1404	0.3680	-2.7502
-0.3417	-0.1394	0.3690	-2.7543
-0.3441	-0.1387	0.3710	-2.7584
-0.3447	-0.1373	0.3710	-2.7625
-0.3461	-0.1363	0.3720	-2.7665
-0.3467	-0.1348	0.3720	-2.7707
-0.3480	-0.1342	0.3730	-2.7736
-0.3505	-0.1334	0.3750	-2.7778
-0.3519	-0.1324	0.3760	-2.7819
-0.3525	-0.1309	0.3760	-2.7859
-0.3548	-0.1303	0.3780	-2.7897
-0.3562	-0.1295	0.3790	-2.7930
-0.3577	-0.1283	0.3800	-2.7971
-0.3591	-0.1273	0.3810	-2.8010
-0.3596	-0.1258	0.3810	-2.8050
-0.3611	-0.1247	0.3820	-2.8091
-0.3625	-0.1235	0.3830	-2.8132
-0.3640	-0.1224	0.3840	-2.8173
-0.3653	-0.1216	0.3850	-2.8203
-0.3667	-0.1204	0.3860	-2.8243
-0.3682	-0.1192	0.3870	-2.8285
-0.3706	-0.1183	0.3890	-2.8326
-0.3710	-0.1168	0.3890	-2.8366
-0.3725	-0.1156	0.3900	-2.8407
-0.3738	-0.1148	0.3910	-2.8437
-0.3762	-0.1138	0.3930	-2.8478
-0.3776	-0.1125	0.3940	-2.8520
-0.3790	-0.1113	0.3950	-2.8560
-0.3804	-0.1100	0.3960	-2.8601
-0.3817	-0.1091	0.3970	-2.8631
-0.3831	-0.1078	0.3980	-2.8672
-0.3845	-0.1065	0.3990	-2.8713
-0.3859	-0.1052	0.4000	-2.8754
-0.3882	-0.1043	0.4020	-2.8792
-0.3896	-0.1029	0.4030	-2.8833
-0.3909	-0.1019	0.4040	-2.8866
-0.3923	-0.1006	0.4050	-2.8907
-0.3937	-0.0993	0.4060	-2.8944
-0.3960	-0.0982	0.4080	-2.8986
-0.3974	-0.0968	0.4090	-2.9027
-0.3986	-0.0958	0.4100	-2.9056
-0.4000	-0.0944	0.4110	-2.9098
-0.4023	-0.0933	0.4130	-2.9138
-0.4037	-0.0918	0.4140	-2.9179
-0.4050	-0.0904	0.4150	-2.9220
-0.4073	-0.0896	0.4170	-2.9250
-0.4086	-0.0881	0.4180	-2.9291
-0.4099	-0.0867	0.4190	-2.9332
-0.4113	-0.0852	0.4200	-2.9373
-0.4136	-0.0839	0.4220	-2.9414
-0.4149	-0.0824	0.4230	-2.9454
-0.4161	-0.0814	0.4240	-2.9485
-0.4184	-0.0801	0.4260	-2.9525
-0.4197	-0.0785	0.4270	-2.9567
-0.4220	-0.0771	0.4290	-2.9608
-0.4243	-0.0758	0.4310	-2.9648
-0.4255	-0.0747	0.4320	-2.9679
-0.4268	-0.0731	0.4330	-2.9719
-0.4291	-0.0717	0.4350	-2.9760
-0.4303	-0.0702	0.4360	-2.9799
-0.4316	-0.0686	0.4370	-2.9839
-0.4338	-0.0672	0.4390	-2.9880
-0.4360	-0.0660	0.4410	-2.9913
-0.4373	-0.0645	0.4420	-2.9951
-0.4395	-0.0630	0.4440	-2.9992
-0.4417	-0.0615	0.4460	-3.0032
-0.4430	-0.0598	0.4470	-3.0074
-0.4451	-0.0588	0.4490	-3.0103
-0.4464	-0.0571	0.4500	-3.0145
-0.4486	-0.0555	0.4520	-3.0186
-0.4508	-0.0539	0.4540	-3.0226
-0.4529	-0.0527	0.4560	-3.0257
-0.4551	-0.0511	0.4580	-3.0297
-0.4563	-0.0494	0.4590	-3.0338
-0.4585	-0.0477	0.4610	-3.0380
-0.4607	-0.0460	0.4630	-3.0420
-0.4628	-0.0448	0.4650	-3.0450
-0.4432	-0.0400	0.4450	-3.0516
-0.4454	-0.0384	0.4470	-3.0557
-0.4475	-0.0372	0.4490	-3.0587
-0.4496	-0.0355	0.4510	-3.0627
-0.4517	-0.0338	0.4530	-3.0668
-0.4539	-0.0321	0.4550	-3.0709
-0.4560	-0.0309	0.4570	-3.0739
-0.4571	-0.0291	0.4580	-3.0780
-0.4592	-0.0275	0.4600	-3.0819
-0.4613	-0.0257	0.4620	-3.0859
-0.4634	-0.0244	0.4640	-3.0890
-0.4654	-0.0226	0.4660	-3.0930
-0.4685	-0.0210	0.4690	-3.0968
-0.4706	-0.0191	0.4710	-3.1009
-0.4727	-0.0178	0.4730	-3.1039
-0.4747	-0.0159	0.4750	-3.1080
-0.4768	-0.0142	0.4770	-3.1118
-0.4788	-0.0123	0.4790	-3.1159
-0.4809	-0.0104	0.4810	-3.1200
-0.4829	-0.0090	0.4830	-3.1230
-0.4849	-0.0072	0.4850	-3.1268
-0.4840	-0.0013	0.4840	-3.1388
