x	y	r	phi
-0.3240	0.0001	0.3240	3.1414
-0.3230	0.0017	0.3230	3.1364
-0.3220	0.0030	0.3220	3.1324
-0.3200	0.0042	0.3200	3.1286
-0.3189	0.0057	0.3190	3.1237
-0.3179	0.0070	0.3180	3.1195
-0.3169	0.0083	0.3170	3.1154
-0.3159	0.0095	0.3160	3.1117
-0.3148	0.0111	0.3150	3.1065
-0.3128	0.0122	0.3130	3.1027
-0.3117	0.0134	0.3120	3.0985
-0.3106	0.0149	0.3110	3.0937
-0.3096	0.0161	0.3100	3.0895
-0.3085	0.0173	0.3090	3.0855
-0.3074	0.0184	0.3080	3.0817
-0.3063	0.0200	0.3070	3.0765
-0.3053	0.0211	0.3060	3.0727
-0.3042	0.0223	0.3050	3.0685
-0.3031	0.0234	0.3040	3.0645
-0.3020	0.0248	0.3030	3.0595
-0.3009	0.0260	0.3020	3.0555
-0.2998	0.0270	0.3010	3.0517
-0.2997	0.0283	0.3010	3.0475
-0.2986	0.0294	0.3000	3.0434
-0.2964	0.0307	0.2980	3.0385
-0.2953	0.0317	0.2970	3.0347
-0.2941	0.0331	0.2960	3.0295
-0.2930	0.0341	0.2950	3.0258
-0.2929	0.0353	0.2950	3.0217
-0.2917	0.0364	0.2940	3.0175
-0.2916	0.0375	0.2940	3.0137
-0.2894	0.0387	0.2920	3.0085
-0.2883	0.0397	0.2910	3.0048
-0.2871	0.0407	0.2900	3.0007
-0.2859	0.0420	0.2890	2.9958
-0.2858	0.0432	0.2890	2.9916
-0.2846	0.0442	0.2880	2.9875
-0.2834	0.0451	0.2870	2.9838
-0.2823	0.0461	0.2860	2.9797
-0.2810	0.0473	0.2850	2.9748
-0.2808	0.0485	0.2850	2.9706
-0.2797	0.0494	0.2840	2.9668
-0.2795	0.0505	0.2840	2.9628
-0.2783	0.0515	0.2830	2.9587
-0.2770	0.0527	0.2820	2.9538
-0.2768	0.0538	0.2820	2.9497
-0.2756	0.0547	0.2810	2.9458
-0.2744	0.0556	0.2800	2.9418
-0.2732	0.0567	0.2790	2.9368
-0.2720	0.0576	0.2780	2.9328
-0.2717	0.0587	0.2780	2.9287
-0.2705	0.0596	0.2770	2.9248
-0.2692	0.0608	0.2760	2.9196
-0.2690	0.0618	0.2760	2.9158
-0.2678	0.0626	0.2750	2.9118
-0.2665	0.0635	0.2740	2.9077
-0.2663	0.0645	0.2740	2.9038
-0.2650	0.0656	0.2730	2.8989
-0.2647	0.0667	0.2730	2.8948
-0.2635	0.0675	0.2720	2.8908
-0.2623	0.0683	0.2710	2.8870
-0.2620	0.0693	0.2710	2.8828
-0.2617	0.0704	0.2710	2.8787
-0.2604	0.0714	0.2700	2.8738
-0.2591	0.0722	0.2690	2.8698
-0.2579	0.0729	0.2680	2.8660
-0.2576	0.0740	0.2680	2.8618
-0.2573	0.0751	0.2680	2.8577
-0.2559	0.0760	0.2670	2.8528
-0.2556	0.0771	0.2670	2.8488
-0.2553	0.0780	0.2670	2.8450
-0.2550	0.0791	0.2670	2.8408
-0.2537	0.0798	0.2660	2.8367
-0.2525	0.0805	0.2650	2.8330
-0.2502	0.0812	0.2630	2.8278
-0.2489	0.0818	0.2620	2.8240
-0.2486	0.0829	0.2620	2.8198
-0.2482	0.0839	0.2620	2.8157
-0.2479	0.0848	0.2620	2.8120
-0.2465	0.0858	0.2610	2.8068
-0.2462	0.0867	0.2610	2.8030
-0.2458	0.0877	0.2610	2.7988
-0.2455	0.0887	0.2610	2.7947
-0.2442	0.0893	0.2600	2.7910
-0.2429	0.0900	0.2590	2.7869
-0.2425	0.0910	0.2590	2.7827
-0.2411	0.0918	0.2580	2.7778
-0.2407	0.0928	0.2580	2.7737
-0.2404	0.0937	0.2580	2.7700
-0.2391	0.0943	0.2570	2.7659
-0.2387	0.0953	0.2570	2.7617
-0.2383	0.0962	0.2570	2.7579
-0.2369	0.0971	0.2560	2.7527
-0.2356	0.0976	0.2550	2.7489
-0.2352	0.0985	0.2550	2.7449
-0.2348	0.0995	0.2550	2.7407
-0.2344	0.1004	0.2550	2.7369
-0.2331	0.1009	0.2540	2.7329
-0.2317	0.1017	0.2530	2.7279
-0.2312	0.1026	0.2530	2.7239
-0.2308	0.1036	0.2530	2.7197
-0.2304	0.1045	0.2530	2.7159
-0.2291	0.1050	0.2520	2.7119
-0.2287	0.1059	0.2520	2.7078
-0.2282	0.1068	0.2520	2.7039
-0.2278	0.1077	0.2520	2.6998
-0.2274	0.1087	0.2520	2.6958
-0.2270	0.1095	0.2520	2.6919
-0.2265	0.1105	0.2520	2.6878
-0.2252	0.1109	0.2510	2.6838
-0.2237	0.1116	0.2500	2.6788
-0.2233	0.1125	0.2500	2.6748
-0.2219	0.1129	0.2490	2.6709
-0.2215	0.1138	0.2490	2.6668
-0.2200	0.1144	0.2480	2.6619
-0.2195	0.1154	0.2480	2.6578
-0.2201	0.1165	0.2490	2.6548
-0.2196	0.1174	0.2490	2.6507
-0.2191	0.1183	0.2490	2.6467
-0.2177	0.1189	0.2480	2.6418
-0.2163	0.1192	0.2470	2.6380
-0.2167	0.1206	0.2480	2.6338
-0.2162	0.1215	0.2480	2.6297
-0.2149	0.1218	0.2470	2.6260
-0.2144	0.1227	0.2470	2.6219
-0.2130	0.1231	0.2460	2.6177
-0.2125	0.1239	0.2460	2.6137
-0.2120	0.1247	0.2460	2.6099
-0.2115	0.1256	0.2460	2.6058
-0.2110	0.1265	0.2460	2.6016
-0.2095	0.1270	0.2450	2.5967
-0.2082	0.1273	0.2440	2.5927
-0.2077	0.1281	0.2440	2.5889
-0.2071	0.1290	0.2440	2.5848
-0.2066	0.1298	0.2440	2.5806
-0.2061	0.1306	0.2440	2.5769
-0.2056	0.1314	0.2440	2.5728
-0.2050	0.1323	0.2440	2.5687
-0.2045	0.1331	0.2440	2.5648
-0.2040	0.1339	0.2440	2.5608
-0.2034	0.1347	0.2440	2.5567
-0.2029	0.1355	0.2440	2.5528
-0.2024	0.1363	0.2440	2.5488
-0.2018	0.1371	0.2440	2.5447
-0.2013	0.1379	0.2440	2.5408
-0.2007	0.1387	0.2440	2.5368
-0.2001	0.1396	0.2440	2.5327
-0.1996	0.1403	0.2440	2.5289
-0.1981	0.1408	0.2430	2.5237
-0.1975	0.1415	0.2430	2.5199
-0.1969	0.1423	0.2430	2.5157
-0.1964	0.1431	0.2430	2.5117
-0.1958	0.1439	0.2430	2.5079
-0.1952	0.1447	0.2430	2.5037
-0.1946	0.1455	0.2430	2.4997
-0.1941	0.1462	0.2430	2.4959
-0.1927	0.1464	0.2420	2.4918
-0.1921	0.1472	0.2420	2.4877
-0.1915	0.1479	0.2420	2.4839
-0.1909	0.1487	0.2420	2.4798
-0.1911	0.1501	0.2430	2.4757
-0.1897	0.1503	0.2420	2.4716
-0.1881	0.1506	0.2410	2.4664
-0.1875	0.1514	0.2410	2.4623
-0.1868	0.1522	0.2410	2.4579
-0.1862	0.1530	0.2410	2.4539
-0.1865	0.1542	0.2420	2.4506
-0.1866	0.1556	0.2430	2.4465
-0.1852	0.1558	0.2420	2.4421
-0.1836	0.1561	0.2410	2.4369
-0.1830	0.1569	0.2410	2.4329
-0.1832	0.1581	0.2420	2.4296
-0.1826	0.1589	0.2420	2.4255
-0.1826	0.1603	0.2430	2.4211
-0.1812	0.1604	0.2420	2.4171
-0.1796	0.1607	0.2410	2.4119
-0.1799	0.1619	0.2420	2.4086
-0.1799	0.1633	0.2430	2.4045
-0.1793	0.1641	0.2430	2.4004
-0.1778	0.1642	0.2420	2.3961
-0.1771	0.1649	0.2420	2.3920
-0.1772	0.1663	0.2430	2.3878
-0.1765	0.1671	0.2430	2.3835
-0.1758	0.1678	0.2430	2.3794
-0.1750	0.1686	0.2430	2.3751
-0.1743	0.1693	0.2430	2.3710
-0.1736	0.1700	0.2430	2.3668
-0.1729	0.1707	0.2430	2.3625
-0.1722	0.1714	0.2430	2.3584
-0.1715	0.1721	0.2430	2.3544
-0.1708	0.1729	0.2430	2.3500
-0.1700	0.1736	0.2430	2.3458
-0.1693	0.1743	0.2430	2.3418
-0.1686	0.1750	0.2430	2.3374
-0.1679	0.1757	0.2430	2.3334
-0.1671	0.1764	0.2430	2.3290
-0.1664	0.1771	0.2430	2.3248
-0.1656	0.1778	0.2430	2.3208
-0.1649	0.1785	0.2430	2.3164
-0.1641	0.1792	0.2430	2.3124
-0.1634	0.1799	0.2430	2.3083
-0.1626	0.1806	0.2430	2.3038
-0.1619	0.1812	0.2430	2.2998
-0.1611	0.1819	0.2430	2.2957
-0.1603	0.1826	0.2430	2.2914
-0.1596	0.1833	0.2430	2.2873
-0.1588	0.1840	0.2430	2.2829
-0.1589	0.1852	0.2440	2.2799
-0.1581	0.1859	0.2440	2.2756
-0.1573	0.1865	0.2440	2.2714
-0.1565	0.1872	0.2440	2.2673
-0.1557	0.1878	0.2440	2.2630
-0.1550	0.1885	0.2440	2.2589
-0.1542	0.1891	0.2440	2.2548
-0.1534	0.1898	0.2440	2.2504
-0.1526	0.1904	0.2440	2.2463
-0.1518	0.1911	0.2440	2.2420
-0.1516	0.1925	0.2450	2.2379
-0.1516	0.1938	0.2460	2.2346
-0.1508	0.1944	0.2460	2.2305
-0.1500	0.1950	0.2460	2.2265
-0.1491	0.1956	0.2460	2.2221
-0.1483	0.1963	0.2460	2.2179
-0.1475	0.1969	0.2460	2.2136
-0.1467	0.1975	0.2460	2.2095
-0.1465	0.1989	0.2470	2.2055
-0.1456	0.1995	0.2470	2.2011
-0.1447	0.2001	0.2470	2.1969
-0.1439	0.2007	0.2470	2.1929
-0.1431	0.2014	0.2470	2.1885
-0.1422	0.2019	0.2470	2.1844
-0.1414	0.2025	0.2470	2.1804
-0.1405	0.2031	0.2470	2.1760
-0.1397	0.2037	0.2470	2.1719
-0.1388	0.2043	0.2470	2.1675
-0.1385	0.2057	0.2480	2.1634
-0.1377	0.2063	0.2480	2.1594
-0.1376	0.2076	0.2490	2.1561
-0.1367	0.2081	0.2490	2.1520
-0.1358	0.2087	0.2490	2.1476
-0.1355	0.2101	0.2500	2.1435
-0.1346	0.2107	0.2500	2.1394
-0.1337	0.2112	0.2500	2.1351
-0.1328	0.2118	0.2500	2.1310
-0.1327	0.2131	0.2510	2.1277
-0.1323	0.2145	0.2520	2.1236
-0.1314	0.2150	0.2520	2.1193
-0.1305	0.2156	0.2520	2.1152
-0.1296	0.2161	0.2520	2.1110
-0.1287	0.2167	0.2520	2.1067
-0.1278	0.2172	0.2520	2.1026
-0.1274	0.2186	0.2530	2.0983
-0.1265	0.2191	0.2530	2.0942
-0.1255	0.2197	0.2530	2.0900
-0.1246	0.2202	0.2530	2.0857
-0.1237	0.2207	0.2530	2.0816
-0.1235	0.2220	0.2540	2.0784
-0.1230	0.2234	0.2550	2.0742
-0.1222	0.2238	0.2550	2.0705
-0.1213	0.2243	0.2550	2.0664
-0.1208	0.2257	0.2560	2.0622
-0.1199	0.2262	0.2560	2.0582
-0.1190	0.2267	0.2560	2.0541
-0.1181	0.2271	0.2560	2.0503
-0.1178	0.2284	0.2570	2.0470
-0.1174	0.2297	0.2580	2.0432
-0.1160	0.2293	0.2570	2.0390
-0.1155	0.2307	0.2580	2.0350
-0.1153	0.2319	0.2590	2.0319
-0.1148	0.2333	0.2600	2.0279
-0.1138	0.2338	0.2600	2.0238
-0.1128	0.2342	0.2600	2.0197
-0.1123	0.2356	0.2610	2.0157
-0.1114	0.2360	0.2610	2.0118
-0.1104	0.2365	0.2610	2.0077
-0.1095	0.2369	0.2610	2.0037
-0.1092	0.2382	0.2620	2.0006
-0.1086	0.2395	0.2630	1.9966
-0.1080	0.2409	0.2640	1.9924
-0.1071	0.2413	0.2640	1.9883
-0.1061	0.2417	0.2640	1.9843
-0.1052	0.2422	0.2640	1.9805
-0.1048	0.2434	0.2650	1.9775
-0.1038	0.2438	0.2650	1.9734
-0.1032	0.2452	0.2660	1.9692
-0.1026	0.2465	0.2670	1.9652
-0.1016	0.2469	0.2670	1.9611
-0.1006	0.2473	0.2670	1.9570
-0.1002	0.2486	0.2680	1.9540
-0.0992	0.2490	0.2680	1.9499
-0.0986	0.2503	0.2690	1.9460
-0.0976	0.2507	0.2690	1.9420
-0.0969	0.2520	0.2700	1.9379
-0.0965	0.2532	0.2710	1.9349
-0.0955	0.2536	0.2710	1.9308
-0.0944	0.2540	0.2710	1.9267
-0.0937	0.2553	0.2720	1.9227
-0.0930	0.2567	0.2730	1.9185
-0.0920	0.2570	0.2730	1.9147
-0.0915	0.2583	0.2740	1.9114
-0.0905	0.2586	0.2740	1.9076
-0.0898	0.2599	0.2750	1.9036
-0.0888	0.2603	0.2750	1.8995
-0.0880	0.2616	0.2760	1.8953
-0.0870	0.2619	0.2760	1.8913
-0.0865	0.2632	0.2770	1.8882
-0.0857	0.2645	0.2780	1.8842
-0.0847	0.2648	0.2780	1.8804
-0.0839	0.2661	0.2790	1.8763
-0.0828	0.2664	0.2790	1.8722
-0.0823	0.2676	0.2800	1.8692
-0.0812	0.2680	0.2800	1.8651
-0.0804	0.2692	0.2810	1.8610
-0.0793	0.2696	0.2810	1.8569
-0.0785	0.2709	0.2820	1.8529
-0.0779	0.2721	0.2830	1.8498
-0.0768	0.2724	0.2830	1.8458
-0.0761	0.2736	0.2840	1.8419
-0.0752	0.2749	0.2850	1.8378
-0.0741	0.2752	0.2850	1.8338
-0.0735	0.2764	0.2860	1.8307
-0.0724	0.2767	0.2860	1.8267
-0.0715	0.2780	0.2870	1.8226
-0.0706	0.2792	0.2880	1.8184
-0.0697	0.2805	0.2890	1.8144
-0.0686	0.2807	0.2890	1.8106
-0.0675	0.2810	0.2890	1.8065
-0.0669	0.2822	0.2900	1.8035
-0.0659	0.2834	0.2910	1.7994
-0.0650	0.2847	0.2920	1.7952
-0.0644	0.2858	0.2930	1.7923
-0.0634	0.2871	0.2940	1.7882
-0.0625	0.2883	0.2950	1.7841
-0.0613	0.2886	0.2950	1.7800
-0.0604	0.2898	0.2960	1.7762
-0.0596	0.2910	0.2970	1.7729
-0.0587	0.2922	0.2980	1.7691
-0.0577	0.2934	0.2990	1.7650
-0.0570	0.2945	0.3000	1.7620
-0.0560	0.2957	0.3010	1.7579
-0.0548	0.2960	0.3010	1.7538
-0.0537	0.2972	0.3020	1.7497
-0.0527	0.2984	0.3030	1.7457
-0.0520	0.2995	0.3040	1.7426
-0.0509	0.3007	0.3050	1.7386
-0.0499	0.3019	0.3060	1.7345
-0.0489	0.3031	0.3070	1.7306
-0.0480	0.3042	0.3080	1.7274
-0.0470	0.3054	0.3090	1.7235
-0.0459	0.3066	0.3100	1.7195
-0.0447	0.3068	0.3100	1.7154
-0.0435	0.3079	0.3110	1.7113
-0.0428	0.3091	0.3120	1.7083
-0.0416	0.3102	0.3130	1.7042
-0.0405	0.3114	0.3140	1.7001
-0.0394	0.3125	0.3150	1.6963
-0.0386	0.3136	0.3160	1.6933
-0.0374	0.3148	0.3170	1.6892
-0.0363	0.3159	0.3180	1.6851
-0.0351	0.3171	0.3190	1.6811
-0.0342	0.3182	0.3200	1.6780
-0.0331	0.3193	0.3210	1.6742
-0.0319	0.3204	0.3220	1.6701
-0.0307	0.3215	0.3230	1.6660
-0.0298	0.3226	0.3240	1.6630
-0.0286	0.3237	0.3250	1.6589
-0.0274	0.3248	0.3260	1.6551
-0.0262	0.3259	0.3270	1.6510
-0.0254	0.3280	0.3290	1.6480
-0.0241	0.3291	0.3300	1.6439
-0.0228	0.3302	0.3310	1.6398
-0.0216	0.3303	0.3310	1.6360
-0.0202	0.3304	0.3310	1.6320
-0.0189	0.3315	0.3320	1.6278
-0.0181	0.3335	0.3340	1.6249
-0.0168	0.3356	0.3360	1.6207
-0.0158	0.3366	0.3370	1.6178
-0.0146	0.3387	0.3390	1.6139
-0.0133	0.3397	0.3400	1.6098
-0.0123	0.3418	0.3420	1.6068
-0.0109	0.3428	0.3430	1.6027
-0.0096	0.3449	0.3450	1.5987
-0.0082	0.3459	0.3460	1.5946
-0.0072	0.3479	0.3480	1.5916
-0.0059	0.3489	0.3490	1.5878
-0.0045	0.3500	0.3500	1.5836
-0.0031	0.3510	0.3510	1.5796
-0.0020	0.3530	0.3530	1.5765
-0.0006	0.3540	0.3540	1.5725
0.0007	0.3550	0.3550	1.5687
0.0019	0.3570	0.3570	1.5654
0.0033	0.3590	0.3590	1.5616
0.0048	0.3600	0.3600	1.5575
0.0059	0.3620	0.3620	1.5545
0.0074	0.3639	0.3640	1.5504
0.0090	0.3649	0.3650	1.5463
0.0104	0.3659	0.3660	1.5425
0.0115	0.3678	0.3680	1.5394
0.0131	0.3698	0.3700	1.5354
0.0147	0.3717	0.3720	1.5313
0.0158	0.3727	0.3730	1.5283
0.0175	0.3746	0.3750	1.5242
0.0190	0.3765	0.3770	1.5204
0.0202	0.3785	0.3790	1.5174
0.0219	0.3804	0.3810	1.5133
0.0236	0.3823	0.3830	1.5092
0.0252	0.3832	0.3840	1.5051
0.0265	0.3851	0.3860	1.5022
0.0281	0.3870	0.3880	1.4983
0.0298	0.3889	0.3900	1.4942
0.0312	0.3908	0.3920	1.4912
0.0329	0.3926	0.3940	1.4871
0.0347	0.3945	0.3960	1.4831
0.0361	0.3964	0.3980	1.4800
0.0379	0.3982	0.4000	1.4760
0.0397	0.4010	0.4030	1.4721
0.0411	0.4019	0.4040	1.4689
0.0429	0.4037	0.4060	1.4650
0.0447	0.4055	0.4080	1.4609
0.0462	0.4074	0.4100	1.4580
0.0481	0.4092	0.4120	1.4538
0.0501	0.4120	0.4150	1.4498
0.0516	0.4138	0.4170	1.4467
0.0536	0.4166	0.4200	1.4429
0.0555	0.4183	0.4220	1.4389
0.0571	0.4201	0.4240	1.4358
0.0590	0.4219	0.4260	1.4318
0.0611	0.4236	0.4280	1.4277
0.0630	0.4254	0.4300	1.4238
0.0648	0.4261	0.4310	1.4198
0.0671	0.4318	0.4370	1.4167
0.0690	0.4356	0.4410	1.4138
0.0709	0.4363	0.4420	1.4096
0.0730	0.4380	0.4440	1.4056
0.0752	0.4406	0.4470	1.4018
0.0770	0.4424	0.4490	1.3985
0.0792	0.4450	0.4520	1.3947
0.0816	0.4476	0.4550	1.3906
0.0834	0.4503	0.4580	1.3876
0.0859	0.4529	0.4610	1.3835
0.0878	0.4556	0.4640	1.3805
0.0902	0.4582	0.4670	1.3764
0.0925	0.4608	0.4700	1.3726
0.0947	0.4634	0.4730	1.3693
0.0970	0.4660	0.4760	1.3655
0.0996	0.4685	0.4790	1.3614
0.1021	0.4711	0.4820	1.3573
0.1042	0.4737	0.4850	1.3543
0.1068	0.4762	0.4880	1.3502
0.1094	0.4787	0.4910	1.3462
0.1115	0.4812	0.4940	1.3431
0.1145	0.4847	0.4980	1.3388
0.1172	0.4871	0.5010	1.3347
0.1197	0.4906	0.5050	1.3314
0.1225	0.4930	0.5080	1.3273
0.1255	0.4964	0.5120	1.3233
0.1276	0.4979	0.5140	1.3200
0.1306	0.5013	0.5180	1.3159
0.1337	0.5046	0.5220	1.3117
0.1364	0.5080	0.5260	1.3085
0.1401	0.5132	0.5320	1.3044
0.1427	0.5146	0.5340	1.3003
0.1454	0.5180	0.5380	1.2971
0.1487	0.5212	0.5420	1.2930
0.1519	0.5244	0.5460	1.2888
0.1548	0.5278	0.5500	1.2856
0.1580	0.5310	0.5540	1.2815
0.1614	0.5342	0.5580	1.2774
0.1643	0.5375	0.5620	1.2742
0.1683	0.5425	0.5680	1.2700
0.1712	0.5458	0.5720	1.2668
0.1747	0.5489	0.5760	1.2627
0.1787	0.5539	0.5820	1.2586
0.1818	0.5571	0.5860	1.2553
0.1860	0.5620	0.5920	1.2512
0.1896	0.5651	0.5960	1.2471
0.1927	0.5682	0.6000	1.2439
0.1963	0.5712	0.6040	1.2397
0.2006	0.5761	0.6100	1.2357
0.2045	0.5811	0.6160	1.2325
0.2089	0.5859	0.6220	1.2283
0.2133	0.5907	0.6280	1.2242
0.2173	0.5956	0.6340	1.2210
0.2211	0.5984	0.6380	1.2168
0.2250	0.6013	0.6420	1.2128
0.2290	0.6062	0.6480	1.2095
0.2344	0.6127	0.6560	1.2054
0.2391	0.6173	0.6620	1.2013
0.2433	0.6221	0.6680	1.1980
0.2480	0.6267	0.6740	1.1939
0.2528	0.6313	0.6800	1.1899
0.2579	0.6379	0.6880	1.1866
0.2628	0.6423	0.6940	1.1825
0.2685	0.6486	0.7020	1.1784
0.2729	0.6533	0.7080	1.1751
0.2778	0.6577	0.7140	1.1711
0.2837	0.6639	0.7220	1.1670
0.2890	0.6703	0.7300	1.1637
0.2950	0.6765	0.7380	1.1596
0.3002	0.6807	0.7440	1.1555
0.3057	0.6871	0.7520	1.1522
0.3125	0.6950	0.7620	1.1482
0.3182	0.7012	0.7700	1.1448
0.3243	0.7072	0.7780	1.1408
0.3314	0.7149	0.7880	1.1367
0.3372	0.7211	0.7960	1.1334
0.3435	0.7269	0.8040	1.1293
0.3508	0.7345	0.8140	1.1253
0.3575	0.7424	0.8240	1.1220
0.3641	0.7481	0.8320	1.1179
0.3724	0.7574	0.8440	1.1138
0.3794	0.7651	0.8540	1.1105
0.3870	0.7725	0.8640	1.1064
0.3946	0.7798	0.8740	1.1024
0.4035	0.7910	0.8880	1.0991
0.4113	0.7982	0.8980	1.0950
0.4202	0.8072	0.9100	1.0909
0.4284	0.8164	0.9220	1.0876
0.4374	0.8253	0.9340	1.0835
0.4457	0.8344	0.9460	1.0802
0.4548	0.8432	0.9580	1.0762
0.4649	0.8536	0.9720	1.0721
0.4744	0.8644	0.9860	1.0688
0.8394	-0.5398	0.9980	-0.5715
0.8373	-0.5430	0.9980	-0.5753
0.8306	-0.5533	0.9980	-0.5876
0.8285	-0.5564	0.9980	-0.5914
0.8245	-0.5587	0.9960	-0.5956
0.8223	-0.5621	0.9960	-0.5996
0.8185	-0.5641	0.9940	-0.6034
0.8161	-0.5674	0.9940	-0.6076
0.8138	-0.5708	0.9940	-0.6117
0.8116	-0.5738	0.9940	-0.6154
0.8093	-0.5772	0.9940	-0.6195
0.8069	-0.5805	0.9940	-0.6237
0.8030	-0.5824	0.9920	-0.6275
0.8007	-0.5856	0.9920	-0.6315
0.7983	-0.5889	0.9920	-0.6356
0.7960	-0.5920	0.9920	-0.6395
0.7936	-0.5952	0.9920	-0.6435
0.7895	-0.5973	0.9900	-0.6476
0.7871	-0.6005	0.9900	-0.6518
0.7848	-0.6035	0.9900	-0.6556
0.7823	-0.6067	0.9900	-0.6596
0.7798	-0.6099	0.9900	-0.6637
0.7775	-0.6129	0.9900	-0.6676
0.7750	-0.6160	0.9900	-0.6716
0.7725	-0.6192	0.9900	-0.6757
0.7685	-0.6209	0.9880	-0.6796
0.7660	-0.6241	0.9880	-0.6837
0.7634	-0.6271	0.9880	-0.6877
0.7610	-0.6301	0.9880	-0.6915
0.7584	-0.6332	0.9880	-0.6957
0.3467	-0.3159	0.4690	-0.7390
0.3454	-0.3173	0.4690	-0.7431
0.3441	-0.3187	0.4690	-0.7471
0.3428	-0.3200	0.4690	-0.7510
0.3415	-0.3214	0.4690	-0.7551
0.3402	-0.3228	0.4690	-0.7591
0.3390	-0.3241	0.4690	-0.7630
0.3376	-0.3255	0.4690	-0.7671
0.3370	-0.3276	0.4700	-0.7712
0.3358	-0.3288	0.4700	-0.7749
0.3337	-0.3295	0.4690	-0.7791
0.3331	-0.3316	0.4700	-0.7832
0.3318	-0.3329	0.4700	-0.7870
0.3298	-0.3335	0.4690	-0.7911
0.3291	-0.3356	0.4700	-0.7952
0.3278	-0.3368	0.4700	-0.7990
0.3264	-0.3382	0.4700	-0.8030
0.3243	-0.3388	0.4690	-0.8072
0.3229	-0.3401	0.4690	-0.8113
0.3223	-0.3421	0.4700	-0.8151
0.3216	-0.3441	0.4710	-0.8191
0.3202	-0.3454	0.4710	-0.8233
0.3189	-0.3466	0.4710	-0.8271
0.3175	-0.3479	0.4710	-0.8311
0.3160	-0.3492	0.4710	-0.8353
0.3147	-0.3504	0.4710	-0.8391
0.3132	-0.3517	0.4710	-0.8432
0.3125	-0.3537	0.4720	-0.8472
0.3105	-0.3542	0.4710	-0.8511
0.3090	-0.3555	0.4710	-0.8552
0.3082	-0.3575	0.4720	-0.8592
0.3069	-0.3586	0.4720	-0.8631
0.3047	-0.3591	0.4710	-0.8672
0.3039	-0.3612	0.4720	-0.8713
0.3024	-0.3624	0.4720	-0.8753
0.3020	-0.3640	0.4730	-0.8783
0.3012	-0.3660	0.4740	-0.8821
0.2991	-0.3664	0.4730	-0.8863
0.2976	-0.3677	0.4730	-0.8904
0.2968	-0.3696	0.4740	-0.8941
0.2953	-0.3708	0.4740	-0.8982
0.2938	-0.3720	0.4740	-0.9024
0.2930	-0.3739	0.4750	-0.9062
0.2914	-0.3751	0.4750	-0.9102
0.2899	-0.3763	0.4750	-0.9143
0.2883	-0.3775	0.4750	-0.9185
0.2869	-0.3785	0.4750	-0.9222
0.2860	-0.3805	0.4760	-0.9263
0.2844	-0.3817	0.4760	-0.9305
0.2829	-0.3828	0.4760	-0.9343
0.2820	-0.3847	0.4770	-0.9383
0.2804	-0.3859	0.4770	-0.9424
0.2789	-0.3870	0.4770	-0.9463
0.2779	-0.3889	0.4780	-0.9503
0.2769	-0.3909	0.4790	-0.9544
0.2748	-0.3911	0.4780	-0.9583
0.2738	-0.3930	0.4790	-0.9624
0.2728	-0.3950	0.4800	-0.9664
0.2712	-0.3960	0.4800	-0.9702
0.2696	-0.3971	0.4800	-0.9744
0.2680	-0.3982	0.4800	-0.9784
0.2664	-0.3993	0.4800	-0.9825
0.2654	-0.4012	0.4810	-0.9863
0.2652	-0.4037	0.4830	-0.9896
0.2635	-0.4048	0.4830	-0.9937
0.2619	-0.4058	0.4830	-0.9978
0.2602	-0.4069	0.4830	-1.0019
0.2591	-0.4088	0.4840	-1.0060
0.2578	-0.4108	0.4850	-1.0103
0.2561	-0.4119	0.4850	-1.0144
0.2544	-0.4129	0.4850	-1.0186
0.2533	-0.4148	0.4860	-1.0226
0.2521	-0.4167	0.4870	-1.0267
0.2504	-0.4177	0.4870	-1.0308
0.2491	-0.4197	0.4880	-1.0351
0.2473	-0.4207	0.4880	-1.0393
0.2461	-0.4225	0.4890	-1.0433
0.2449	-0.4244	0.4900	-1.0474
0.2432	-0.4254	0.4900	-1.0515
0.2414	-0.4264	0.4900	-1.0556
0.2402	-0.4283	0.4910	-1.0597
0.2393	-0.4299	0.4920	-1.0630
0.2380	-0.4318	0.4930	-1.0671
0.2367	-0.4336	0.4940	-1.0711
0.2349	-0.4346	0.4940	-1.0752
0.2335	-0.4365	0.4950	-1.0796
0.2322	-0.4383	0.4960	-1.0837
0.2304	-0.4393	0.4960	-1.0878
0.2290	-0.4411	0.4970	-1.0919
0.2272	-0.4420	0.4970	-1.0959
0.2259	-0.4438	0.4980	-1.1001
0.2244	-0.4457	0.4990	-1.1045
0.2230	-0.4475	0.5000	-1.1085
0.2216	-0.4493	0.5010	-1.1126
0.2197	-0.4502	0.5010	-1.1167
0.2187	-0.4518	0.5020	-1.1200
0.2173	-0.4536	0.5030	-1.1240
0.2159	-0.4554	0.5040	-1.1281
0.2140	-0.4563	0.5040	-1.1323
0.2126	-0.4581	0.5050	-1.1363
0.2111	-0.4599	0.5060	-1.1404
0.2095	-0.4617	0.5070	-1.1447
0.2076	-0.4625	0.5070	-1.1489
0.2065	-0.4652	0.5090	-1.1530
0.2051	-0.4670	0.5100	-1.1570
0.2031	-0.4678	0.5100	-1.1611
0.2012	-0.4686	0.5100	-1.1653
0.2000	-0.4713	0.5120	-1.1696
0.1980	-0.4722	0.5120	-1.1737
0.1974	-0.4746	0.5140	-1.1767
0.1954	-0.4754	0.5140	-1.1808
0.1941	-0.4781	0.5160	-1.1851
0.1922	-0.4789	0.5160	-1.1892
0.1909	-0.4815	0.5180	-1.1933
0.1890	-0.4823	0.5180	-1.1974
0.1877	-0.4849	0.5200	-1.2015
0.1857	-0.4857	0.5200	-1.2056
0.1837	-0.4865	0.5200	-1.2096
0.1823	-0.4891	0.5220	-1.2140
0.1803	-0.4899	0.5220	-1.2182
0.1795	-0.4923	0.5240	-1.2211
0.1782	-0.4949	0.5260	-1.2253
0.1760	-0.4957	0.5260	-1.2296
0.1746	-0.4983	0.5280	-1.2337
0.1726	-0.4990	0.5280	-1.2377
0.1712	-0.5016	0.5300	-1.2419
0.1691	-0.5023	0.5300	-1.2460
0.1678	-0.5049	0.5320	-1.2500
0.1655	-0.5056	0.5320	-1.2544
0.1641	-0.5082	0.5340	-1.2585
0.1631	-0.5106	0.5360	-1.2615
0.1610	-0.5112	0.5360	-1.2656
0.1594	-0.5138	0.5380	-1.2699
0.1573	-0.5145	0.5380	-1.2741
0.1558	-0.5170	0.5400	-1.2781
0.1537	-0.5177	0.5400	-1.2822
0.1521	-0.5202	0.5420	-1.2863
0.1506	-0.5227	0.5440	-1.2904
0.1488	-0.5253	0.5460	-1.2948
0.1466	-0.5259	0.5460	-1.2989
0.1445	-0.5265	0.5460	-1.3029
0.1434	-0.5289	0.5480	-1.3060
0.1417	-0.5314	0.5500	-1.3103
0.1400	-0.5340	0.5520	-1.3144
0.1378	-0.5345	0.5520	-1.3185
0.1361	-0.5370	0.5540	-1.3226
0.1344	-0.5395	0.5560	-1.3267
0.1322	-0.5401	0.5560	-1.3307
0.1303	-0.5426	0.5580	-1.3351
0.1291	-0.5449	0.5600	-1.3381
0.1273	-0.5474	0.5620	-1.3422
0.1251	-0.5479	0.5620	-1.3464
0.1232	-0.5504	0.5640	-1.3507
0.1209	-0.5509	0.5640	-1.3548
0.1191	-0.5533	0.5660	-1.3588
0.1172	-0.5558	0.5680	-1.3629
0.1153	-0.5582	0.5700	-1.3671
0.1139	-0.5605	0.5720	-1.3703
0.1116	-0.5610	0.5720	-1.3744
0.1097	-0.5634	0.5740	-1.3785
0.1078	-0.5658	0.5760	-1.3826
0.1060	-0.5682	0.5780	-1.3864
0.1040	-0.5706	0.5800	-1.3905
0.1017	-0.5710	0.5800	-1.3946
0.0997	-0.5734	0.5820	-1.3987
0.0977	-0.5758	0.5840	-1.4027
0.0963	-0.5780	0.5860	-1.4058
0.0942	-0.5804	0.5880	-1.4098
0.0923	-0.5827	0.5900	-1.4137
0.0902	-0.5851	0.5920	-1.4178
0.0879	-0.5854	0.5920	-1.4218
0.0857	-0.5878	0.5940	-1.4259
0.0836	-0.5901	0.5960	-1.4301
0.0816	-0.5924	0.5980	-1.4339
0.0800	-0.5946	0.6000	-1.4371
0.0779	-0.5969	0.6020	-1.4410
0.0758	-0.5992	0.6040	-1.4450
0.0735	-0.6015	0.6060	-1.4491
0.0713	-0.6038	0.6080	-1.4533
0.0691	-0.6061	0.6100	-1.4573
0.0670	-0.6083	0.6120	-1.4611
0.0647	-0.6106	0.6140	-1.4652
0.0631	-0.6128	0.6160	-1.4682
0.0608	-0.6150	0.6180	-1.4723
0.0585	-0.6172	0.6200	-1.4764
0.0561	-0.6195	0.6220	-1.4805
0.0537	-0.6217	0.6240	-1.4846
0.0516	-0.6239	0.6260	-1.4883
0.0493	-0.6281	0.6300	-1.4925
0.0476	-0.6302	0.6320	-1.4954
0.0451	-0.6324	0.6340	-1.4996
0.0427	-0.6346	0.6360	-1.5037
0.0402	-0.6367	0.6380	-1.5077
0.0377	-0.6389	0.6400	-1.5118
0.0354	-0.6410	0.6420	-1.5157
0.0329	-0.6452	0.6460	-1.5198
0.0311	-0.6473	0.6480	-1.5228
0.0285	-0.6494	0.6500	-1.5269
0.0260	-0.6515	0.6520	-1.5309
0.0235	-0.6556	0.6560	-1.5350
0.0208	-0.6577	0.6580	-1.5392
0.0182	-0.6597	0.6600	-1.5432
0.0157	-0.6618	0.6620	-1.5470
0.0137	-0.6659	0.6660	-1.5503
0.0111	-0.6679	0.6680	-1.5541
0.0084	-0.6719	0.6720	-1.5582
0.0058	-0.6740	0.6740	-1.5623
0.0030	-0.6760	0.6760	-1.5664
0.0002	-0.6800	0.6800	-1.5705
-0.0024	-0.6820	0.6820	-1.5742
-0.0047	-0.6860	0.6860	-1.5776
-0.0073	-0.6880	0.6880	-1.5813
-0.0102	-0.6919	0.6920	-1.5855
-0.0130	-0.6939	0.6940	-1.5896
-0.0159	-0.6978	0.6980	-1.5936
-0.0189	-0.6997	0.7000	-1.5977
-0.0211	-0.7037	0.7040	-1.6007
-0.0240	-0.7056	0.7060	-1.6048
-0.0269	-0.7095	0.7100	-1.6087
-0.0300	-0.7134	0.7140	-1.6128
-0.0329	-0.7152	0.7160	-1.6168
-0.0361	-0.7191	0.7200	-1.6209
-0.0384	-0.7230	0.7240	-1.6239
-0.0416	-0.7268	0.7280	-1.6280
-0.0448	-0.7286	0.7300	-1.6322
-0.0477	-0.7324	0.7340	-1.6359
-0.0510	-0.7362	0.7380	-1.6400
-0.0544	-0.7400	0.7420	-1.6441
-0.0569	-0.7438	0.7460	-1.6471
-0.0601	-0.7456	0.7480	-1.6512
-0.0634	-0.7493	0.7520	-1.6553
-0.0669	-0.7530	0.7560	-1.6594
-0.0701	-0.7568	0.7600	-1.6632
-0.0736	-0.7604	0.7640	-1.6672
-0.0771	-0.7641	0.7680	-1.6714
-0.0798	-0.7679	0.7720	-1.6743
-0.0834	-0.7715	0.7760	-1.6785
-0.0870	-0.7751	0.7800	-1.6826
-0.0906	-0.7787	0.7840	-1.6866
-0.0943	-0.7844	0.7900	-1.6904
-0.0973	-0.7880	0.7940	-1.6937
-0.1011	-0.7916	0.7980	-1.6978
-0.1047	-0.7951	0.8020	-1.7017
-0.1085	-0.7987	0.8060	-1.7058
-0.1125	-0.8042	0.8120	-1.7098
-0.1164	-0.8077	0.8160	-1.7139
-0.1197	-0.8132	0.8220	-1.7169
-0.1236	-0.8167	0.8260	-1.7210
-0.1275	-0.8201	0.8300	-1.7251
-0.1316	-0.8256	0.8360	-1.7289
-0.1391	-0.8284	0.8400	-1.7371
-0.1534	-0.8320	0.8460	-1.7531
-0.1597	-0.8328	0.8480	-1.7602
-0.1631	-0.8281	0.8440	-1.7652
-0.1660	-0.8255	0.8420	-1.7693
-0.1690	-0.8228	0.8400	-1.7734
-0.1720	-0.8202	0.8380	-1.7775
-0.1746	-0.8176	0.8360	-1.7812
-0.1776	-0.8149	0.8340	-1.7854
-0.1805	-0.8122	0.8320	-1.7895
-0.1833	-0.8095	0.8300	-1.7935
-0.1860	-0.8068	0.8280	-1.7973
-0.1889	-0.8041	0.8260	-1.8015
-0.1917	-0.8014	0.8240	-1.8056
-0.1945	-0.7987	0.8220	-1.8096
-0.1973	-0.7959	0.8200	-1.8137
-0.2007	-0.7930	0.8180	-1.8186
-0.2034	-0.7902	0.8160	-1.8228
-0.2060	-0.7875	0.8140	-1.8266
-0.2091	-0.7867	0.8140	-1.8306
-0.2118	-0.7839	0.8120	-1.8347
-0.2145	-0.7811	0.8100	-1.8389
-0.2164	-0.7764	0.8060	-1.8426
-0.2196	-0.7755	0.8060	-1.8467
-0.2222	-0.7727	0.8040	-1.8508
-0.2248	-0.7699	0.8020	-1.8549
-0.2272	-0.7671	0.8000	-1.8587
-0.2303	-0.7661	0.8000	-1.8628
-0.2329	-0.7633	0.7980	-1.8670
-0.2354	-0.7604	0.7960	-1.8710
-0.2379	-0.7575	0.7940	-1.8751
-0.2410	-0.7544	0.7920	-1.8800
-0.2435	-0.7515	0.7900	-1.8841
-0.2464	-0.7506	0.7900	-1.8879
-0.2488	-0.7477	0.7880	-1.8920
-0.2512	-0.7448	0.7860	-1.8961
-0.2543	-0.7437	0.7860	-1.9002
-0.2564	-0.7409	0.7840	-1.9040
-0.2588	-0.7379	0.7820	-1.9081
-0.2612	-0.7350	0.7800	-1.9122
-0.2641	-0.7339	0.7800	-1.9162
-0.2662	-0.7310	0.7780	-1.9201
-0.2693	-0.7299	0.7780	-1.9242
-0.2716	-0.7269	0.7760	-1.9283
-0.2731	-0.7221	0.7720	-1.9323
-0.2758	-0.7210	0.7720	-1.9362
-0.2795	-0.7218	0.7740	-1.9403
-0.2810	-0.7169	0.7700	-1.9443
-0.2838	-0.7136	0.7680	-1.9493
-0.2867	-0.7125	0.7680	-1.9533
-0.2881	-0.7076	0.7640	-1.9575
-0.2918	-0.7083	0.7660	-1.9616
-0.2944	-0.7072	0.7660	-1.9653
-0.2958	-0.7023	0.7620	-1.9694
-0.2987	-0.7010	0.7620	-1.9736
-0.3015	-0.6998	0.7620	-1.9776
-0.3034	-0.6968	0.7600	-1.9814
-0.3054	-0.6937	0.7580	-1.9855
-0.3083	-0.6925	0.7580	-1.9897
-0.3094	-0.6876	0.7540	-1.9937
-0.3129	-0.6882	0.7560	-1.9975
-0.3157	-0.6869	0.7560	-2.0017
-0.3177	-0.6838	0.7540	-2.0057
-0.3196	-0.6807	0.7520	-2.0098
-0.3224	-0.6794	0.7520	-2.0139
-0.3242	-0.6763	0.7500	-2.0178
-0.3260	-0.6732	0.7480	-2.0218
-0.3297	-0.6737	0.7500	-2.0259
-0.3316	-0.6705	0.7480	-2.0300
-0.3332	-0.6675	0.7460	-2.0338
-0.3359	-0.6661	0.7460	-2.0379
-0.3383	-0.6627	0.7440	-2.0428
-0.3410	-0.6613	0.7440	-2.0469
-0.3428	-0.6581	0.7420	-2.0510
-0.3454	-0.6567	0.7420	-2.0551
-0.3480	-0.6554	0.7420	-2.0589
-0.3497	-0.6522	0.7400	-2.0630
-0.3523	-0.6507	0.7400	-2.0670
-0.3541	-0.6475	0.7380	-2.0712
-0.3565	-0.6462	0.7380	-2.0750
-0.3592	-0.6447	0.7380	-2.0791
-0.3608	-0.6415	0.7360	-2.0831
-0.3634	-0.6400	0.7360	-2.0873
-0.3661	-0.6385	0.7360	-2.0914
-0.3675	-0.6354	0.7340	-2.0951
-0.3701	-0.6339	0.7340	-2.0993
-0.3727	-0.6323	0.7340	-2.1034
-0.3742	-0.6291	0.7320	-2.1074
-0.3766	-0.6277	0.7320	-2.1112
-0.3792	-0.6261	0.7320	-2.1154
-0.3807	-0.6228	0.7300	-2.1195
-0.3832	-0.6213	0.7300	-2.1235
-0.3846	-0.6181	0.7280	-2.1273
-0.3871	-0.6165	0.7280	-2.1315
-0.3896	-0.6150	0.7280	-2.1355
-0.3921	-0.6134	0.7280	-2.1396
-0.3936	-0.6101	0.7260	-2.1437
-0.3960	-0.6085	0.7260	-2.1478
-0.3985	-0.6068	0.7260	-2.1519
-0.4010	-0.6052	0.7260	-2.1560
-0.4023	-0.6019	0.7240	-2.1600
-0.4050	-0.6001	0.7240	-2.1644
-0.4075	-0.5985	0.7240	-2.1686
-0.4093	-0.5948	0.7220	-2.1735
-0.4118	-0.5930	0.7220	-2.1778
-0.4143	-0.5913	0.7220	-2.1819
-0.4167	-0.5896	0.7220	-2.1860
-0.4191	-0.5879	0.7220	-2.1900
-0.4215	-0.5862	0.7220	-2.1942
-0.4227	-0.5828	0.7200	-2.1983
-0.4251	-0.5811	0.7200	-2.2023
-0.4276	-0.5793	0.7200	-2.2067
-0.4300	-0.5775	0.7200	-2.2108
-0.4311	-0.5742	0.7180	-2.2149
-0.4335	-0.5724	0.7180	-2.2190
-0.4358	-0.5706	0.7180	-2.2230
-0.4381	-0.5688	0.7180	-2.2271
-0.4405	-0.5670	0.7180	-2.2313
-0.4429	-0.5651	0.7180	-2.2356
-0.4440	-0.5617	0.7160	-2.2397
-0.4463	-0.5599	0.7160	-2.2438
-0.4498	-0.5596	0.7180	-2.2479
-0.4509	-0.5562	0.7160	-2.2520
-0.4519	-0.5528	0.7140	-2.2561
-0.4556	-0.5524	0.7160	-2.2604
-0.4578	-0.5505	0.7160	-2.2645
-0.4588	-0.5471	0.7140	-2.2686
-0.4610	-0.5452	0.7140	-2.2727
-0.4632	-0.5433	0.7140	-2.2768
-0.4654	-0.5415	0.7140	-2.2808
-0.4677	-0.5395	0.7140	-2.2850
-0.4700	-0.5375	0.7140	-2.2894
-0.4709	-0.5341	0.7120	-2.2934
-0.4744	-0.5336	0.7140	-2.2975
-0.4779	-0.5331	0.7160	-2.3016
-0.4787	-0.5297	0.7140	-2.3057
-0.4796	-0.5263	0.7120	-2.3098
-0.4831	-0.5258	0.7140	-2.3139
-0.4867	-0.5251	0.7160	-2.3182
-0.4875	-0.5217	0.7140	-2.3224
-0.4896	-0.5197	0.7140	-2.3264
-0.4904	-0.5162	0.7120	-2.3305
-0.4939	-0.5156	0.7140	-2.3346
-0.4973	-0.5151	0.7160	-2.3386
-0.4981	-0.5116	0.7140	-2.3428
-0.5003	-0.5094	0.7140	-2.3472
-0.5024	-0.5074	0.7140	-2.3512
-0.5044	-0.5053	0.7140	-2.3553
-0.5065	-0.5032	0.7140	-2.3595
-0.5085	-0.5012	0.7140	-2.3635
-0.5106	-0.4991	0.7140	-2.3676
-0.5127	-0.4970	0.7140	-2.3717
-0.5148	-0.4948	0.7140	-2.3760
-0.5168	-0.4926	0.7140	-2.3802
-0.5188	-0.4905	0.7140	-2.3842
-0.5223	-0.4898	0.7160	-2.3883
-0.5228	-0.4862	0.7140	-2.3924
-0.5263	-0.4855	0.7160	-2.3965
-0.5283	-0.4833	0.7160	-2.4006
-0.5304	-0.4810	0.7160	-2.4050
-0.5323	-0.4788	0.7160	-2.4090
-0.5343	-0.4767	0.7160	-2.4131
-0.5362	-0.4744	0.7160	-2.4173
-0.5382	-0.4723	0.7160	-2.4213
-0.5401	-0.4701	0.7160	-2.4254
-0.5420	-0.4678	0.7160	-2.4295
-0.5440	-0.4655	0.7160	-2.4339
-0.5460	-0.4632	0.7160	-2.4380
-0.5494	-0.4623	0.7180	-2.4421
-0.5512	-0.4601	0.7180	-2.4461
-0.5531	-0.4578	0.7180	-2.4502
-0.5550	-0.4555	0.7180	-2.4544
-0.5584	-0.4545	0.7200	-2.4584
-0.5604	-0.4521	0.7200	-2.4628
-0.5622	-0.4498	0.7200	-2.4668
-0.5641	-0.4475	0.7200	-2.4710
-0.5659	-0.4451	0.7200	-2.4751
-0.5677	-0.4429	0.7200	-2.4791
-0.5695	-0.4405	0.7200	-2.4832
-0.5730	-0.4392	0.7220	-2.4876
-0.5748	-0.4369	0.7220	-2.4917
-0.5766	-0.4345	0.7220	-2.4958
-0.5795	-0.4340	0.7240	-2.4988
-0.5814	-0.4315	0.7240	-2.5032
-0.5831	-0.4291	0.7240	-2.5072
-0.5849	-0.4267	0.7240	-2.5113
-0.5866	-0.4243	0.7240	-2.5154
-0.5900	-0.4231	0.7260	-2.5195
-0.5933	-0.4218	0.7280	-2.5236
-0.5951	-0.4194	0.7280	-2.5277
-0.5969	-0.4168	0.7280	-2.5320
-0.5970	-0.4132	0.7260	-2.5361
-0.6003	-0.4119	0.7280	-2.5403
-0.6036	-0.4106	0.7300	-2.5443
-0.6053	-0.4081	0.7300	-2.5484
-0.6070	-0.4056	0.7300	-2.5525
-0.6086	-0.4031	0.7300	-2.5566
-0.6119	-0.4017	0.7320	-2.5607
-0.6137	-0.3991	0.7320	-2.5650
-0.6170	-0.3976	0.7340	-2.5691
-0.6169	-0.3940	0.7320	-2.5733
-0.6202	-0.3926	0.7340	-2.5773
-0.6218	-0.3900	0.7340	-2.5814
-0.6251	-0.3885	0.7360	-2.5855
-0.6267	-0.3860	0.7360	-2.5896
-0.6300	-0.3844	0.7380	-2.5937
-0.6315	-0.3818	0.7380	-2.5978
-0.6332	-0.3791	0.7380	-2.6021
-0.6347	-0.3765	0.7380	-2.6062
-0.6380	-0.3749	0.7400	-2.6104
-0.6412	-0.3733	0.7420	-2.6144
-0.6428	-0.3707	0.7420	-2.6185
-0.6443	-0.3680	0.7420	-2.6226
-0.6475	-0.3664	0.7440	-2.6267
-0.6490	-0.3637	0.7440	-2.6308
-0.6520	-0.3626	0.7460	-2.6340
-0.6534	-0.3599	0.7460	-2.6382
-0.6549	-0.3573	0.7460	-2.6422
-0.6564	-0.3546	0.7460	-2.6463
-0.6625	-0.3472	0.7480	-2.6589
-0.6488	-0.3257	0.7260	-2.6763
-0.6432	-0.3190	0.7180	-2.6812
-0.6392	-0.3137	0.7120	-2.6853
-0.6333	-0.3075	0.7040	-2.6896
-0.6276	-0.3009	0.6960	-2.6945
-0.6216	-0.2949	0.6880	-2.6987
-0.6159	-0.2883	0.6800	-2.7038
-0.6116	-0.2832	0.6740	-2.7080
-0.6073	-0.2782	0.6680	-2.7121
-0.6015	-0.2717	0.6600	-2.7173
-0.5953	-0.2660	0.6520	-2.7213
-0.5911	-0.2605	0.6460	-2.7265
-0.5867	-0.2557	0.6400	-2.7306
-0.5804	-0.2501	0.6320	-2.7347
-0.5762	-0.2448	0.6260	-2.7399
-0.5735	-0.2409	0.6220	-2.7439
-0.5689	-0.2362	0.6160	-2.7480
-0.5646	-0.2310	0.6100	-2.7532
-0.5600	-0.2264	0.6040	-2.7573
-0.5555	-0.2215	0.5980	-2.7622
-0.5508	-0.2169	0.5920	-2.7665
-0.5480	-0.2131	0.5880	-2.7707
-0.5434	-0.2083	0.5820	-2.7755
-0.5406	-0.2047	0.5780	-2.7797
-0.5358	-0.2002	0.5720	-2.7840
-0.5331	-0.1962	0.5680	-2.7890
-0.5282	-0.1920	0.5620	-2.7930
-0.5235	-0.1872	0.5560	-2.7982
-0.5205	-0.1837	0.5520	-2.8023
-0.5175	-0.1803	0.5480	-2.8064
-0.5146	-0.1763	0.5440	-2.8116
-0.5097	-0.1723	0.5380	-2.8156
-0.5068	-0.1684	0.5340	-2.8208
-0.5036	-0.1650	0.5300	-2.8249
-0.5005	-0.1617	0.5260	-2.8290
-0.4975	-0.1579	0.5220	-2.8342
-0.4943	-0.1547	0.5180	-2.8382
-0.4912	-0.1515	0.5140	-2.8424
-0.4891	-0.1481	0.5110	-2.8475
-0.4858	-0.1449	0.5070	-2.8517
-0.4826	-0.1418	0.5030	-2.8558
-0.4804	-0.1385	0.5000	-2.8610
-0.4771	-0.1354	0.4960	-2.8650
-0.4738	-0.1324	0.4920	-2.8691
-0.4707	-0.1289	0.4880	-2.8743
-0.4683	-0.1262	0.4850	-2.8784
-0.4650	-0.1229	0.4810	-2.8833
-0.4626	-0.1202	0.4780	-2.8873
-0.4603	-0.1174	0.4750	-2.8917
-0.4569	-0.1142	0.4710	-2.8966
-0.4545	-0.1116	0.4680	-2.9008
-0.4521	-0.1090	0.4650	-2.9051
-0.4497	-0.1060	0.4620	-2.9101
-0.4472	-0.1035	0.4590	-2.9141
-0.4447	-0.1010	0.4560	-2.9182
-0.4423	-0.0981	0.4530	-2.9234
-0.4397	-0.0956	0.4500	-2.9275
-0.4373	-0.0927	0.4470	-2.9327
-0.4347	-0.0903	0.4440	-2.9367
-0.4331	-0.0881	0.4420	-2.9408
-0.4306	-0.0853	0.4390	-2.9460
-0.4280	-0.0830	0.4360	-2.9501
-0.4264	-0.0809	0.4340	-2.9542
-0.4247	-0.0789	0.4320	-2.9580
-0.4222	-0.0763	0.4290	-2.9629
-0.4195	-0.0740	0.4260	-2.9670
-0.4169	-0.0714	0.4230	-2.9719
-0.4152	-0.0695	0.4210	-2.9757
-0.4135	-0.0676	0.4190	-2.9796
-0.4118	-0.0656	0.4170	-2.9837
-0.4102	-0.0633	0.4150	-2.9886
-0.4074	-0.0612	0.4120	-2.9924
-0.4057	-0.0594	0.4100	-2.9962
-0.4030	-0.0570	0.4070	-3.0011
-0.4012	-0.0551	0.4050	-3.0052
-0.3995	-0.0529	0.4030	-3.0101
-0.3967	-0.0509	0.4000	-3.0139
-0.3940	-0.0491	0.3970	-3.0177
-0.3932	-0.0470	0.3960	-3.0226
-0.3914	-0.0452	0.3940	-3.0267
-0.3896	-0.0434	0.3920	-3.0306
-0.3878	-0.0413	0.3900	-3.0355
-0.3860	-0.0396	0.3880	-3.0393
-0.3841	-0.0378	0.3860	-3.0434
-0.3823	-0.0358	0.3840	-3.0483
-0.3805	-0.0341	0.3820	-3.0521
-0.3796	-0.0326	0.3810	-3.0559
-0.3777	-0.0309	0.3790	-3.0600
-0.3481	-0.0254	0.3490	-3.0687
-0.3462	-0.0238	0.3470	-3.0729
-0.3443	-0.0220	0.3450	-3.0777
-0.3424	-0.0205	0.3430	-3.0819
-0.3415	-0.0190	0.3420	-3.0859
-0.3406	-0.0173	0.3410	-3.0908
-0.3386	-0.0158	0.3390	-3.0949
-0.3377	-0.0145	0.3380	-3.0987
-0.3358	-0.0128	0.3360	-3.1036
-0.3348	-0.0113	0.3350	-3.1077
-0.3329	-0.0099	0.3330	-3.1118
-0.3319	-0.0082	0.3320	-3.1168
-0.3309	-0.0069	0.3310	-3.1208
-0.3290	-0.0056	0.3290	-3.1246
-0.3280	-0.0042	0.3280	-3.1287
-0.3270	-0.0026	0.3270	-3.1336
-0.3250	-0.0012	0.3250	-3.1378
-0.6200	-0.1116	0.6300	-2.9635
-0.6205	-0.1093	0.6300	-2.9673
-0.6209	-0.1069	0.6300	-2.9711
-0.6232	-0.1054	0.6320	-2.9741
-0.6236	-0.1030	0.6320	-2.9779
-0.6239	-0.1006	0.6320	-2.9818
-0.6243	-0.0981	0.6320	-2.9858
-0.6247	-0.0957	0.6320	-2.9896
-0.6251	-0.0933	0.6320	-2.9935
-0.6254	-0.0909	0.6320	-2.9973
-0.6258	-0.0885	0.6320	-3.0011
-0.6281	-0.0862	0.6340	-3.0052
-0.6284	-0.0838	0.6340	-3.0090
-0.6288	-0.0814	0.6340	-3.0128
-0.6291	-0.0790	0.6340	-3.0167
-0.6294	-0.0765	0.6340	-3.0207
-0.6316	-0.0743	0.6360	-3.0245
-0.6319	-0.0719	0.6360	-3.0284
-0.6322	-0.0694	0.6360	-3.0322
-0.6464	-0.0682	0.6500	-3.0365
-0.6447	-0.0655	0.6480	-3.0403
-0.6449	-0.0628	0.6480	-3.0445
-0.6452	-0.0604	0.6480	-3.0483
-0.6435	-0.0570	0.6460	-3.0532
-0.6437	-0.0544	0.6460	-3.0573
-0.6439	-0.0520	0.6460	-3.0611
-0.6441	-0.0495	0.6460	-3.0649
-0.6423	-0.0467	0.6440	-3.0690
-0.6425	-0.0442	0.6440	-3.0729
-0.6407	-0.0415	0.6420	-3.0769
-0.6408	-0.0391	0.6420	-3.0807
-0.6410	-0.0364	0.6420	-3.0848
-0.6411	-0.0340	0.6420	-3.0887
-0.6412	-0.0314	0.6420	-3.0927
-0.6394	-0.0288	0.6400	-3.0965
-0.6395	-0.0262	0.6400	-3.1007
-0.6396	-0.0237	0.6400	-3.1045
-0.6396	-0.0212	0.6400	-3.1085
-0.6377	-0.0187	0.6380	-3.1124
-0.6378	-0.0160	0.6380	-3.1165
-0.6379	-0.0136	0.6380	-3.1203
-0.6379	-0.0110	0.6380	-3.1243
-0.6379	-0.0086	0.6380	-3.1282
-0.6380	-0.0061	0.6380	-3.1320
-0.6360	-0.0035	0.6360	-3.1361
-0.6360	-0.0011	0.6360	-3.1399
-0.7094	-0.0295	0.7100	-3.1001
-0.7135	-0.0269	0.7140	-3.1039
-0.7156	-0.0240	0.7160	-3.1080
-0.7177	-0.0212	0.7180	-3.1121
-0.7218	-0.0185	0.7220	-3.1159
-0.7238	-0.0164	0.7240	-3.1189
-0.7279	-0.0135	0.7280	-3.1230
-0.7299	-0.0108	0.7300	-3.1268
-0.7320	-0.0078	0.7320	-3.1310
-0.7360	-0.0049	0.7360	-3.1350
-0.7400	-0.0021	0.7400	-3.1388
