x	y	r	phi
-0.7020	0.0005	0.7020	3.1408
-0.7100	0.0027	0.7100	3.1379
-0.7180	0.0056	0.7180	3.1337
-0.7280	0.0079	0.7280	3.1308
-0.7359	0.0110	0.7360	3.1266
-0.7459	0.0134	0.7460	3.1237
-0.7558	0.0167	0.7560	3.1195
-0.7657	0.0198	0.7660	3.1157
-0.7757	0.0224	0.7760	3.1127
-0.7856	0.0259	0.7860	3.1086
-0.7955	0.0286	0.7960	3.1056
-0.8074	0.0324	0.8080	3.1015
-0.8172	0.0361	0.8180	3.0975
-0.8271	0.0390	0.8280	3.0944
-0.8389	0.0430	0.8400	3.0904
-0.8507	0.0462	0.8520	3.0873
-0.8625	0.0501	0.8640	3.0836
-0.8743	0.0544	0.8760	3.0795
-0.8881	0.0579	0.8900	3.0765
-0.8998	0.0624	0.9020	3.0724
-0.9136	0.0661	0.9160	3.0694
-0.9273	0.0709	0.9300	3.0653
-0.9410	0.0756	0.9440	3.0614
-0.9547	0.0798	0.9580	3.0582
-0.9703	0.0849	0.9740	3.0543
-0.9860	0.0892	0.9900	3.0514
-0.8183	0.5607	0.9920	2.5408
-0.8039	0.5570	0.9780	2.5357
-0.7901	0.5523	0.9640	2.5315
-0.7782	0.5483	0.9520	2.5278
-0.7640	0.5442	0.9380	2.5226
-0.7505	0.5390	0.9240	2.5188
-0.7386	0.5350	0.9120	2.5147
-0.7261	0.5318	0.9000	2.5095
-0.7128	0.5262	0.8860	2.5057
-0.7005	0.5227	0.8740	2.5005
-0.6905	0.5194	0.8640	2.4966
-0.6804	0.5161	0.8540	2.4926
-0.6682	0.5123	0.8420	2.4874
-0.6583	0.5088	0.8320	2.4836
-0.6483	0.5053	0.8220	2.4795
-0.6380	0.5023	0.8120	2.4746
-0.6281	0.4987	0.8020	2.4705
-0.6177	0.4957	0.7920	2.4653
-0.6096	0.4931	0.7840	2.4615
-0.5998	0.4892	0.7740	2.4574
-0.5912	0.4870	0.7660	2.4525
-0.5832	0.4842	0.7580	2.4487
-0.5735	0.4802	0.7480	2.4446
-0.5666	0.4791	0.7420	2.4397
-0.5585	0.4762	0.7340	2.4356
-0.5506	0.4731	0.7260	2.4317
-0.5438	0.4719	0.7200	2.4269
-0.5359	0.4688	0.7120	2.4228
-0.5296	0.4669	0.7060	2.4190
-0.5213	0.4642	0.6980	2.4141
-0.5134	0.4610	0.6900	2.4100
-0.5115	0.4631	0.6900	2.4059
-0.5127	0.4677	0.6940	2.4020
-0.5108	0.4698	0.6940	2.3980
-0.5105	0.4731	0.6960	2.3942
-0.5100	0.4766	0.6980	2.3900
-0.5096	0.4799	0.7000	2.3862
-0.5091	0.4863	0.7040	2.3791
0.6234	-0.4024	0.7420	-0.5732
0.6135	-0.3993	0.7320	-0.5770
0.6015	-0.3958	0.7200	-0.5820
0.5917	-0.3925	0.7100	-0.5857
0.5797	-0.3887	0.6980	-0.5907
0.5700	-0.3853	0.6880	-0.5944
0.5598	-0.3825	0.6780	-0.5994
0.5518	-0.3800	0.6700	-0.6031
0.5416	-0.3772	0.6600	-0.6083
0.5335	-0.3748	0.6520	-0.6124
0.5235	-0.3716	0.6420	-0.6173
0.5155	-0.3691	0.6340	-0.6215
0.5072	-0.3670	0.6260	-0.6263
0.4992	-0.3643	0.6180	-0.6305
0.4926	-0.3632	0.6120	-0.6354
0.4847	-0.3605	0.6040	-0.6395
0.4765	-0.3580	0.5960	-0.6444
0.4702	-0.3564	0.5900	-0.6485
0.4620	-0.3539	0.5820	-0.6537
0.4559	-0.3520	0.5760	-0.6574
0.4494	-0.3507	0.5700	-0.6627
0.4433	-0.3487	0.5640	-0.6664
0.4368	-0.3472	0.5580	-0.6716
0.4291	-0.3440	0.5500	-0.6757
0.4228	-0.3423	0.5440	-0.6806
0.4183	-0.3415	0.5400	-0.6847
0.4120	-0.3398	0.5340	-0.6896
0.4060	-0.3376	0.5280	-0.6937
0.3997	-0.3357	0.5220	-0.6986
0.3953	-0.3348	0.5180	-0.7028
0.3901	-0.3331	0.5130	-0.7068
0.3847	-0.3318	0.5080	-0.7118
0.3796	-0.3301	0.5030	-0.7158
0.3742	-0.3286	0.4980	-0.7207
0.3691	-0.3269	0.4930	-0.7248
0.3637	-0.3254	0.4880	-0.7300
0.3594	-0.3241	0.4840	-0.7338
0.3548	-0.3233	0.4800	-0.7390
0.3499	-0.3213	0.4750	-0.7428
0.3453	-0.3204	0.4710	-0.7480
0.3411	-0.3190	0.4670	-0.7520
0.3365	-0.3180	0.4630	-0.7570
0.3324	-0.3166	0.4590	-0.7610
0.3279	-0.3154	0.4550	-0.7660
0.3245	-0.3147	0.4520	-0.7701
0.3203	-0.3132	0.4480	-0.7742
0.3159	-0.3120	0.4440	-0.7791
0.3118	-0.3104	0.4400	-0.7832
0.3082	-0.3098	0.4370	-0.7881
0.3048	-0.3090	0.4340	-0.7922
0.3005	-0.3076	0.4300	-0.7971
0.2972	-0.3066	0.4270	-0.8011
0.2938	-0.3057	0.4240	-0.8052
0.2902	-0.3050	0.4210	-0.8101
0.2862	-0.3032	0.4170	-0.8143
0.2827	-0.3025	0.4140	-0.8191
0.2794	-0.3014	0.4110	-0.8233
0.2758	-0.3006	0.4080	-0.8284
0.2726	-0.2995	0.4050	-0.8323
0.2691	-0.2987	0.4020	-0.8375
0.2666	-0.2982	0.4000	-0.8413
0.2634	-0.2970	0.3970	-0.8453
0.2599	-0.2961	0.3940	-0.8505
0.2574	-0.2956	0.3920	-0.8543
0.2539	-0.2947	0.3890	-0.8595
0.2508	-0.2934	0.3860	-0.8636
0.2480	-0.2931	0.3840	-0.8685
0.2449	-0.2919	0.3810	-0.8726
0.2416	-0.2907	0.3780	-0.8775
0.2391	-0.2902	0.3760	-0.8817
0.2367	-0.2896	0.3740	-0.8857
0.2333	-0.2884	0.3710	-0.8906
0.2309	-0.2878	0.3690	-0.8947
0.2283	-0.2874	0.3670	-0.8996
0.2258	-0.2868	0.3650	-0.9037
0.2234	-0.2861	0.3630	-0.9078
0.2202	-0.2848	0.3600	-0.9127
0.2178	-0.2841	0.3580	-0.9168
0.2152	-0.2836	0.3560	-0.9217
0.2128	-0.2829	0.3540	-0.9258
0.2096	-0.2815	0.3510	-0.9307
0.2073	-0.2808	0.3490	-0.9348
0.2050	-0.2800	0.3470	-0.9389
0.2024	-0.2794	0.3450	-0.9438
0.2001	-0.2786	0.3430	-0.9479
0.1984	-0.2786	0.3420	-0.9519
0.1959	-0.2779	0.3400	-0.9569
0.1936	-0.2771	0.3380	-0.9609
0.1911	-0.2764	0.3360	-0.9659
0.1888	-0.2755	0.3340	-0.9700
0.1871	-0.2755	0.3330	-0.9741
0.1847	-0.2747	0.3310	-0.9790
0.1824	-0.2738	0.3290	-0.9831
0.1799	-0.2731	0.3270	-0.9883
0.1783	-0.2729	0.3260	-0.9921
0.1761	-0.2720	0.3240	-0.9961
0.1737	-0.2711	0.3220	-1.0010
0.1720	-0.2710	0.3210	-1.0051
0.1696	-0.2702	0.3190	-1.0103
0.1680	-0.2700	0.3180	-1.0142
0.1658	-0.2690	0.3160	-1.0183
0.1634	-0.2681	0.3140	-1.0235
0.1619	-0.2679	0.3130	-1.0273
0.1603	-0.2677	0.3120	-1.0313
0.1579	-0.2668	0.3100	-1.0365
0.1563	-0.2665	0.3090	-1.0403
0.1540	-0.2656	0.3070	-1.0455
0.1524	-0.2654	0.3060	-1.0496
0.1503	-0.2642	0.3040	-1.0537
0.1485	-0.2641	0.3030	-1.0586
0.1469	-0.2638	0.3020	-1.0627
0.1449	-0.2627	0.3000	-1.0668
0.1431	-0.2625	0.2990	-1.0717
0.1411	-0.2614	0.2970	-1.0758
0.1393	-0.2612	0.2960	-1.0810
0.1377	-0.2609	0.2950	-1.0851
0.1363	-0.2605	0.2940	-1.0888
0.1347	-0.2602	0.2930	-1.0930
0.1325	-0.2591	0.2910	-1.0981
0.1310	-0.2587	0.2900	-1.1023
0.1292	-0.2585	0.2890	-1.1072
0.1277	-0.2581	0.2880	-1.1113
0.1258	-0.2568	0.2860	-1.1153
0.1241	-0.2566	0.2850	-1.1202
0.1226	-0.2562	0.2840	-1.1243
0.1211	-0.2558	0.2830	-1.1284
0.1194	-0.2555	0.2820	-1.1336
0.1180	-0.2550	0.2810	-1.1374
0.1158	-0.2538	0.2790	-1.1426
0.1144	-0.2534	0.2780	-1.1467
0.1130	-0.2529	0.2770	-1.1508
0.1120	-0.2534	0.2770	-1.1546
0.1103	-0.2530	0.2760	-1.1598
0.1088	-0.2525	0.2750	-1.1639
0.1074	-0.2521	0.2740	-1.1679
0.1054	-0.2507	0.2720	-1.1728
0.1044	-0.2512	0.2720	-1.1769
0.1030	-0.2507	0.2710	-1.1811
0.1020	-0.2511	0.2710	-1.1851
0.1000	-0.2497	0.2690	-1.1901
0.0986	-0.2492	0.2680	-1.1941
0.0969	-0.2488	0.2670	-1.1993
0.0956	-0.2482	0.2660	-1.2031
0.0942	-0.2477	0.2650	-1.2072
0.0932	-0.2481	0.2650	-1.2114
0.0916	-0.2476	0.2640	-1.2165
0.0902	-0.2470	0.2630	-1.2206
0.0889	-0.2465	0.2620	-1.2247
0.0873	-0.2460	0.2610	-1.2296
0.0860	-0.2454	0.2600	-1.2337
0.0847	-0.2448	0.2590	-1.2377
0.0837	-0.2451	0.2590	-1.2419
0.0827	-0.2454	0.2590	-1.2457
0.0820	-0.2467	0.2600	-1.2498
0.0801	-0.2452	0.2580	-1.2550
0.0788	-0.2446	0.2570	-1.2590
0.0770	-0.2431	0.2550	-1.2640
0.0757	-0.2424	0.2540	-1.2680
0.0742	-0.2419	0.2530	-1.2732
0.0733	-0.2422	0.2530	-1.2770
0.0720	-0.2415	0.2520	-1.2812
0.0710	-0.2418	0.2520	-1.2852
0.0697	-0.2411	0.2510	-1.2893
0.0687	-0.2414	0.2510	-1.2934
0.0673	-0.2408	0.2500	-1.2983
0.0660	-0.2401	0.2490	-1.3024
0.0651	-0.2404	0.2490	-1.3065
0.0636	-0.2397	0.2480	-1.3116
0.0624	-0.2390	0.2470	-1.3155
0.0611	-0.2383	0.2460	-1.3196
0.0597	-0.2376	0.2450	-1.3248
0.0585	-0.2369	0.2440	-1.3288
0.0575	-0.2371	0.2440	-1.3329
0.0566	-0.2373	0.2440	-1.3368
0.0551	-0.2367	0.2430	-1.3419
0.0539	-0.2359	0.2420	-1.3461
0.0532	-0.2371	0.2430	-1.3501
0.0522	-0.2373	0.2430	-1.3542
0.0511	-0.2365	0.2420	-1.3581
0.0497	-0.2358	0.2410	-1.3632
0.0487	-0.2360	0.2410	-1.3674
0.0475	-0.2352	0.2400	-1.3714
0.0466	-0.2354	0.2400	-1.3752
0.0455	-0.2346	0.2390	-1.3793
0.0441	-0.2339	0.2380	-1.3845
0.0431	-0.2341	0.2380	-1.3885
0.0420	-0.2332	0.2370	-1.3927
0.0411	-0.2334	0.2370	-1.3965
0.0401	-0.2336	0.2370	-1.4006
0.0388	-0.2328	0.2360	-1.4058
0.0377	-0.2320	0.2350	-1.4098
0.0367	-0.2321	0.2350	-1.4139
0.0358	-0.2323	0.2350	-1.4178
0.0349	-0.2324	0.2350	-1.4218
0.0334	-0.2306	0.2330	-1.4270
0.0323	-0.2297	0.2320	-1.4311
0.0314	-0.2299	0.2320	-1.4352
0.0305	-0.2300	0.2320	-1.4391
0.0295	-0.2301	0.2320	-1.4431
0.0286	-0.2302	0.2320	-1.4472
0.0274	-0.2294	0.2310	-1.4521
0.0264	-0.2295	0.2310	-1.4562
0.0255	-0.2296	0.2310	-1.4601
0.0247	-0.2297	0.2310	-1.4638
0.0236	-0.2288	0.2300	-1.4679
0.0227	-0.2289	0.2300	-1.4718
0.0215	-0.2280	0.2290	-1.4766
0.0205	-0.2271	0.2280	-1.4808
0.0196	-0.2272	0.2280	-1.4846
0.0187	-0.2272	0.2280	-1.4886
0.0178	-0.2273	0.2280	-1.4925
0.0167	-0.2264	0.2270	-1.4974
0.0157	-0.2255	0.2260	-1.5012
0.0148	-0.2255	0.2260	-1.5053
0.0139	-0.2256	0.2260	-1.5091
0.0130	-0.2256	0.2260	-1.5132
0.0121	-0.2257	0.2260	-1.5170
0.0112	-0.2257	0.2260	-1.5211
0.0104	-0.2258	0.2260	-1.5250
0.0095	-0.2258	0.2260	-1.5287
0.0083	-0.2248	0.2250	-1.5340
0.0074	-0.2239	0.2240	-1.5377
0.0063	-0.2229	0.2230	-1.5427
0.0054	-0.2229	0.2230	-1.5464
0.0045	-0.2220	0.2220	-1.5506
0.0036	-0.2220	0.2220	-1.5544
0.0027	-0.2220	0.2220	-1.5585
0.0019	-0.2220	0.2220	-1.5623
0.0008	-0.2210	0.2210	-1.5672
-0.0001	-0.2210	0.2210	-1.5713
-0.0010	-0.2210	0.2210	-1.5751
-0.0018	-0.2210	0.2210	-1.5789
-0.0027	-0.2210	0.2210	-1.5831
-0.0035	-0.2210	0.2210	-1.5868
-0.0044	-0.2210	0.2210	-1.5909
-0.0053	-0.2209	0.2210	-1.5948
-0.0062	-0.2199	0.2200	-1.5988
-0.0072	-0.2189	0.2190	-1.6038
-0.0078	-0.2199	0.2200	-1.6065
-0.0088	-0.2198	0.2200	-1.6106
-0.0098	-0.2188	0.2190	-1.6155
-0.0106	-0.2177	0.2180	-1.6193
-0.0114	-0.2177	0.2180	-1.6233
-0.0123	-0.2177	0.2180	-1.6272
-0.0132	-0.2176	0.2180	-1.6313
-0.0140	-0.2175	0.2180	-1.6351
-0.0150	-0.2165	0.2170	-1.6400
-0.0158	-0.2154	0.2160	-1.6439
-0.0167	-0.2164	0.2170	-1.6479
-0.0175	-0.2163	0.2170	-1.6517
-0.0183	-0.2152	0.2160	-1.6558
-0.0192	-0.2151	0.2160	-1.6597
-0.0200	-0.2151	0.2160	-1.6637
-0.0209	-0.2150	0.2160	-1.6675
-0.0217	-0.2149	0.2160	-1.6714
-0.0226	-0.2148	0.2160	-1.6755
-0.0234	-0.2147	0.2160	-1.6793
-0.0243	-0.2146	0.2160	-1.6834
-0.0252	-0.2135	0.2150	-1.6882
-0.0259	-0.2124	0.2140	-1.6921
-0.0268	-0.2123	0.2140	-1.6962
-0.0276	-0.2122	0.2140	-1.7000
-0.0284	-0.2121	0.2140	-1.7039
-0.0292	-0.2120	0.2140	-1.7079
-0.0301	-0.2119	0.2140	-1.7117
-0.0309	-0.2118	0.2140	-1.7159
-0.0317	-0.2116	0.2140	-1.7197
-0.0326	-0.2115	0.2140	-1.7237
-0.0334	-0.2114	0.2140	-1.7276
-0.0342	-0.2112	0.2140	-1.7314
-0.0351	-0.2111	0.2140	-1.7355
-0.0359	-0.2110	0.2140	-1.7392
-0.0367	-0.2108	0.2140	-1.7434
-0.0376	-0.2107	0.2140	-1.7472
-0.0384	-0.2095	0.2130	-1.7521
-0.0393	-0.2093	0.2130	-1.7562
-0.0401	-0.2092	0.2130	-1.7601
-0.0409	-0.2090	0.2130	-1.7638
-0.0417	-0.2089	0.2130	-1.7679
-0.0425	-0.2087	0.2130	-1.7717
-0.0434	-0.2085	0.2130	-1.7759
-0.0442	-0.2084	0.2130	-1.7796
-0.0450	-0.2082	0.2130	-1.7837
-0.0458	-0.2080	0.2130	-1.7876
-0.0466	-0.2078	0.2130	-1.7914
-0.0474	-0.2076	0.2130	-1.7954
-0.0482	-0.2075	0.2130	-1.7993
-0.0491	-0.2073	0.2130	-1.8034
-0.0499	-0.2071	0.2130	-1.8072
-0.0507	-0.2069	0.2130	-1.8112
-0.0515	-0.2067	0.2130	-1.8151
-0.0523	-0.2065	0.2130	-1.8189
-0.0532	-0.2063	0.2130	-1.8230
-0.0537	-0.2051	0.2120	-1.8268
-0.0545	-0.2049	0.2120	-1.8309
-0.0556	-0.2056	0.2130	-1.8347
-0.0564	-0.2054	0.2130	-1.8389
-0.0572	-0.2052	0.2130	-1.8429
-0.0580	-0.2049	0.2130	-1.8467
-0.0589	-0.2047	0.2130	-1.8508
-0.0594	-0.2035	0.2120	-1.8549
-0.0603	-0.2033	0.2120	-1.8590
-0.0613	-0.2040	0.2130	-1.8628
-0.0619	-0.2028	0.2120	-1.8670
-0.0630	-0.2035	0.2130	-1.8710
-0.0638	-0.2032	0.2130	-1.8748
-0.0646	-0.2030	0.2130	-1.8789
-0.0654	-0.2027	0.2130	-1.8830
-0.0663	-0.2024	0.2130	-1.8871
-0.0670	-0.2022	0.2130	-1.8909
-0.0679	-0.2019	0.2130	-1.8950
-0.0687	-0.2016	0.2130	-1.8991
-0.0695	-0.2013	0.2130	-1.9032
-0.0699	-0.2001	0.2120	-1.9070
-0.0708	-0.1998	0.2120	-1.9111
-0.0719	-0.2005	0.2130	-1.9152
-0.0723	-0.1993	0.2120	-1.9190
-0.0735	-0.1999	0.2130	-1.9231
-0.0743	-0.1996	0.2130	-1.9272
-0.0751	-0.1993	0.2130	-1.9313
-0.0759	-0.1990	0.2130	-1.9351
-0.0763	-0.1978	0.2120	-1.9391
-0.0775	-0.1984	0.2130	-1.9433
-0.0783	-0.1981	0.2130	-1.9474
-0.0791	-0.1978	0.2130	-1.9512
-0.0799	-0.1975	0.2130	-1.9553
-0.0809	-0.1981	0.2140	-1.9582
-0.0817	-0.1978	0.2140	-1.9623
-0.0822	-0.1965	0.2130	-1.9672
-0.0832	-0.1971	0.2140	-1.9703
-0.0840	-0.1968	0.2140	-1.9743
-0.0848	-0.1965	0.2140	-1.9785
-0.0857	-0.1961	0.2140	-1.9826
-0.0864	-0.1958	0.2140	-1.9863
-0.0876	-0.1963	0.2150	-1.9904
-0.0884	-0.1960	0.2150	-1.9946
-0.0894	-0.1966	0.2160	-1.9975
-0.0902	-0.1963	0.2160	-2.0017
-0.0907	-0.1949	0.2150	-2.0065
-0.0916	-0.1945	0.2150	-2.0107
-0.0926	-0.1952	0.2160	-2.0136
-0.0933	-0.1948	0.2160	-2.0175
-0.0941	-0.1944	0.2160	-2.0215
-0.0949	-0.1940	0.2160	-2.0256
-0.0957	-0.1936	0.2160	-2.0297
-0.0964	-0.1933	0.2160	-2.0336
-0.0972	-0.1929	0.2160	-2.0376
-0.0980	-0.1925	0.2160	-2.0417
-0.0988	-0.1921	0.2160	-2.0459
-0.0995	-0.1917	0.2160	-2.0496
-0.1003	-0.1913	0.2160	-2.0537
-0.1011	-0.1909	0.2160	-2.0578
-0.1023	-0.1914	0.2170	-2.0617
-0.1031	-0.1910	0.2170	-2.0657
-0.1038	-0.1905	0.2170	-2.0698
-0.1046	-0.1901	0.2170	-2.0739
-0.1053	-0.1897	0.2170	-2.0777
-0.1061	-0.1893	0.2170	-2.0818
-0.1072	-0.1898	0.2180	-2.0848
-0.1080	-0.1894	0.2180	-2.0889
-0.1087	-0.1889	0.2180	-2.0930
-0.1099	-0.1894	0.2190	-2.0968
-0.1107	-0.1889	0.2190	-2.1009
-0.1115	-0.1885	0.2190	-2.1050
-0.1126	-0.1890	0.2200	-2.1080
-0.1134	-0.1885	0.2200	-2.1121
-0.1141	-0.1881	0.2200	-2.1159
-0.1154	-0.1885	0.2210	-2.1200
-0.1161	-0.1880	0.2210	-2.1241
-0.1169	-0.1875	0.2210	-2.1282
-0.1176	-0.1871	0.2210	-2.1319
-0.1184	-0.1866	0.2210	-2.1361
-0.1191	-0.1861	0.2210	-2.1402
-0.1199	-0.1857	0.2210	-2.1442
-0.1206	-0.1852	0.2210	-2.1481
-0.1214	-0.1847	0.2210	-2.1522
-0.1225	-0.1852	0.2220	-2.1551
-0.1238	-0.1855	0.2230	-2.1593
-0.1245	-0.1850	0.2230	-2.1633
-0.1257	-0.1854	0.2240	-2.1664
-0.1264	-0.1849	0.2240	-2.1704
-0.1271	-0.1844	0.2240	-2.1742
-0.1279	-0.1839	0.2240	-2.1783
-0.1286	-0.1834	0.2240	-2.1825
-0.1293	-0.1829	0.2240	-2.1862
-0.1301	-0.1824	0.2240	-2.1903
-0.1314	-0.1826	0.2250	-2.1945
-0.1325	-0.1831	0.2260	-2.1974
-0.1333	-0.1825	0.2260	-2.2016
-0.1340	-0.1820	0.2260	-2.2054
-0.1347	-0.1815	0.2260	-2.2094
-0.1361	-0.1817	0.2270	-2.2135
-0.1368	-0.1811	0.2270	-2.2177
-0.1375	-0.1806	0.2270	-2.2214
-0.1382	-0.1801	0.2270	-2.2255
-0.1390	-0.1795	0.2270	-2.2296
-0.1397	-0.1789	0.2270	-2.2337
-0.1409	-0.1793	0.2280	-2.2367
-0.1422	-0.1795	0.2290	-2.2408
-0.1434	-0.1798	0.2300	-2.2438
-0.1447	-0.1801	0.2310	-2.2476
-0.1459	-0.1804	0.2320	-2.2509
-0.1462	-0.1789	0.2310	-2.2558
-0.1469	-0.1783	0.2310	-2.2598
-0.1481	-0.1786	0.2320	-2.2629
-0.1488	-0.1780	0.2320	-2.2669
-0.1495	-0.1774	0.2320	-2.2708
-0.1502	-0.1768	0.2320	-2.2749
-0.1509	-0.1762	0.2320	-2.2790
-0.1522	-0.1764	0.2330	-2.2828
-0.1529	-0.1758	0.2330	-2.2869
-0.1537	-0.1751	0.2330	-2.2910
-0.1544	-0.1745	0.2330	-2.2950
-0.1557	-0.1747	0.2340	-2.2989
-0.1569	-0.1749	0.2350	-2.3021
-0.1576	-0.1743	0.2350	-2.3060
-0.1583	-0.1737	0.2350	-2.3101
-0.1590	-0.1730	0.2350	-2.3141
-0.1597	-0.1724	0.2350	-2.3182
-0.1611	-0.1725	0.2360	-2.3221
-0.1623	-0.1727	0.2370	-2.3250
-0.1637	-0.1728	0.2380	-2.3292
-0.1644	-0.1721	0.2380	-2.3333
-0.1651	-0.1714	0.2380	-2.3373
-0.1663	-0.1717	0.2390	-2.3404
-0.1669	-0.1710	0.2390	-2.3441
-0.1683	-0.1711	0.2400	-2.3482
-0.1698	-0.1711	0.2410	-2.3524
-0.1704	-0.1704	0.2410	-2.3564
-0.1711	-0.1697	0.2410	-2.3602
-0.1724	-0.1699	0.2420	-2.3635
-0.1737	-0.1699	0.2430	-2.3673
-0.1749	-0.1701	0.2440	-2.3703
-0.1756	-0.1694	0.2440	-2.3744
-0.1763	-0.1686	0.2440	-2.3785
-0.1770	-0.1679	0.2440	-2.3826
-0.1784	-0.1679	0.2450	-2.3864
-0.1791	-0.1672	0.2450	-2.3905
-0.1798	-0.1665	0.2450	-2.3946
-0.1804	-0.1657	0.2450	-2.3987
-0.1817	-0.1658	0.2460	-2.4017
-0.1838	-0.1665	0.2480	-2.4058
-0.1851	-0.1666	0.2490	-2.4087
-0.1857	-0.1659	0.2490	-2.4126
-0.1864	-0.1651	0.2490	-2.4167
-0.1878	-0.1650	0.2500	-2.4208
-0.1885	-0.1642	0.2500	-2.4248
-0.1891	-0.1635	0.2500	-2.4287
-0.1904	-0.1635	0.2510	-2.4319
-0.1918	-0.1635	0.2520	-2.4358
-0.1932	-0.1633	0.2530	-2.4399
-0.1945	-0.1634	0.2540	-2.4429
-0.1959	-0.1632	0.2550	-2.4470
-0.1966	-0.1624	0.2550	-2.4510
-0.1972	-0.1617	0.2550	-2.4548
-0.1986	-0.1615	0.2560	-2.4590
-0.1999	-0.1615	0.2570	-2.4619
-0.2013	-0.1613	0.2580	-2.4661
-0.2020	-0.1605	0.2580	-2.4701
-0.2033	-0.1605	0.2590	-2.4732
-0.2039	-0.1597	0.2590	-2.4772
-0.2053	-0.1595	0.2600	-2.4810
-0.2068	-0.1593	0.2610	-2.4851
-0.2074	-0.1584	0.2610	-2.4893
-0.2087	-0.1584	0.2620	-2.4922
-0.2101	-0.1582	0.2630	-2.4964
-0.2107	-0.1574	0.2630	-2.5001
-0.2122	-0.1571	0.2640	-2.5042
-0.2134	-0.1571	0.2650	-2.5072
-0.2141	-0.1562	0.2650	-2.5113
-0.2155	-0.1559	0.2660	-2.5154
-0.2170	-0.1556	0.2670	-2.5195
-0.2183	-0.1555	0.2680	-2.5225
-0.2188	-0.1547	0.2680	-2.5263
-0.2203	-0.1544	0.2690	-2.5304
-0.2218	-0.1540	0.2700	-2.5345
-0.2230	-0.1539	0.2710	-2.5375
-0.2245	-0.1536	0.2720	-2.5416
-0.2259	-0.1532	0.2730	-2.5456
-0.2265	-0.1524	0.2730	-2.5495
-0.2278	-0.1522	0.2740	-2.5525
-0.2293	-0.1519	0.2750	-2.5566
-0.2307	-0.1515	0.2760	-2.5607
-0.2320	-0.1513	0.2770	-2.5637
-0.2335	-0.1509	0.2780	-2.5678
-0.2349	-0.1506	0.2790	-2.5716
-0.2362	-0.1503	0.2800	-2.5749
-0.2368	-0.1494	0.2800	-2.5787
-0.2383	-0.1490	0.2810	-2.5827
-0.2397	-0.1485	0.2820	-2.5869
-0.2403	-0.1475	0.2820	-2.5910
-0.2425	-0.1479	0.2840	-2.5940
-0.2439	-0.1475	0.2850	-2.5978
-0.2452	-0.1472	0.2860	-2.6008
-0.2466	-0.1467	0.2870	-2.6049
-0.2472	-0.1457	0.2870	-2.6089
-0.2487	-0.1452	0.2880	-2.6130
-0.2509	-0.1455	0.2900	-2.6160
-0.2523	-0.1450	0.2910	-2.6198
-0.2529	-0.1440	0.2910	-2.6240
-0.2543	-0.1435	0.2920	-2.6280
-0.2556	-0.1432	0.2930	-2.6311
-0.2571	-0.1426	0.2940	-2.6351
-0.2594	-0.1426	0.2960	-2.6389
-0.2607	-0.1423	0.2970	-2.6419
-0.2621	-0.1417	0.2980	-2.6460
-0.2636	-0.1411	0.2990	-2.6501
-0.2649	-0.1408	0.3000	-2.6531
-0.2664	-0.1402	0.3010	-2.6572
-0.2678	-0.1396	0.3020	-2.6611
-0.2692	-0.1390	0.3030	-2.6651
-0.2706	-0.1386	0.3040	-2.6682
-0.2720	-0.1380	0.3050	-2.6722
-0.2735	-0.1373	0.3060	-2.6763
-0.2749	-0.1367	0.3070	-2.6802
-0.2771	-0.1367	0.3090	-2.6834
-0.2785	-0.1361	0.3100	-2.6872
-0.2800	-0.1354	0.3110	-2.6913
-0.2813	-0.1349	0.3120	-2.6943
-0.2828	-0.1342	0.3130	-2.6984
-0.2842	-0.1336	0.3140	-2.7022
-0.2864	-0.1335	0.3160	-2.7055
-0.2878	-0.1328	0.3170	-2.7093
-0.2893	-0.1320	0.3180	-2.7134
-0.2915	-0.1320	0.3200	-2.7164
-0.2930	-0.1312	0.3210	-2.7205
-0.2944	-0.1304	0.3220	-2.7245
-0.2958	-0.1297	0.3230	-2.7284
-0.2971	-0.1292	0.3240	-2.7313
-0.2995	-0.1288	0.3260	-2.7355
-0.3009	-0.1279	0.3270	-2.7396
-0.3022	-0.1274	0.3280	-2.7426
-0.3046	-0.1270	0.3300	-2.7467
-0.3060	-0.1262	0.3310	-2.7505
-0.3082	-0.1260	0.3330	-2.7535
-0.3097	-0.1251	0.3340	-2.7576
-0.3120	-0.1246	0.3360	-2.7616
-0.3133	-0.1241	0.3370	-2.7646
-0.3157	-0.1235	0.3390	-2.7687
-0.3180	-0.1230	0.3410	-2.7726
-0.3193	-0.1224	0.3420	-2.7755
-0.3208	-0.1214	0.3430	-2.7797
-0.3232	-0.1208	0.3450	-2.7838
-0.3254	-0.1206	0.3470	-2.7868
-0.3268	-0.1196	0.3480	-2.7909
-0.3291	-0.1190	0.3500	-2.7946
-0.3306	-0.1180	0.3510	-2.7987
-0.3328	-0.1177	0.3530	-2.8017
-0.3352	-0.1170	0.3550	-2.8058
-0.3374	-0.1166	0.3570	-2.8088
-0.3398	-0.1159	0.3590	-2.8129
-0.3412	-0.1148	0.3600	-2.8171
-0.3434	-0.1144	0.3620	-2.8200
-0.3458	-0.1137	0.3640	-2.8239
-0.3481	-0.1129	0.3660	-2.8279
-0.3504	-0.1125	0.3680	-2.8310
-0.3518	-0.1114	0.3690	-2.8350
-0.3542	-0.1105	0.3710	-2.8391
-0.3564	-0.1101	0.3730	-2.8421
-0.3587	-0.1093	0.3750	-2.8459
-0.3611	-0.1084	0.3770	-2.8500
-0.3633	-0.1079	0.3790	-2.8530
-0.3657	-0.1069	0.3810	-2.8571
-0.3690	-0.1063	0.3840	-2.8612
-0.3712	-0.1057	0.3860	-2.8642
-0.3736	-0.1048	0.3880	-2.8681
-0.3759	-0.1038	0.3900	-2.8721
-0.3782	-0.1032	0.3920	-2.8751
-0.3815	-0.1025	0.3950	-2.8792
-0.3837	-0.1018	0.3970	-2.8822
-0.3861	-0.1008	0.3990	-2.8863
-0.3884	-0.0997	0.4010	-2.8904
-0.3916	-0.0993	0.4040	-2.8934
-0.3939	-0.0982	0.4060	-2.8972
-0.3973	-0.0973	0.4090	-2.9013
-0.3995	-0.0966	0.4110	-2.9043
-0.4028	-0.0957	0.4140	-2.9084
-0.4060	-0.0951	0.4170	-2.9114
-0.4083	-0.0940	0.4190	-2.9154
-0.4116	-0.0931	0.4220	-2.9193
-0.4148	-0.0924	0.4250	-2.9225
-0.4171	-0.0912	0.4270	-2.9264
-0.4205	-0.0901	0.4300	-2.9305
-0.4237	-0.0895	0.4330	-2.9335
-0.4269	-0.0885	0.4360	-2.9373
-0.4302	-0.0873	0.4390	-2.9414
-0.4334	-0.0867	0.4420	-2.9441
-0.4367	-0.0856	0.4450	-2.9479
-0.4399	-0.0849	0.4480	-2.9509
-0.4431	-0.0838	0.4510	-2.9547
-0.4464	-0.0825	0.4540	-2.9589
-0.4506	-0.0820	0.4580	-2.9615
-0.4539	-0.0808	0.4610	-2.9654
-0.4580	-0.0802	0.4650	-2.9683
-0.4613	-0.0789	0.4680	-2.9722
-0.4646	-0.0775	0.4710	-2.9763
-0.4687	-0.0769	0.4750	-2.9790
-0.4730	-0.0757	0.4790	-2.9828
-0.4762	-0.0742	0.4820	-2.9869
-0.4804	-0.0736	0.4860	-2.9896
-0.4847	-0.0722	0.4900	-2.9938
-0.4888	-0.0715	0.4940	-2.9964
-0.4930	-0.0701	0.4980	-3.0003
-0.4963	-0.0685	0.5010	-3.0044
-0.5004	-0.0677	0.5050	-3.0071
-0.5047	-0.0662	0.5090	-3.0112
-0.5098	-0.0655	0.5140	-3.0139
-0.5140	-0.0640	0.5180	-3.0177
-0.5183	-0.0624	0.5220	-3.0218
-0.5224	-0.0614	0.5260	-3.0245
-0.5266	-0.0599	0.5300	-3.0284
-0.5327	-0.0590	0.5360	-3.0313
-0.5369	-0.0574	0.5400	-3.0352
-0.5412	-0.0556	0.5440	-3.0393
-0.5275	-0.0510	0.5300	-3.0452
-0.5337	-0.0501	0.5360	-3.0480
-0.5378	-0.0482	0.5400	-3.0521
-0.5440	-0.0467	0.5460	-3.0559
-0.5481	-0.0454	0.5500	-3.0589
-0.5543	-0.0437	0.5560	-3.0630
-0.5584	-0.0423	0.5600	-3.0660
-0.5646	-0.0404	0.5660	-3.0701
-0.5707	-0.0391	0.5720	-3.0731
-0.5768	-0.0374	0.5780	-3.0769
-0.5809	-0.0352	0.5820	-3.0810
-0.5890	-0.0340	0.5900	-3.0840
-0.5932	-0.0318	0.5940	-3.0881
-0.5992	-0.0303	0.6000	-3.0911
-0.6073	-0.0282	0.6080	-3.0952
-0.6135	-0.0260	0.6140	-3.0993
-0.6195	-0.0244	0.6200	-3.1023
-0.6256	-0.0222	0.6260	-3.1061
-0.6337	-0.0204	0.6340	-3.1094
-0.6397	-0.0182	0.6400	-3.1132
-0.6458	-0.0157	0.6460	-3.1172
-0.6539	-0.0139	0.6540	-3.1203
-0.6619	-0.0114	0.6620	-3.1243
-0.6679	-0.0095	0.6680	-3.1274
-0.6760	-0.0069	0.6760	-3.1314
-0.6840	-0.0049	0.6840	-3.1345
-0.6920	-0.0023	0.6920	-3.1382
-0.5833	-0.0280	0.5840	-3.0936
-0.5914	-0.0267	0.5920	-3.0965
-0.5975	-0.0246	0.5980	-3.1004
-0.6056	-0.0232	0.6060	-3.1033
-0.6116	-0.0209	0.6120	-3.1075
-0.6177	-0.0193	0.6180	-3.1104
-0.6238	-0.0170	0.6240	-3.1143
-0.6338	-0.0154	0.6340	-3.1172
-0.6419	-0.0130	0.6420	-3.1214
-0.6499	-0.0114	0.6500	-3.1240
-0.6579	-0.0088	0.6580	-3.1282
-0.6680	-0.0070	0.6680	-3.1311
-0.6760	-0.0045	0.6760	-3.1350
-0.6840	-0.0024	0.6840	-3.1380
-0.5749	-0.0352	0.5760	-3.0804
-0.5830	-0.0335	0.5840	-3.0843
-0.5891	-0.0322	0.5900	-3.0870
-0.5972	-0.0304	0.5980	-3.0908
-0.6053	-0.0289	0.6060	-3.0938
-0.6114	-0.0269	0.6120	-3.0977
-0.6195	-0.0254	0.6200	-3.1007
-0.6276	-0.0233	0.6280	-3.1045
-0.6356	-0.0219	0.6360	-3.1072
-0.6437	-0.0195	0.6440	-3.1113
-0.6518	-0.0180	0.6520	-3.1140
-0.6598	-0.0157	0.6600	-3.1178
-0.6699	-0.0139	0.6700	-3.1208
-0.6779	-0.0115	0.6780	-3.1246
-0.6879	-0.0098	0.6880	-3.1274
-0.6980	-0.0071	0.6980	-3.1314
-0.7080	-0.0052	0.7080	-3.1342
-0.7180	-0.0025	0.7180	-3.1380
-0.7280	-0.0004	0.7280	-3.1410
-0.7517	-0.0216	0.7520	-3.1129
-0.7498	-0.0186	0.7500	-3.1168
-0.7478	-0.0156	0.7480	-3.1208
-0.7459	-0.0127	0.7460	-3.1246
-0.7419	-0.0090	0.7420	-3.1295
-0.7420	-0.0061	0.7420	-3.1333
-0.7420	-0.0033	0.7420	-3.1372
-0.7380	-0.0002	0.7380	-3.1413
