x	y	r	phi
-0.2409	0.9685	0.9980	1.8146
-0.2363	0.9655	0.9940	1.8109
-0.2314	0.9626	0.9900	1.8067
-0.2270	0.9616	0.9880	1.8026
-0.2222	0.9586	0.9840	1.7986
-0.2166	0.9558	0.9800	1.7936
-0.2123	0.9547	0.9780	1.7896
-0.2078	0.9516	0.9740	1.7857
-0.2030	0.9485	0.9700	1.7816
-0.1988	0.9474	0.9680	1.7776
-0.1940	0.9443	0.9640	1.7735
-0.1898	0.9431	0.9620	1.7694
-0.1856	0.9419	0.9600	1.7653
-0.1809	0.9387	0.9560	1.7612
-0.1763	0.9355	0.9520	1.7571
-0.1722	0.9343	0.9500	1.7531
-0.1680	0.9330	0.9480	1.7489
-0.1625	0.9299	0.9440	1.7438
-0.1583	0.9286	0.9420	1.7396
-0.1542	0.9273	0.9400	1.7356
-0.1501	0.9259	0.9380	1.7315
-0.1463	0.9265	0.9380	1.7274
-0.1422	0.9251	0.9360	1.7233
-0.1373	0.9198	0.9300	1.7189
-0.1329	0.9164	0.9260	1.7148
-0.1289	0.9150	0.9240	1.7108
-0.1246	0.9115	0.9200	1.7066
-0.1201	0.9061	0.9140	1.7025
-0.1151	0.9027	0.9100	1.6976
-0.1124	0.9050	0.9120	1.6944
-0.1075	0.9036	0.9100	1.6892
-0.1035	0.9021	0.9080	1.6851
-0.0997	0.9005	0.9060	1.6811
-0.0958	0.8989	0.9040	1.6769
-0.0919	0.8973	0.9020	1.6728
-0.0880	0.8957	0.9000	1.6688
-0.0842	0.8940	0.8980	1.6647
-0.0803	0.8924	0.8960	1.6605
-0.0764	0.8887	0.8920	1.6565
-0.0725	0.8870	0.8900	1.6524
-0.0687	0.8853	0.8880	1.6483
-0.0652	0.8856	0.8880	1.6442
-0.0612	0.8819	0.8840	1.6401
-0.0575	0.8801	0.8820	1.6360
-0.0538	0.8784	0.8800	1.6320
-0.0491	0.8766	0.8780	1.6268
-0.0453	0.8728	0.8740	1.6227
-0.0419	0.8770	0.8780	1.6185
-0.0384	0.8772	0.8780	1.6145
-0.0344	0.8693	0.8700	1.6104
-0.0306	0.8635	0.8640	1.6063
-0.0271	0.8616	0.8620	1.6022
-0.0236	0.8637	0.8640	1.5981
-0.0198	0.8638	0.8640	1.5937
-0.0163	0.8618	0.8620	1.5897
-0.0127	0.8599	0.8600	1.5856
-0.0091	0.8580	0.8580	1.5814
-0.0057	0.8560	0.8560	1.5774
-0.0021	0.8540	0.8540	1.5733
0.0014	0.8520	0.8520	1.5692
0.0048	0.8500	0.8500	1.5651
0.0083	0.8500	0.8500	1.5610
0.0118	0.8479	0.8480	1.5569
0.0161	0.8458	0.8460	1.5517
0.0195	0.8438	0.8440	1.5477
0.0229	0.8417	0.8420	1.5436
0.0263	0.8396	0.8400	1.5394
0.0297	0.8395	0.8400	1.5354
0.0331	0.8373	0.8380	1.5313
0.0365	0.8372	0.8380	1.5272
0.0398	0.8351	0.8360	1.5231
0.0432	0.8329	0.8340	1.5190
0.0466	0.8327	0.8340	1.5149
0.0498	0.8305	0.8320	1.5109
0.0531	0.8283	0.8300	1.5068
0.0566	0.8261	0.8280	1.5024
0.0600	0.8258	0.8280	1.4983
0.0632	0.8236	0.8260	1.4942
0.0664	0.8213	0.8240	1.4902
0.0696	0.8190	0.8220	1.4860
0.0728	0.8168	0.8200	1.4819
0.0761	0.8165	0.8200	1.4779
0.0802	0.8141	0.8180	1.4726
0.0835	0.8137	0.8180	1.4686
0.0866	0.8114	0.8160	1.4645
0.0897	0.8090	0.8140	1.4603
0.0930	0.8087	0.8140	1.4563
0.0961	0.8063	0.8120	1.4522
0.0994	0.8059	0.8120	1.4481
0.1024	0.8035	0.8100	1.4441
0.1060	0.8051	0.8120	1.4399
0.1087	0.8006	0.8080	1.4358
0.1117	0.7982	0.8060	1.4318
0.1147	0.7958	0.8040	1.4277
0.1186	0.7993	0.8080	1.4235
0.1218	0.7988	0.8080	1.4195
0.1241	0.7923	0.8020	1.4154
0.1268	0.7879	0.7980	1.4113
0.1302	0.7873	0.7980	1.4069
0.1334	0.7868	0.7980	1.4028
0.1366	0.7862	0.7980	1.3988
0.1395	0.7837	0.7960	1.3947
0.1427	0.7831	0.7960	1.3906
0.1458	0.7825	0.7960	1.3865
0.1487	0.7800	0.7940	1.3824
0.1519	0.7793	0.7940	1.3783
0.1553	0.7766	0.7920	1.3734
0.1583	0.7760	0.7920	1.3696
0.1614	0.7754	0.7920	1.3655
0.1640	0.7728	0.7900	1.3617
0.1672	0.7721	0.7900	1.3576
0.1697	0.7695	0.7880	1.3537
0.1728	0.7688	0.7880	1.3497
0.1757	0.7682	0.7880	1.3459
0.1785	0.7655	0.7860	1.3418
0.1814	0.7648	0.7860	1.3379
0.1845	0.7640	0.7860	1.3339
0.1869	0.7614	0.7840	1.3301
0.1894	0.7587	0.7820	1.3262
0.1925	0.7579	0.7820	1.3221
0.1953	0.7572	0.7820	1.3184
0.1984	0.7564	0.7820	1.3142
0.2008	0.7537	0.7800	1.3104
0.2039	0.7529	0.7800	1.3063
0.2067	0.7521	0.7800	1.3025
0.2093	0.7493	0.7780	1.2984
0.2122	0.7485	0.7780	1.2946
0.2153	0.7476	0.7780	1.2905
0.2180	0.7468	0.7780	1.2867
0.2206	0.7440	0.7760	1.2826
0.2234	0.7431	0.7760	1.2788
0.2263	0.7423	0.7760	1.2749
0.2287	0.7395	0.7740	1.2709
0.2315	0.7386	0.7740	1.2671
0.2345	0.7376	0.7740	1.2629
0.2374	0.7367	0.7740	1.2591
0.2403	0.7357	0.7740	1.2551
0.2431	0.7348	0.7740	1.2512
0.2462	0.7338	0.7740	1.2471
0.2483	0.7310	0.7720	1.2433
0.2506	0.7281	0.7700	1.2393
0.2534	0.7271	0.7700	1.2354
0.2562	0.7261	0.7700	1.2316
0.2592	0.7251	0.7700	1.2275
0.2619	0.7241	0.7700	1.2237
0.2649	0.7230	0.7700	1.2196
0.2677	0.7198	0.7680	1.2147
0.2705	0.7188	0.7680	1.2109
0.2734	0.7177	0.7680	1.2068
0.2755	0.7148	0.7660	1.2029
0.2783	0.7136	0.7660	1.1989
0.2818	0.7144	0.7680	1.1951
0.2848	0.7133	0.7680	1.1909
0.2867	0.7103	0.7660	1.1871
0.2896	0.7091	0.7660	1.1831
0.2923	0.7080	0.7660	1.1792
0.2950	0.7069	0.7660	1.1754
0.2972	0.7038	0.7640	1.1713
0.2998	0.7027	0.7640	1.1676
0.3027	0.7015	0.7640	1.1634
0.3062	0.7021	0.7660	1.1596
0.3107	0.7067	0.7720	1.1566
0.3144	0.7073	0.7740	1.1525
0.3155	0.7024	0.7700	1.1487
0.3164	0.6954	0.7640	1.1438
0.3193	0.6941	0.7640	1.1397
0.3210	0.6911	0.7620	1.1359
0.3230	0.6879	0.7600	1.1318
0.3265	0.6885	0.7620	1.1280
0.3292	0.6872	0.7620	1.1241
0.3311	0.6841	0.7600	1.1201
0.3337	0.6828	0.7600	1.1163
0.3374	0.6832	0.7620	1.1121
0.3409	0.6837	0.7640	1.1083
0.3445	0.6841	0.7660	1.1043
0.3481	0.6846	0.7680	1.1004
0.3509	0.6832	0.7680	1.0963
0.3535	0.6818	0.7680	1.0925
0.3553	0.6786	0.7660	1.0885
0.3570	0.6755	0.7640	1.0846
0.3596	0.6741	0.7640	1.0808
0.3623	0.6726	0.7640	1.0767
0.3639	0.6695	0.7620	1.0729
0.3676	0.6697	0.7640	1.0688
0.3702	0.6683	0.7640	1.0650
0.3729	0.6668	0.7640	1.0608
0.3754	0.6654	0.7640	1.0571
0.3792	0.6656	0.7660	1.0530
0.3817	0.6641	0.7660	1.0491
0.3844	0.6625	0.7660	1.0450
0.3869	0.6611	0.7660	1.0413
0.3896	0.6595	0.7660	1.0372
0.3932	0.6597	0.7680	1.0333
0.3957	0.6582	0.7680	1.0295
0.3984	0.6566	0.7680	1.0255
0.4009	0.6551	0.7680	1.0216
0.4036	0.6534	0.7680	1.0175
0.4061	0.6519	0.7680	1.0137
0.4087	0.6502	0.7680	1.0096
0.4118	0.6507	0.7700	1.0066
0.4142	0.6491	0.7700	1.0028
0.4169	0.6474	0.7700	0.9987
0.4193	0.6458	0.7700	0.9949
0.4231	0.6457	0.7720	0.9908
0.4255	0.6441	0.7720	0.9870
0.4282	0.6424	0.7720	0.9829
0.4308	0.6406	0.7720	0.9788
0.4344	0.6406	0.7740	0.9749
0.4370	0.6389	0.7740	0.9709
0.4394	0.6372	0.7740	0.9671
0.4420	0.6354	0.7740	0.9630
0.4446	0.6336	0.7740	0.9589
0.4482	0.6335	0.7760	0.9551
0.4508	0.6316	0.7760	0.9510
0.4532	0.6299	0.7760	0.9471
0.4557	0.6281	0.7760	0.9431
0.4595	0.6278	0.7780	0.9390
0.4619	0.6260	0.7780	0.9352
0.4621	0.6209	0.7740	0.9310
0.4656	0.6208	0.7760	0.9273
0.4766	0.6300	0.7900	0.9232
0.4780	0.6265	0.7880	0.9190
0.4755	0.6183	0.7800	0.9152
0.4780	0.6164	0.7800	0.9112
0.4816	0.6161	0.7820	0.9073
0.4841	0.6141	0.7820	0.9032
0.4866	0.6122	0.7820	0.8992
0.4902	0.6119	0.7840	0.8954
0.4927	0.6098	0.7840	0.8912
0.4963	0.6095	0.7860	0.8874
0.5013	0.6106	0.7900	0.8834
0.5070	0.6137	0.7960	0.8803
0.6073	0.7175	0.9400	0.8683
0.6115	0.7165	0.9420	0.8643
0.6143	0.7142	0.9420	0.8605
0.6185	0.7131	0.9440	0.8563
0.6214	0.7106	0.9440	0.8522
0.6241	0.7083	0.9440	0.8485
0.6276	0.7078	0.9460	0.8454
0.6304	0.7053	0.9460	0.8414
0.6345	0.7044	0.9480	0.8376
0.6387	0.7032	0.9500	0.8334
0.6416	0.7006	0.9500	0.8293
0.6442	0.6982	0.9500	0.8256
0.6485	0.6970	0.9520	0.8214
0.6525	0.6960	0.9540	0.8176
0.6567	0.6947	0.9560	0.8135
0.6595	0.6921	0.9560	0.8095
0.6622	0.6895	0.9560	0.8056
0.6664	0.6882	0.9580	0.8015
0.6690	0.6857	0.9580	0.7977
0.6718	0.6830	0.9580	0.7936
0.6760	0.6816	0.9600	0.7895
0.6800	0.6804	0.9620	0.7857
0.6828	0.6777	0.9620	0.7817
0.6868	0.6765	0.9640	0.7778
0.6910	0.6750	0.9660	0.7737
0.6952	0.6736	0.9680	0.7697
0.6992	0.6723	0.9700	0.7658
0.7019	0.6695	0.9700	0.7617
0.7060	0.6681	0.9720	0.7579
0.7086	0.6653	0.9720	0.7539
0.7128	0.6637	0.9740	0.7497
0.7169	0.6623	0.9760	0.7459
0.7107	0.6513	0.9640	0.7418
0.6709	0.6029	0.9020	0.7320
0.6719	0.5988	0.9000	0.7279
0.6712	0.5935	0.8960	0.7240
0.6721	0.5895	0.8940	0.7200
0.6745	0.5867	0.8940	0.7159
0.6768	0.5841	0.8940	0.7121
0.6806	0.5827	0.8960	0.7080
0.6829	0.5801	0.8960	0.7042
0.6853	0.5773	0.8960	0.7001
0.6906	0.5771	0.9000	0.6960
0.6944	0.5757	0.9020	0.6922
0.6999	0.5754	0.9060	0.6881
0.7036	0.5739	0.9080	0.6843
0.7086	0.5742	0.9120	0.6810
0.7108	0.5714	0.9120	0.6772
0.7146	0.5698	0.9140	0.6731
0.7184	0.5683	0.9160	0.6693
0.7223	0.5666	0.9180	0.6652
0.7309	0.5685	0.9260	0.6610
0.7362	0.5682	0.9300	0.6573
0.7401	0.5664	0.9320	0.6532
0.7439	0.5648	0.9340	0.6494
0.7462	0.5617	0.9340	0.6452
0.7485	0.5587	0.9340	0.6412
0.7538	0.5582	0.9380	0.6374
0.7545	0.5539	0.9360	0.6332
0.7534	0.5486	0.9320	0.6294
0.7589	0.5479	0.9360	0.6254
0.7644	0.5471	0.9400	0.6213
0.7682	0.5451	0.9420	0.6171
0.7727	0.5389	0.9420	0.6090
0.6939	0.4769	0.8420	0.6022
0.6892	0.4696	0.8340	0.5981
0.6878	0.4646	0.8300	0.5940
0.6847	0.4584	0.8240	0.5899
0.6559	0.4295	0.7840	0.5798
0.6526	0.4236	0.7780	0.5757
0.6510	0.4187	0.7740	0.5716
0.6526	0.4161	0.7740	0.5676
0.6544	0.4134	0.7740	0.5635
0.6594	0.4128	0.7780	0.5593
0.6628	0.4112	0.7800	0.5553
0.6662	0.4095	0.7820	0.5512
0.6696	0.4078	0.7840	0.5471
0.6712	0.4051	0.7840	0.5430
0.6746	0.4034	0.7860	0.5389
0.6780	0.4016	0.7880	0.5348
0.6813	0.3999	0.7900	0.5308
0.6847	0.3981	0.7920	0.5266
0.6876	0.3970	0.7940	0.5237
0.6910	0.3952	0.7960	0.5195
0.6943	0.3933	0.7980	0.5154
0.6994	0.3925	0.8020	0.5114
0.7028	0.3906	0.8040	0.5073
0.7061	0.3886	0.8060	0.5031
0.7094	0.3868	0.8080	0.4991
0.7128	0.3848	0.8100	0.4950
0.7161	0.3828	0.8120	0.4909
0.7194	0.3808	0.8140	0.4868
0.7228	0.3788	0.8160	0.4827
0.7261	0.3767	0.8180	0.4786
0.7308	0.3764	0.8220	0.4756
0.7341	0.3744	0.8240	0.4716
0.7356	0.3713	0.8240	0.4675
0.7407	0.3701	0.8280	0.4634
0.7440	0.3680	0.8300	0.4593
0.7473	0.3658	0.8320	0.4552
0.7506	0.3636	0.8340	0.4511
0.7556	0.3623	0.8380	0.4471
0.7589	0.3600	0.8400	0.4429
0.7622	0.3577	0.8420	0.4388
0.7654	0.3557	0.8440	0.4350
0.7702	0.3548	0.8480	0.4317
0.7734	0.3526	0.8500	0.4277
0.7767	0.3502	0.8520	0.4236
0.7818	0.3486	0.8560	0.4194
0.7850	0.3463	0.8580	0.4154
0.7883	0.3438	0.8600	0.4113
0.7934	0.3422	0.8640	0.4072
0.7966	0.3397	0.8660	0.4031
0.8017	0.3380	0.8700	0.3990
0.8048	0.3357	0.8720	0.3952
0.8080	0.3331	0.8740	0.3911
0.8131	0.3314	0.8780	0.3870
0.8160	0.3295	0.8800	0.3838
0.8192	0.3269	0.8820	0.3797
0.8243	0.3250	0.8860	0.3755
0.8293	0.3231	0.8900	0.3715
0.8325	0.3204	0.8920	0.3674
0.8375	0.3184	0.8960	0.3633
0.8407	0.3157	0.8980	0.3592
0.8438	0.3132	0.9000	0.3554
0.8488	0.3111	0.9040	0.3513
0.8538	0.3089	0.9080	0.3472
0.8570	0.3062	0.9100	0.3431
0.8617	0.3047	0.9140	0.3399
0.8667	0.3025	0.9180	0.3358
0.8699	0.2995	0.9200	0.3316
0.8749	0.2973	0.9240	0.3276
0.8799	0.2950	0.9280	0.3235
0.8849	0.2926	0.9320	0.3194
0.8879	0.2899	0.9340	0.3156
0.8929	0.2875	0.9380	0.3115
0.8979	0.2850	0.9420	0.3074
0.9026	0.2833	0.9460	0.3041
0.9057	0.2801	0.9480	0.3000
0.9106	0.2777	0.9520	0.2960
0.9156	0.2751	0.9560	0.2918
0.9285	0.2666	0.9660	0.2796
0.8582	0.2036	0.8820	0.2330
0.8534	0.1978	0.8760	0.2278
0.8561	0.1950	0.8780	0.2240
0.8586	0.1928	0.8800	0.2209
0.8633	0.1902	0.8840	0.2169
0.6592	-0.0946	0.6660	-0.1426
0.6589	-0.0972	0.6660	-0.1464
0.6564	-0.1001	0.6640	-0.1513
0.6540	-0.1025	0.6620	-0.1554
0.6577	-0.1049	0.6660	-0.1581
0.6584	-0.1131	0.6680	-0.1701
0.1637	-0.7626	0.7800	-1.3594
-0.2319	-0.4007	0.4630	-2.0954
-0.2357	-0.4043	0.4680	-2.0985
-0.2393	-0.4068	0.4720	-2.1025
-0.2410	-0.4070	0.4730	-2.1055
-0.2428	-0.4059	0.4730	-2.1099
-0.2445	-0.4049	0.4730	-2.1140
-0.2461	-0.4039	0.4730	-2.1180
-0.2478	-0.4029	0.4730	-2.1222
-0.2500	-0.4027	0.4740	-2.1263
-0.2516	-0.4017	0.4740	-2.1303
-0.2532	-0.4007	0.4740	-2.1344
-0.2549	-0.3996	0.4740	-2.1386
-0.2565	-0.3986	0.4740	-2.1426
-0.2583	-0.3975	0.4740	-2.1470
-0.2604	-0.3973	0.4750	-2.1510
-0.2626	-0.3970	0.4760	-2.1551
-0.2642	-0.3959	0.4760	-2.1593
-0.2658	-0.3949	0.4760	-2.1633
-0.2674	-0.3938	0.4760	-2.1674
-0.2696	-0.3935	0.4770	-2.1715
-0.2712	-0.3924	0.4770	-2.1756
-0.2729	-0.3912	0.4770	-2.1800
-0.2751	-0.3909	0.4780	-2.1841
-0.2767	-0.3898	0.4780	-2.1881
-0.2783	-0.3886	0.4780	-2.1923
-0.2799	-0.3875	0.4780	-2.1964
-0.2820	-0.3872	0.4790	-2.2004
-0.2836	-0.3860	0.4790	-2.2045
-0.2858	-0.3856	0.4800	-2.2086
-0.2874	-0.3845	0.4800	-2.2127
-0.2897	-0.3840	0.4810	-2.2171
-0.2913	-0.3828	0.4810	-2.2212
-0.2928	-0.3816	0.4810	-2.2252
-0.2944	-0.3804	0.4810	-2.2294
-0.2965	-0.3800	0.4820	-2.2335
-0.2984	-0.3798	0.4830	-2.2367
-0.2999	-0.3786	0.4830	-2.2408
-0.3021	-0.3781	0.4840	-2.2449
-0.3037	-0.3769	0.4840	-2.2490
-0.3058	-0.3764	0.4850	-2.2530
-0.3074	-0.3752	0.4850	-2.2572
-0.3089	-0.3739	0.4850	-2.2613
-0.3104	-0.3727	0.4850	-2.2653
-0.3126	-0.3721	0.4860	-2.2694
-0.3142	-0.3708	0.4860	-2.2737
-0.3164	-0.3703	0.4870	-2.2779
-0.3185	-0.3697	0.4880	-2.2820
-0.3200	-0.3684	0.4880	-2.2860
-0.3222	-0.3678	0.4890	-2.2901
-0.3237	-0.3665	0.4890	-2.2943
-0.3252	-0.3652	0.4890	-2.2983
-0.3274	-0.3646	0.4900	-2.3024
-0.3295	-0.3640	0.4910	-2.3065
-0.3311	-0.3626	0.4910	-2.3108
-0.3329	-0.3623	0.4920	-2.3139
-0.3343	-0.3609	0.4920	-2.3179
-0.3365	-0.3603	0.4930	-2.3221
-0.3387	-0.3596	0.4940	-2.3262
-0.3402	-0.3582	0.4940	-2.3305
-0.3424	-0.3575	0.4950	-2.3346
-0.3445	-0.3568	0.4960	-2.3386
-0.3460	-0.3554	0.4960	-2.3428
-0.3481	-0.3547	0.4970	-2.3469
-0.3503	-0.3540	0.4980	-2.3509
-0.3524	-0.3533	0.4990	-2.3550
-0.3539	-0.3518	0.4990	-2.3592
-0.3553	-0.3504	0.4990	-2.3632
-0.3576	-0.3495	0.5000	-2.3676
-0.3597	-0.3487	0.5010	-2.3717
-0.3615	-0.3483	0.5020	-2.3747
-0.3636	-0.3475	0.5030	-2.3788
-0.3658	-0.3468	0.5040	-2.3828
-0.3673	-0.3451	0.5040	-2.3873
-0.3687	-0.3437	0.5040	-2.3913
-0.3708	-0.3428	0.5050	-2.3954
-0.3730	-0.3420	0.5060	-2.3995
-0.3751	-0.3411	0.5070	-2.4036
-0.3772	-0.3402	0.5080	-2.4077
-0.3786	-0.3387	0.5080	-2.4118
-0.3807	-0.3378	0.5090	-2.4158
-0.3830	-0.3368	0.5100	-2.4202
-0.3844	-0.3352	0.5100	-2.4244
-0.3872	-0.3350	0.5120	-2.4284
-0.3886	-0.3334	0.5120	-2.4325
-0.3911	-0.3335	0.5140	-2.4355
-0.3925	-0.3319	0.5140	-2.4396
-0.3939	-0.3302	0.5140	-2.4439
-0.3968	-0.3299	0.5160	-2.4480
-0.3997	-0.3295	0.5180	-2.4522
-0.4010	-0.3279	0.5180	-2.4562
-0.4039	-0.3275	0.5200	-2.4603
-0.4053	-0.3258	0.5200	-2.4644
-0.4066	-0.3242	0.5200	-2.4685
-0.4095	-0.3237	0.5220	-2.4726
-0.4121	-0.3236	0.5240	-2.4758
-0.4134	-0.3219	0.5240	-2.4800
-0.4163	-0.3215	0.5260	-2.4841
-0.4176	-0.3198	0.5260	-2.4881
-0.4205	-0.3193	0.5280	-2.4922
-0.4218	-0.3177	0.5280	-2.4961
-0.4246	-0.3171	0.5300	-2.5001
-0.4259	-0.3155	0.5300	-2.5039
-0.4288	-0.3149	0.5320	-2.5081
-0.4316	-0.3145	0.5340	-2.5119
-0.4328	-0.3127	0.5340	-2.5159
-0.4353	-0.3127	0.5360	-2.5187
-0.4366	-0.3109	0.5360	-2.5227
-0.4378	-0.3093	0.5360	-2.5266
-0.4407	-0.3086	0.5380	-2.5307
-0.4435	-0.3081	0.5400	-2.5345
-0.4448	-0.3063	0.5400	-2.5385
-0.4476	-0.3057	0.5420	-2.5424
-0.4505	-0.3050	0.5440	-2.5465
-0.4533	-0.3043	0.5460	-2.5503
-0.4545	-0.3025	0.5460	-2.5544
-0.4557	-0.3008	0.5460	-2.5582
-0.4583	-0.3005	0.5480	-2.5613
-0.4611	-0.2998	0.5500	-2.5650
-0.4623	-0.2979	0.5500	-2.5691
-0.4651	-0.2972	0.5520	-2.5730
-0.4680	-0.2964	0.5540	-2.5771
-0.4692	-0.2946	0.5540	-2.5808
-0.4721	-0.2938	0.5560	-2.5849
-0.4749	-0.2930	0.5580	-2.5888
-0.4775	-0.2926	0.5600	-2.5918
-0.4787	-0.2907	0.5600	-2.5959
-0.4815	-0.2898	0.5620	-2.5997
-0.4844	-0.2889	0.5640	-2.6037
-0.4872	-0.2881	0.5660	-2.6076
-0.4901	-0.2871	0.5680	-2.6117
-0.4912	-0.2852	0.5680	-2.6155
-0.4940	-0.2844	0.5700	-2.6193
-0.4952	-0.2823	0.5700	-2.6234
-0.4977	-0.2818	0.5720	-2.6264
-0.5006	-0.2809	0.5740	-2.6302
-0.5035	-0.2798	0.5760	-2.6343
-0.5063	-0.2788	0.5780	-2.6382
-0.5092	-0.2778	0.5800	-2.6422
-0.5102	-0.2758	0.5800	-2.6460
-0.5131	-0.2746	0.5820	-2.6501
-0.5159	-0.2736	0.5840	-2.6540
-0.5185	-0.2730	0.5860	-2.6570
-0.5196	-0.2710	0.5860	-2.6608
-0.5224	-0.2698	0.5880	-2.6648
-0.5270	-0.2697	0.5920	-2.6686
-0.5281	-0.2675	0.5920	-2.6728
-0.5309	-0.2664	0.5940	-2.6766
-0.5338	-0.2651	0.5960	-2.6806
-0.5366	-0.2639	0.5980	-2.6845
-0.5392	-0.2632	0.6000	-2.6875
-0.5421	-0.2619	0.6020	-2.6916
-0.5449	-0.2606	0.6040	-2.6954
-0.5477	-0.2593	0.6060	-2.6995
-0.5505	-0.2581	0.6080	-2.7033
-0.5533	-0.2568	0.6100	-2.7071
-0.5562	-0.2553	0.6120	-2.7112
-0.5590	-0.2540	0.6140	-2.7151
-0.5616	-0.2532	0.6160	-2.7180
-0.5644	-0.2517	0.6180	-2.7221
-0.5672	-0.2503	0.6200	-2.7260
-0.5701	-0.2488	0.6220	-2.7300
-0.5728	-0.2474	0.6240	-2.7338
-0.5757	-0.2459	0.6260	-2.7380
-0.5785	-0.2444	0.6280	-2.7418
-0.5829	-0.2443	0.6320	-2.7448
-0.5838	-0.2420	0.6320	-2.7486
-0.5866	-0.2404	0.6340	-2.7526
-0.5894	-0.2389	0.6360	-2.7565
-0.5923	-0.2372	0.6380	-2.7606
-0.5969	-0.2364	0.6420	-2.7644
-0.5997	-0.2348	0.6440	-2.7685
-0.6024	-0.2332	0.6460	-2.7723
-0.6050	-0.2321	0.6480	-2.7753
-0.6078	-0.2303	0.6500	-2.7794
-0.6124	-0.2294	0.6540	-2.7832
-0.6153	-0.2276	0.6560	-2.7873
-0.6180	-0.2259	0.6580	-2.7911
-0.6208	-0.2241	0.6600	-2.7952
-0.6235	-0.2224	0.6620	-2.7990
-0.6263	-0.2206	0.6640	-2.8029
-0.6307	-0.2201	0.6680	-2.8058
-0.6335	-0.2181	0.6700	-2.8100
-0.6362	-0.2164	0.6720	-2.8137
-0.6409	-0.2151	0.6760	-2.8178
-0.6436	-0.2132	0.6780	-2.8217
-0.6483	-0.2118	0.6820	-2.8258
-0.6508	-0.2105	0.6840	-2.8288
-0.6535	-0.2086	0.6860	-2.8326
-0.6582	-0.2072	0.6900	-2.8366
-0.6609	-0.2053	0.6920	-2.8405
-0.6636	-0.2033	0.6940	-2.8443
-0.6682	-0.2017	0.6980	-2.8484
-0.6709	-0.1997	0.7000	-2.8522
-0.6753	-0.1989	0.7040	-2.8552
-0.6781	-0.1966	0.7060	-2.8593
-0.6826	-0.1952	0.7100	-2.8631
-0.6854	-0.1929	0.7120	-2.8672
-0.6900	-0.1914	0.7160	-2.8710
-0.6926	-0.1891	0.7180	-2.8751
-0.6972	-0.1875	0.7220	-2.8789
-0.7017	-0.1864	0.7260	-2.8820
-0.7043	-0.1843	0.7280	-2.8857
-0.7089	-0.1824	0.7320	-2.8898
-0.7116	-0.1801	0.7340	-2.8937
-0.7162	-0.1782	0.7380	-2.8978
-0.7207	-0.1764	0.7420	-2.9015
-0.7251	-0.1752	0.7460	-2.9046
-0.7278	-0.1727	0.7480	-2.9086
-0.7323	-0.1708	0.7520	-2.9125
-0.7369	-0.1687	0.7560	-2.9166
-0.7415	-0.1667	0.7600	-2.9204
-0.7461	-0.1646	0.7640	-2.9244
-0.7506	-0.1626	0.7680	-2.9283
-0.7550	-0.1612	0.7720	-2.9312
-0.7576	-0.1587	0.7740	-2.9351
-0.7621	-0.1564	0.7780	-2.9392
-0.7666	-0.1543	0.7820	-2.9430
-0.7712	-0.1519	0.7860	-2.9471
-0.7737	-0.1494	0.7880	-2.9509
-0.7801	-0.1481	0.7940	-2.9540
-0.7846	-0.1457	0.7980	-2.9580
-0.7891	-0.1434	0.8020	-2.9618
-0.7936	-0.1408	0.8060	-2.9660
-0.7981	-0.1385	0.8100	-2.9698
-0.8045	-0.1365	0.8160	-2.9735
-0.8089	-0.1347	0.8200	-2.9766
-0.8133	-0.1321	0.8240	-2.9806
-0.8178	-0.1296	0.8280	-2.9845
-0.8243	-0.1271	0.8340	-2.9886
-0.8287	-0.1245	0.8380	-2.9924
-0.8351	-0.1221	0.8440	-2.9964
-0.8395	-0.1201	0.8480	-2.9995
-0.8439	-0.1175	0.8520	-3.0032
-0.8503	-0.1148	0.8580	-3.0074
-0.8547	-0.1121	0.8620	-3.0112
-0.8611	-0.1096	0.8680	-3.0150
-0.8674	-0.1068	0.8740	-3.0191
-0.8718	-0.1040	0.8780	-3.0229
-0.8565	-0.0969	0.8620	-3.0289
-0.8629	-0.0941	0.8680	-3.0330
-0.8692	-0.0912	0.8740	-3.0371
-0.8736	-0.0880	0.8780	-3.0412
-0.8798	-0.0860	0.8840	-3.0442
-0.8861	-0.0829	0.8900	-3.0483
-0.8924	-0.0799	0.8960	-3.0523
-0.8987	-0.0770	0.9020	-3.0562
-0.9050	-0.0737	0.9080	-3.0603
-0.9112	-0.0715	0.9140	-3.0633
-0.9175	-0.0682	0.9200	-3.0674
-0.9237	-0.0649	0.9260	-3.0714
-0.9320	-0.0617	0.9340	-3.0755
-0.9382	-0.0582	0.9400	-3.0797
-0.9444	-0.0557	0.9460	-3.0826
-0.9506	-0.0522	0.9520	-3.0868
-0.9588	-0.0488	0.9600	-3.0908
-0.9649	-0.0451	0.9660	-3.0949
-0.9711	-0.0416	0.9720	-3.0987
-0.9793	-0.0379	0.9800	-3.1029
-0.9874	-0.0353	0.9880	-3.1058
-0.9935	-0.0314	0.9940	-3.1100
-0.7640	-0.0044	0.7640	-3.1358
-0.7740	-0.0022	0.7740	-3.1388
-0.6840	-0.0049	0.6840	-3.1345
-0.6920	-0.0023	0.6920	-3.1382
-0.5833	-0.0280	0.5840	-3.0936
-0.5914	-0.0267	0.5920	-3.0965
-0.5975	-0.0246	0.5980	-3.1004
-0.6056	-0.0232	0.6060	-3.1033
-0.6116	-0.0209	0.6120	-3.1075
-0.6177	-0.0193	0.6180	-3.1104
-0.6238	-0.0170	0.6240	-3.1143
-0.6338	-0.0154	0.6340	-3.1172
-0.6419	-0.0130	0.6420	-3.1214
-0.6499	-0.0114	0.6500	-3.1240
-0.6579	-0.0088	0.6580	-3.1282
-0.6680	-0.0070	0.6680	-3.1311
-0.6760	-0.0045	0.6760	-3.1350
-0.6840	-0.0024	0.6840	-3.1380
-0.5749	-0.0352	0.5760	-3.0804
-0.5830	-0.0335	0.5840	-3.0843
-0.5891	-0.0322	0.5900	-3.0870
-0.5972	-0.0304	0.5980	-3.0908
-0.6053	-0.0289	0.6060	-3.0938
-0.6114	-0.0269	0.6120	-3.0977
-0.6195	-0.0254	0.6200	-3.1007
-0.6276	-0.0233	0.6280	-3.1045
-0.6356	-0.0219	0.6360	-3.1072
-0.6437	-0.0195	0.6440	-3.1113
-0.6518	-0.0180	0.6520	-3.1140
-0.6598	-0.0157	0.6600	-3.1178
-0.6699	-0.0139	0.6700	-3.1208
-0.6779	-0.0115	0.6780	-3.1246
-0.6879	-0.0098	0.6880	-3.1274
-0.6980	-0.0071	0.6980	-3.1314
-0.7080	-0.0052	0.7080	-3.1342
-0.7180	-0.0025	0.7180	-3.1380
-0.7280	-0.0004	0.7280	-3.1410
-0.7517	-0.0216	0.7520	-3.1129
-0.7498	-0.0186	0.7500	-3.1168
-0.7478	-0.0156	0.7480	-3.1208
-0.7459	-0.0127	0.7460	-3.1246
-0.7419	-0.0090	0.7420	-3.1295
-0.7420	-0.0061	0.7420	-3.1333
-0.7420	-0.0033	0.7420	-3.1372
-0.7380	-0.0002	0.7380	-3.1413
