x	y	r	phi
-0.7120	0.0017	0.7120	3.1392
-0.7220	0.0047	0.7220	3.1351
-0.7320	0.0067	0.7320	3.1324
-0.7399	0.0099	0.7400	3.1283
-0.7499	0.0122	0.7500	3.1253
-0.7618	0.0153	0.7620	3.1215
-0.7718	0.0178	0.7720	3.1185
-0.7837	0.0211	0.7840	3.1147
-0.7956	0.0238	0.7960	3.1117
-0.8055	0.0274	0.8060	3.1076
-0.8194	0.0302	0.8200	3.1048
-0.8313	0.0340	0.8320	3.1008
-0.8432	0.0377	0.8440	3.0969
-0.8550	0.0408	0.8560	3.0939
-0.8708	0.0449	0.8720	3.0901
-0.8847	0.0482	0.8860	3.0871
-0.8985	0.0527	0.9000	3.0830
-0.9123	0.0562	0.9140	3.0800
-0.9280	0.0608	0.9300	3.0762
-0.9417	0.0653	0.9440	3.0724
-0.9575	0.0692	0.9600	3.0694
-0.9752	0.0746	0.9780	3.0653
-0.9909	0.0784	0.9940	3.0626
-0.8248	0.5618	0.9980	2.5436
-0.8126	0.5584	0.9860	2.5395
-0.7967	0.5533	0.9700	2.5346
-0.7830	0.5485	0.9560	2.5305
-0.7705	0.5454	0.9440	2.5256
-0.7570	0.5402	0.9300	2.5218
-0.7467	0.5375	0.9200	2.5176
-0.7343	0.5341	0.9080	2.5128
-0.7225	0.5299	0.8960	2.5087
-0.7108	0.5256	0.8840	2.5049
-0.7002	0.5231	0.8740	2.5000
-0.6901	0.5199	0.8640	2.4959
-0.6801	0.5165	0.8540	2.4920
-0.6695	0.5139	0.8440	2.4869
-0.6596	0.5104	0.8340	2.4830
-0.6496	0.5070	0.8240	2.4789
-0.6393	0.5039	0.8140	2.4740
-0.6311	0.5014	0.8060	2.4702
-0.6228	0.4989	0.7980	2.4662
-0.6126	0.4957	0.7880	2.4613
-0.6043	0.4931	0.7800	2.4571
-0.5962	0.4904	0.7720	2.4533
-0.5877	0.4882	0.7640	2.4484
-0.5795	0.4855	0.7560	2.4443
-0.5715	0.4826	0.7480	2.4403
-0.5630	0.4803	0.7400	2.4353
-0.5566	0.4785	0.7340	2.4316
-0.5486	0.4755	0.7260	2.4274
-0.5402	0.4729	0.7180	2.4225
-0.5338	0.4712	0.7120	2.4184
-0.5275	0.4692	0.7060	2.4146
-0.5207	0.4678	0.7000	2.4097
-0.5129	0.4646	0.6920	2.4056
-0.5067	0.4624	0.6860	2.4018
-0.4998	0.4610	0.6800	2.3966
-0.4937	0.4588	0.6740	2.3928
-0.4860	0.4554	0.6660	2.3887
-0.4794	0.4536	0.6600	2.3838
-0.4733	0.4513	0.6540	2.3800
-0.4686	0.4505	0.6500	2.3758
-0.4683	0.4537	0.6520	2.3720
-0.4679	0.4570	0.6540	2.3680
-0.4674	0.4603	0.6560	2.3639
-0.4656	0.4621	0.6560	2.3600
-0.4652	0.4654	0.6580	2.3560
-0.4648	0.4686	0.6600	2.3522
-0.4639	0.4751	0.6640	2.3442
0.6812	-0.3921	0.7860	-0.5222
0.6746	-0.3916	0.7800	-0.5260
0.6605	-0.3880	0.7660	-0.5311
0.6468	-0.3836	0.7520	-0.5353
0.6329	-0.3795	0.7380	-0.5402
0.6211	-0.3759	0.7260	-0.5443
0.6089	-0.3729	0.7140	-0.5495
0.5969	-0.3695	0.7020	-0.5543
0.5869	-0.3667	0.6920	-0.5585
0.5749	-0.3631	0.6800	-0.5634
0.5650	-0.3601	0.6700	-0.5675
0.5547	-0.3576	0.6600	-0.5727
0.5448	-0.3545	0.6500	-0.5768
0.5348	-0.3516	0.6400	-0.5817
0.5267	-0.3494	0.6320	-0.5857
0.5166	-0.3464	0.6220	-0.5907
0.5082	-0.3446	0.6140	-0.5959
0.5002	-0.3421	0.6060	-0.5999
0.4919	-0.3400	0.5980	-0.6048
0.4840	-0.3375	0.5900	-0.6089
0.4758	-0.3352	0.5820	-0.6138
0.4679	-0.3325	0.5740	-0.6179
0.4596	-0.3303	0.5660	-0.6231
0.4534	-0.3287	0.5600	-0.6272
0.4453	-0.3261	0.5520	-0.6321
0.4388	-0.3249	0.5460	-0.6373
0.4312	-0.3218	0.5380	-0.6411
0.4247	-0.3204	0.5320	-0.6463
0.4186	-0.3185	0.5260	-0.6504
0.4123	-0.3169	0.5200	-0.6553
0.4071	-0.3155	0.5150	-0.6593
0.3999	-0.3133	0.5080	-0.6645
0.3940	-0.3111	0.5020	-0.6683
0.3885	-0.3100	0.4970	-0.6735
0.3841	-0.3091	0.4930	-0.6776
0.3787	-0.3078	0.4880	-0.6825
0.3724	-0.3060	0.4820	-0.6877
0.3681	-0.3049	0.4780	-0.6918
0.3631	-0.3031	0.4730	-0.6957
0.3577	-0.3018	0.4680	-0.7008
0.3524	-0.3003	0.4630	-0.7057
0.3481	-0.2991	0.4590	-0.7098
0.3428	-0.2977	0.4540	-0.7150
0.3386	-0.2964	0.4500	-0.7191
0.3341	-0.2954	0.4460	-0.7240
0.3299	-0.2941	0.4420	-0.7281
0.3255	-0.2931	0.4380	-0.7330
0.3213	-0.2917	0.4340	-0.7371
0.3169	-0.2907	0.4300	-0.7423
0.3135	-0.2899	0.4270	-0.7464
0.3091	-0.2887	0.4230	-0.7513
0.3050	-0.2873	0.4190	-0.7554
0.3007	-0.2860	0.4150	-0.7603
0.2974	-0.2851	0.4120	-0.7643
0.2937	-0.2846	0.4090	-0.7696
0.2897	-0.2830	0.4050	-0.7736
0.2862	-0.2823	0.4020	-0.7785
0.2829	-0.2814	0.3990	-0.7826
0.2794	-0.2806	0.3960	-0.7875
0.2762	-0.2796	0.3930	-0.7916
0.2726	-0.2789	0.3900	-0.7968
0.2687	-0.2771	0.3860	-0.8009
0.2659	-0.2770	0.3840	-0.8058
0.2627	-0.2759	0.3810	-0.8099
0.2593	-0.2750	0.3780	-0.8148
0.2561	-0.2739	0.3750	-0.8189
0.2537	-0.2735	0.3730	-0.8230
0.2502	-0.2726	0.3700	-0.8282
0.2478	-0.2721	0.3680	-0.8320
0.2444	-0.2711	0.3650	-0.8372
0.2413	-0.2699	0.3620	-0.8413
0.2386	-0.2696	0.3600	-0.8462
0.2356	-0.2683	0.3570	-0.8502
0.2328	-0.2680	0.3550	-0.8555
0.2304	-0.2674	0.3530	-0.8595
0.2272	-0.2662	0.3500	-0.8644
0.2248	-0.2657	0.3480	-0.8685
0.2222	-0.2652	0.3460	-0.8734
0.2198	-0.2646	0.3440	-0.8775
0.2175	-0.2640	0.3420	-0.8817
0.2142	-0.2628	0.3390	-0.8868
0.2120	-0.2620	0.3370	-0.8906
0.2093	-0.2615	0.3350	-0.8958
0.2070	-0.2608	0.3330	-0.8999
0.2051	-0.2610	0.3320	-0.9048
0.2028	-0.2603	0.3300	-0.9089
0.2005	-0.2596	0.3280	-0.9130
0.1980	-0.2589	0.3260	-0.9179
0.1958	-0.2582	0.3240	-0.9220
0.1932	-0.2576	0.3220	-0.9272
0.1917	-0.2575	0.3210	-0.9309
0.1891	-0.2569	0.3190	-0.9361
0.1869	-0.2560	0.3170	-0.9402
0.1845	-0.2553	0.3150	-0.9451
0.1823	-0.2545	0.3130	-0.9492
0.1807	-0.2543	0.3120	-0.9531
0.1782	-0.2536	0.3100	-0.9583
0.1760	-0.2527	0.3080	-0.9624
0.1742	-0.2528	0.3070	-0.9673
0.1721	-0.2518	0.3050	-0.9713
0.1706	-0.2516	0.3040	-0.9751
0.1681	-0.2509	0.3020	-0.9803
0.1666	-0.2507	0.3010	-0.9844
0.1642	-0.2499	0.2990	-0.9893
0.1627	-0.2497	0.2980	-0.9934
0.1611	-0.2495	0.2970	-0.9973
0.1588	-0.2486	0.2950	-1.0025
0.1573	-0.2484	0.2940	-1.0063
0.1549	-0.2475	0.2920	-1.0115
0.1534	-0.2473	0.2910	-1.0155
0.1519	-0.2470	0.2900	-1.0193
0.1501	-0.2469	0.2890	-1.0245
0.1482	-0.2458	0.2870	-1.0283
0.1459	-0.2448	0.2850	-1.0335
0.1443	-0.2446	0.2840	-1.0376
0.1429	-0.2443	0.2830	-1.0414
0.1412	-0.2441	0.2820	-1.0466
0.1397	-0.2438	0.2810	-1.0504
0.1387	-0.2444	0.2810	-1.0545
0.1365	-0.2433	0.2790	-1.0597
0.1346	-0.2421	0.2770	-1.0635
0.1328	-0.2419	0.2760	-1.0687
0.1314	-0.2416	0.2750	-1.0725
0.1300	-0.2412	0.2740	-1.0766
0.1283	-0.2410	0.2730	-1.0817
0.1269	-0.2406	0.2720	-1.0856
0.1254	-0.2402	0.2710	-1.0897
0.1238	-0.2400	0.2700	-1.0946
0.1223	-0.2396	0.2690	-1.0987
0.1202	-0.2384	0.2670	-1.1039
0.1188	-0.2380	0.2660	-1.1077
0.1167	-0.2368	0.2640	-1.1129
0.1154	-0.2364	0.2630	-1.1167
0.1140	-0.2359	0.2620	-1.1208
0.1123	-0.2356	0.2610	-1.1259
0.1110	-0.2351	0.2600	-1.1298
0.1100	-0.2356	0.2600	-1.1339
0.1086	-0.2351	0.2590	-1.1379
0.1077	-0.2356	0.2590	-1.1420
0.1057	-0.2343	0.2570	-1.1469
0.1037	-0.2329	0.2550	-1.1518
0.1028	-0.2334	0.2550	-1.1560
0.1018	-0.2338	0.2550	-1.1601
0.1005	-0.2333	0.2540	-1.1641
0.0985	-0.2319	0.2520	-1.1691
0.0972	-0.2314	0.2510	-1.1731
0.0957	-0.2310	0.2500	-1.1781
0.0947	-0.2314	0.2500	-1.1821
0.0934	-0.2308	0.2490	-1.1862
0.0925	-0.2312	0.2490	-1.1901
0.0910	-0.2307	0.2480	-1.1953
0.0897	-0.2301	0.2470	-1.1991
0.0884	-0.2296	0.2460	-1.2031
0.0869	-0.2291	0.2450	-1.2083
0.0856	-0.2285	0.2440	-1.2121
0.0847	-0.2288	0.2440	-1.2163
0.0832	-0.2283	0.2430	-1.2211
0.0814	-0.2268	0.2410	-1.2263
0.0805	-0.2272	0.2410	-1.2304
0.0796	-0.2275	0.2410	-1.2342
0.0783	-0.2269	0.2400	-1.2383
0.0774	-0.2272	0.2400	-1.2424
0.0762	-0.2265	0.2390	-1.2465
0.0744	-0.2250	0.2370	-1.2514
0.0730	-0.2244	0.2360	-1.2563
0.0721	-0.2247	0.2360	-1.2605
0.0709	-0.2241	0.2350	-1.2645
0.0699	-0.2244	0.2350	-1.2686
0.0691	-0.2246	0.2350	-1.2724
0.0676	-0.2240	0.2340	-1.2776
0.0668	-0.2243	0.2340	-1.2814
0.0656	-0.2236	0.2330	-1.2855
0.0639	-0.2220	0.2310	-1.2907
0.0627	-0.2213	0.2300	-1.2945
0.0618	-0.2215	0.2300	-1.2986
0.0609	-0.2218	0.2300	-1.3026
0.0596	-0.2211	0.2290	-1.3076
0.0587	-0.2214	0.2290	-1.3116
0.0578	-0.2216	0.2290	-1.3158
0.0566	-0.2209	0.2280	-1.3199
0.0553	-0.2202	0.2270	-1.3248
0.0537	-0.2185	0.2250	-1.3297
0.0528	-0.2187	0.2250	-1.3338
0.0519	-0.2189	0.2250	-1.3378
0.0508	-0.2182	0.2240	-1.3419
0.0500	-0.2184	0.2240	-1.3458
0.0491	-0.2186	0.2240	-1.3499
0.0482	-0.2188	0.2240	-1.3539
0.0473	-0.2189	0.2240	-1.3581
0.0458	-0.2172	0.2220	-1.3629
0.0445	-0.2165	0.2210	-1.3678
0.0437	-0.2166	0.2210	-1.3720
0.0426	-0.2158	0.2200	-1.3761
0.0413	-0.2151	0.2190	-1.3810
0.0405	-0.2152	0.2190	-1.3850
0.0396	-0.2154	0.2190	-1.3891
0.0387	-0.2155	0.2190	-1.3930
0.0379	-0.2157	0.2190	-1.3971
0.0370	-0.2159	0.2190	-1.4011
0.0359	-0.2150	0.2180	-1.4052
0.0347	-0.2142	0.2170	-1.4101
0.0337	-0.2134	0.2160	-1.4142
0.0329	-0.2135	0.2160	-1.4181
0.0320	-0.2136	0.2160	-1.4221
0.0308	-0.2128	0.2150	-1.4273
0.0299	-0.2129	0.2150	-1.4311
0.0289	-0.2120	0.2140	-1.4352
0.0281	-0.2122	0.2140	-1.4393
0.0272	-0.2123	0.2140	-1.4434
0.0264	-0.2124	0.2140	-1.4472
0.0252	-0.2115	0.2130	-1.4524
0.0242	-0.2106	0.2120	-1.4562
0.0234	-0.2107	0.2120	-1.4603
0.0225	-0.2108	0.2120	-1.4644
0.0216	-0.2109	0.2120	-1.4685
0.0208	-0.2110	0.2120	-1.4723
0.0200	-0.2111	0.2120	-1.4764
0.0191	-0.2111	0.2120	-1.4805
0.0180	-0.2102	0.2110	-1.4854
0.0171	-0.2103	0.2110	-1.4895
0.0163	-0.2104	0.2110	-1.4936
0.0152	-0.2095	0.2100	-1.4985
0.0143	-0.2095	0.2100	-1.5025
0.0134	-0.2086	0.2090	-1.5067
0.0126	-0.2086	0.2090	-1.5105
0.0117	-0.2087	0.2090	-1.5146
0.0109	-0.2087	0.2090	-1.5186
0.0098	-0.2078	0.2080	-1.5235
0.0090	-0.2078	0.2080	-1.5277
0.0081	-0.2078	0.2080	-1.5318
0.0073	-0.2069	0.2070	-1.5356
0.0064	-0.2069	0.2070	-1.5396
0.0056	-0.2069	0.2070	-1.5438
0.0047	-0.2069	0.2070	-1.5479
0.0040	-0.2070	0.2070	-1.5516
0.0031	-0.2070	0.2070	-1.5557
0.0020	-0.2060	0.2060	-1.5609
0.0012	-0.2060	0.2060	-1.5648
0.0004	-0.2050	0.2050	-1.5689
-0.0004	-0.2050	0.2050	-1.5729
-0.0013	-0.2050	0.2050	-1.5770
-0.0021	-0.2050	0.2050	-1.5809
-0.0029	-0.2050	0.2050	-1.5849
-0.0037	-0.2050	0.2050	-1.5890
-0.0047	-0.2039	0.2040	-1.5939
-0.0056	-0.2039	0.2040	-1.5980
-0.0064	-0.2039	0.2040	-1.6021
-0.0072	-0.2039	0.2040	-1.6059
-0.0080	-0.2038	0.2040	-1.6100
-0.0090	-0.2028	0.2030	-1.6152
-0.0098	-0.2028	0.2030	-1.6190
-0.0106	-0.2027	0.2030	-1.6231
-0.0114	-0.2027	0.2030	-1.6272
-0.0122	-0.2016	0.2020	-1.6313
-0.0130	-0.2016	0.2020	-1.6351
-0.0138	-0.2015	0.2020	-1.6392
-0.0146	-0.2015	0.2020	-1.6433
-0.0155	-0.2014	0.2020	-1.6474
-0.0162	-0.2013	0.2020	-1.6512
-0.0170	-0.2013	0.2020	-1.6553
-0.0179	-0.2012	0.2020	-1.6594
-0.0188	-0.2001	0.2010	-1.6643
-0.0196	-0.2000	0.2010	-1.6684
-0.0204	-0.2000	0.2010	-1.6724
-0.0212	-0.1999	0.2010	-1.6763
-0.0220	-0.1998	0.2010	-1.6804
-0.0227	-0.1987	0.2000	-1.6845
-0.0235	-0.1986	0.2000	-1.6885
-0.0243	-0.1985	0.2000	-1.6924
-0.0251	-0.1984	0.2000	-1.6965
-0.0259	-0.1983	0.2000	-1.7005
-0.0267	-0.1982	0.2000	-1.7046
-0.0274	-0.1981	0.2000	-1.7085
-0.0283	-0.1980	0.2000	-1.7126
-0.0291	-0.1979	0.2000	-1.7166
-0.0299	-0.1978	0.2000	-1.7207
-0.0307	-0.1966	0.1990	-1.7256
-0.0315	-0.1965	0.1990	-1.7298
-0.0323	-0.1964	0.1990	-1.7338
-0.0330	-0.1962	0.1990	-1.7376
-0.0339	-0.1961	0.1990	-1.7417
-0.0346	-0.1960	0.1990	-1.7456
-0.0354	-0.1958	0.1990	-1.7496
-0.0361	-0.1957	0.1990	-1.7534
-0.0369	-0.1956	0.1990	-1.7573
-0.0377	-0.1954	0.1990	-1.7614
-0.0384	-0.1953	0.1990	-1.7652
-0.0392	-0.1951	0.1990	-1.7690
-0.0400	-0.1949	0.1990	-1.7731
-0.0407	-0.1938	0.1980	-1.7780
-0.0415	-0.1936	0.1980	-1.7818
-0.0422	-0.1934	0.1980	-1.7856
-0.0430	-0.1933	0.1980	-1.7898
-0.0437	-0.1931	0.1980	-1.7935
-0.0445	-0.1929	0.1980	-1.7973
-0.0452	-0.1928	0.1980	-1.8012
-0.0460	-0.1926	0.1980	-1.8053
-0.0467	-0.1924	0.1980	-1.8091
-0.0475	-0.1922	0.1980	-1.8129
-0.0483	-0.1920	0.1980	-1.8170
-0.0490	-0.1918	0.1980	-1.8208
-0.0497	-0.1917	0.1980	-1.8247
-0.0505	-0.1915	0.1980	-1.8287
-0.0512	-0.1913	0.1980	-1.8325
-0.0520	-0.1911	0.1980	-1.8364
-0.0528	-0.1908	0.1980	-1.8405
-0.0535	-0.1906	0.1980	-1.8442
-0.0542	-0.1904	0.1980	-1.8481
-0.0550	-0.1902	0.1980	-1.8522
-0.0557	-0.1900	0.1980	-1.8560
-0.0564	-0.1898	0.1980	-1.8599
-0.0572	-0.1896	0.1980	-1.8639
-0.0579	-0.1893	0.1980	-1.8677
-0.0587	-0.1891	0.1980	-1.8716
-0.0594	-0.1889	0.1980	-1.8757
-0.0601	-0.1886	0.1980	-1.8794
-0.0609	-0.1884	0.1980	-1.8832
-0.0616	-0.1882	0.1980	-1.8874
-0.0624	-0.1879	0.1980	-1.8912
-0.0631	-0.1877	0.1980	-1.8950
-0.0638	-0.1874	0.1980	-1.8991
-0.0646	-0.1872	0.1980	-1.9029
-0.0653	-0.1869	0.1980	-1.9067
-0.0660	-0.1867	0.1980	-1.9106
-0.0669	-0.1874	0.1990	-1.9135
-0.0677	-0.1871	0.1990	-1.9177
-0.0684	-0.1869	0.1990	-1.9214
-0.0691	-0.1866	0.1990	-1.9252
-0.0698	-0.1864	0.1990	-1.9291
-0.0705	-0.1861	0.1990	-1.9332
-0.0713	-0.1858	0.1990	-1.9370
-0.0720	-0.1855	0.1990	-1.9408
-0.0729	-0.1862	0.2000	-1.9438
-0.0736	-0.1860	0.2000	-1.9477
-0.0744	-0.1857	0.2000	-1.9517
-0.0751	-0.1854	0.2000	-1.9555
-0.0758	-0.1851	0.2000	-1.9594
-0.0765	-0.1848	0.2000	-1.9635
-0.0771	-0.1835	0.1990	-1.9684
-0.0778	-0.1832	0.1990	-1.9722
-0.0784	-0.1829	0.1990	-1.9760
-0.0792	-0.1826	0.1990	-1.9801
-0.0799	-0.1823	0.1990	-1.9839
-0.0806	-0.1820	0.1990	-1.9878
-0.0815	-0.1826	0.2000	-1.9907
-0.0822	-0.1823	0.2000	-1.9946
-0.0834	-0.1829	0.2010	-1.9986
-0.0841	-0.1826	0.2010	-2.0024
-0.0848	-0.1822	0.2010	-2.0063
-0.0858	-0.1829	0.2020	-2.0092
-0.0865	-0.1826	0.2020	-2.0131
-0.0872	-0.1822	0.2020	-2.0172
-0.0879	-0.1819	0.2020	-2.0210
-0.0886	-0.1815	0.2020	-2.0249
-0.0890	-0.1802	0.2010	-2.0297
-0.0898	-0.1798	0.2010	-2.0338
-0.0905	-0.1795	0.2010	-2.0376
-0.0911	-0.1791	0.2010	-2.0414
-0.0921	-0.1798	0.2020	-2.0444
-0.0928	-0.1794	0.2020	-2.0482
-0.0936	-0.1790	0.2020	-2.0524
-0.0947	-0.1796	0.2030	-2.0562
-0.0954	-0.1792	0.2030	-2.0599
-0.0964	-0.1798	0.2040	-2.0630
-0.0971	-0.1794	0.2040	-2.0668
-0.0978	-0.1790	0.2040	-2.0709
-0.0982	-0.1777	0.2030	-2.0758
-0.0989	-0.1773	0.2030	-2.0796
-0.0996	-0.1769	0.2030	-2.0834
-0.1003	-0.1765	0.2030	-2.0876
-0.1013	-0.1771	0.2040	-2.0902
-0.1020	-0.1767	0.2040	-2.0944
-0.1027	-0.1763	0.2040	-2.0982
-0.1033	-0.1759	0.2040	-2.1019
-0.1044	-0.1764	0.2050	-2.1050
-0.1051	-0.1760	0.2050	-2.1088
-0.1058	-0.1756	0.2050	-2.1129
-0.1070	-0.1761	0.2060	-2.1167
-0.1077	-0.1756	0.2060	-2.1208
-0.1084	-0.1752	0.2060	-2.1249
-0.1091	-0.1747	0.2060	-2.1290
-0.1098	-0.1743	0.2060	-2.1331
-0.1105	-0.1738	0.2060	-2.1371
-0.1116	-0.1743	0.2070	-2.1402
-0.1123	-0.1739	0.2070	-2.1442
-0.1130	-0.1734	0.2070	-2.1483
-0.1143	-0.1738	0.2080	-2.1525
-0.1149	-0.1734	0.2080	-2.1563
-0.1156	-0.1729	0.2080	-2.1603
-0.1164	-0.1724	0.2080	-2.1644
-0.1174	-0.1729	0.2090	-2.1674
-0.1181	-0.1724	0.2090	-2.1715
-0.1188	-0.1719	0.2090	-2.1756
-0.1201	-0.1723	0.2100	-2.1797
-0.1208	-0.1718	0.2100	-2.1838
-0.1215	-0.1713	0.2100	-2.1878
-0.1222	-0.1708	0.2100	-2.1917
-0.1229	-0.1703	0.2100	-2.1958
-0.1240	-0.1707	0.2110	-2.1991
-0.1247	-0.1702	0.2110	-2.2029
-0.1254	-0.1697	0.2110	-2.2070
-0.1260	-0.1692	0.2110	-2.2110
-0.1272	-0.1696	0.2120	-2.2141
-0.1279	-0.1691	0.2120	-2.2181
-0.1292	-0.1694	0.2130	-2.2223
-0.1303	-0.1698	0.2140	-2.2252
-0.1310	-0.1692	0.2140	-2.2294
-0.1317	-0.1687	0.2140	-2.2335
-0.1323	-0.1682	0.2140	-2.2375
-0.1330	-0.1676	0.2140	-2.2416
-0.1337	-0.1671	0.2140	-2.2457
-0.1343	-0.1666	0.2140	-2.2495
-0.1357	-0.1668	0.2150	-2.2536
-0.1363	-0.1662	0.2150	-2.2577
-0.1375	-0.1666	0.2160	-2.2607
-0.1382	-0.1660	0.2160	-2.2648
-0.1395	-0.1662	0.2170	-2.2689
-0.1402	-0.1657	0.2170	-2.2730
-0.1408	-0.1651	0.2170	-2.2771
-0.1420	-0.1654	0.2180	-2.2801
-0.1427	-0.1648	0.2180	-2.2842
-0.1440	-0.1650	0.2190	-2.2882
-0.1447	-0.1644	0.2190	-2.2923
-0.1453	-0.1638	0.2190	-2.2965
-0.1459	-0.1633	0.2190	-2.3002
-0.1466	-0.1627	0.2190	-2.3043
-0.1478	-0.1630	0.2200	-2.3073
-0.1491	-0.1631	0.2210	-2.3114
-0.1498	-0.1625	0.2210	-2.3155
-0.1504	-0.1619	0.2210	-2.3196
-0.1516	-0.1622	0.2220	-2.3226
-0.1523	-0.1615	0.2220	-2.3267
-0.1536	-0.1616	0.2230	-2.3308
-0.1543	-0.1610	0.2230	-2.3349
-0.1549	-0.1604	0.2230	-2.3389
-0.1561	-0.1606	0.2240	-2.3420
-0.1568	-0.1600	0.2240	-2.3460
-0.1581	-0.1601	0.2250	-2.3502
-0.1593	-0.1603	0.2260	-2.3531
-0.1600	-0.1596	0.2260	-2.3572
-0.1606	-0.1590	0.2260	-2.3614
-0.1619	-0.1591	0.2270	-2.3651
-0.1626	-0.1584	0.2270	-2.3692
-0.1632	-0.1577	0.2270	-2.3734
-0.1644	-0.1579	0.2280	-2.3763
-0.1651	-0.1573	0.2280	-2.3805
-0.1677	-0.1559	0.2290	-2.3927
-0.1689	-0.1561	0.2300	-2.3957
-0.1709	-0.1569	0.2320	-2.3987
-0.1715	-0.1562	0.2320	-2.4028
-0.1722	-0.1555	0.2320	-2.4069
-0.1735	-0.1555	0.2330	-2.4109
-0.1742	-0.1548	0.2330	-2.4151
-0.1748	-0.1541	0.2330	-2.4192
-0.1754	-0.1534	0.2330	-2.4229
-0.1774	-0.1541	0.2350	-2.4263
-0.1788	-0.1541	0.2360	-2.4303
-0.1794	-0.1534	0.2360	-2.4341
-0.1806	-0.1534	0.2370	-2.4374
-0.1820	-0.1533	0.2380	-2.4415
-0.1826	-0.1526	0.2380	-2.4454
-0.1832	-0.1519	0.2380	-2.4494
-0.1845	-0.1520	0.2390	-2.4525
-0.1851	-0.1512	0.2390	-2.4565
-0.1857	-0.1505	0.2390	-2.4606
-0.1871	-0.1503	0.2400	-2.4647
-0.1891	-0.1510	0.2420	-2.4677
-0.1905	-0.1509	0.2430	-2.4718
-0.1911	-0.1501	0.2430	-2.4758
-0.1924	-0.1501	0.2440	-2.4789
-0.1930	-0.1493	0.2440	-2.4829
-0.1936	-0.1485	0.2440	-2.4871
-0.1950	-0.1484	0.2450	-2.4912
-0.1962	-0.1484	0.2460	-2.4942
-0.1976	-0.1482	0.2470	-2.4982
-0.1982	-0.1474	0.2470	-2.5023
-0.1996	-0.1471	0.2480	-2.5064
-0.2009	-0.1471	0.2490	-2.5094
-0.2023	-0.1469	0.2500	-2.5135
-0.2029	-0.1461	0.2500	-2.5175
-0.2041	-0.1460	0.2510	-2.5206
-0.2055	-0.1458	0.2520	-2.5246
-0.2061	-0.1449	0.2520	-2.5288
-0.2076	-0.1447	0.2530	-2.5329
-0.2081	-0.1438	0.2530	-2.5369
-0.2094	-0.1438	0.2540	-2.5400
-0.2108	-0.1435	0.2550	-2.5440
-0.2122	-0.1432	0.2560	-2.5481
-0.2135	-0.1431	0.2570	-2.5511
-0.2149	-0.1428	0.2580	-2.5552
-0.2155	-0.1419	0.2580	-2.5594
-0.2167	-0.1418	0.2590	-2.5623
-0.2182	-0.1414	0.2600	-2.5664
-0.2196	-0.1411	0.2610	-2.5705
-0.2209	-0.1410	0.2620	-2.5735
-0.2223	-0.1406	0.2630	-2.5776
-0.2237	-0.1402	0.2640	-2.5817
-0.2250	-0.1401	0.2650	-2.5847
-0.2264	-0.1397	0.2660	-2.5888
-0.2269	-0.1388	0.2660	-2.5928
-0.2284	-0.1383	0.2670	-2.5969
-0.2296	-0.1382	0.2680	-2.5999
-0.2311	-0.1377	0.2690	-2.6040
-0.2325	-0.1373	0.2700	-2.6082
-0.2338	-0.1371	0.2710	-2.6111
-0.2352	-0.1366	0.2720	-2.6152
-0.2366	-0.1362	0.2730	-2.6193
-0.2379	-0.1360	0.2740	-2.6223
-0.2384	-0.1350	0.2740	-2.6264
-0.2399	-0.1345	0.2750	-2.6305
-0.2420	-0.1348	0.2770	-2.6335
-0.2426	-0.1338	0.2770	-2.6376
-0.2440	-0.1333	0.2780	-2.6417
-0.2454	-0.1327	0.2790	-2.6457
-0.2467	-0.1325	0.2800	-2.6488
-0.2481	-0.1319	0.2810	-2.6528
-0.2495	-0.1314	0.2820	-2.6570
-0.2508	-0.1311	0.2830	-2.6599
-0.2522	-0.1305	0.2840	-2.6640
-0.2544	-0.1306	0.2860	-2.6673
-0.2558	-0.1301	0.2870	-2.6711
-0.2572	-0.1295	0.2880	-2.6753
-0.2587	-0.1289	0.2890	-2.6793
-0.2600	-0.1285	0.2900	-2.6825
-0.2614	-0.1279	0.2910	-2.6864
-0.2628	-0.1273	0.2920	-2.6905
-0.2641	-0.1269	0.2930	-2.6938
-0.2664	-0.1267	0.2950	-2.6976
-0.2678	-0.1261	0.2960	-2.7016
-0.2691	-0.1256	0.2970	-2.7050
-0.2706	-0.1249	0.2980	-2.7090
-0.2719	-0.1243	0.2990	-2.7128
-0.2733	-0.1238	0.3000	-2.7161
-0.2756	-0.1235	0.3020	-2.7202
-0.2770	-0.1229	0.3030	-2.7241
-0.2783	-0.1224	0.3040	-2.7273
-0.2797	-0.1216	0.3050	-2.7313
-0.2820	-0.1213	0.3070	-2.7355
-0.2833	-0.1208	0.3080	-2.7384
-0.2847	-0.1201	0.3090	-2.7426
-0.2861	-0.1193	0.3100	-2.7467
-0.2883	-0.1192	0.3120	-2.7497
-0.2898	-0.1184	0.3130	-2.7538
-0.2921	-0.1179	0.3150	-2.7578
-0.2934	-0.1174	0.3160	-2.7609
-0.2948	-0.1166	0.3170	-2.7649
-0.2971	-0.1161	0.3190	-2.7690
-0.2984	-0.1156	0.3200	-2.7720
-0.3007	-0.1151	0.3220	-2.7761
-0.3021	-0.1142	0.3230	-2.7802
-0.3044	-0.1140	0.3250	-2.7832
-0.3058	-0.1131	0.3260	-2.7873
-0.3071	-0.1122	0.3270	-2.7914
-0.3094	-0.1119	0.3290	-2.7944
-0.3117	-0.1114	0.3310	-2.7985
-0.3131	-0.1104	0.3320	-2.8026
-0.3153	-0.1101	0.3340	-2.8056
-0.3167	-0.1092	0.3350	-2.8097
-0.3189	-0.1089	0.3370	-2.8126
-0.3213	-0.1082	0.3390	-2.8168
-0.3227	-0.1072	0.3400	-2.8208
-0.3249	-0.1068	0.3420	-2.8239
-0.3272	-0.1062	0.3440	-2.8279
-0.3296	-0.1054	0.3460	-2.8320
-0.3308	-0.1046	0.3470	-2.8353
-0.3332	-0.1040	0.3490	-2.8391
-0.3355	-0.1032	0.3510	-2.8432
-0.3377	-0.1028	0.3530	-2.8462
-0.3400	-0.1019	0.3550	-2.8503
-0.3422	-0.1016	0.3570	-2.8530
-0.3446	-0.1007	0.3590	-2.8571
-0.3469	-0.1000	0.3610	-2.8610
-0.3481	-0.0992	0.3620	-2.8639
-0.3514	-0.0987	0.3650	-2.8678
-0.3537	-0.0978	0.3670	-2.8718
-0.3559	-0.0974	0.3690	-2.8746
-0.3582	-0.0964	0.3710	-2.8786
-0.3604	-0.0960	0.3730	-2.8814
-0.3628	-0.0950	0.3750	-2.8855
-0.3651	-0.0941	0.3770	-2.8893
-0.3683	-0.0937	0.3800	-2.8923
-0.3706	-0.0928	0.3820	-2.8962
-0.3729	-0.0918	0.3840	-2.9002
-0.3760	-0.0915	0.3870	-2.9030
-0.3783	-0.0904	0.3890	-2.9070
-0.3806	-0.0897	0.3910	-2.9101
-0.3838	-0.0890	0.3940	-2.9138
-0.3861	-0.0879	0.3960	-2.9176
-0.3893	-0.0874	0.3990	-2.9207
-0.3916	-0.0864	0.4010	-2.9244
-0.3948	-0.0858	0.4040	-2.9275
-0.3981	-0.0849	0.4070	-2.9315
-0.4003	-0.0837	0.4090	-2.9354
-0.4035	-0.0832	0.4120	-2.9383
-0.4068	-0.0822	0.4150	-2.9422
-0.4100	-0.0815	0.4180	-2.9452
-0.4132	-0.0806	0.4210	-2.9490
-0.4164	-0.0799	0.4240	-2.9521
-0.4197	-0.0789	0.4270	-2.9558
-0.4219	-0.0775	0.4290	-2.9599
-0.4261	-0.0770	0.4330	-2.9629
-0.4294	-0.0759	0.4360	-2.9667
-0.4326	-0.0747	0.4390	-2.9706
-0.4358	-0.0739	0.4420	-2.9735
-0.4400	-0.0729	0.4460	-2.9774
-0.4432	-0.0721	0.4490	-2.9803
-0.4464	-0.0707	0.4520	-2.9845
-0.4506	-0.0701	0.4560	-2.9872
-0.4538	-0.0687	0.4590	-2.9913
-0.4580	-0.0676	0.4630	-2.9951
-0.4612	-0.0667	0.4660	-2.9981
-0.4654	-0.0654	0.4700	-3.0019
-0.4696	-0.0646	0.4740	-3.0049
-0.4738	-0.0633	0.4780	-3.0087
-0.4780	-0.0619	0.4820	-3.0128
-0.4821	-0.0611	0.4860	-3.0155
-0.4864	-0.0596	0.4900	-3.0196
-0.4895	-0.0585	0.4930	-3.0226
-0.4947	-0.0572	0.4980	-3.0264
-0.4988	-0.0562	0.5020	-3.0294
-0.5030	-0.0547	0.5060	-3.0333
-0.5082	-0.0532	0.5110	-3.0374
-0.5133	-0.0523	0.5160	-3.0401
-0.5177	-0.0493	0.5200	-3.0467
-0.5218	-0.0481	0.5240	-3.0496
-0.5279	-0.0466	0.5300	-3.0535
-0.5341	-0.0456	0.5360	-3.0565
-0.5382	-0.0439	0.5400	-3.0603
-0.5444	-0.0421	0.5460	-3.0644
-0.5505	-0.0409	0.5520	-3.0674
-0.5566	-0.0392	0.5580	-3.0712
-0.5607	-0.0378	0.5620	-3.0742
-0.5669	-0.0361	0.5680	-3.0780
-0.5749	-0.0349	0.5760	-3.0810
-0.5811	-0.0328	0.5820	-3.0851
-0.5871	-0.0316	0.5880	-3.0878
-0.5933	-0.0295	0.5940	-3.0919
-0.5993	-0.0280	0.6000	-3.0949
-0.6074	-0.0260	0.6080	-3.0987
-0.6135	-0.0238	0.6140	-3.1029
-0.6216	-0.0224	0.6220	-3.1055
-0.6277	-0.0200	0.6280	-3.1097
-0.6357	-0.0184	0.6360	-3.1126
-0.6438	-0.0162	0.6440	-3.1165
-0.6518	-0.0144	0.6520	-3.1194
-0.6599	-0.0121	0.6600	-3.1233
-0.6679	-0.0102	0.6680	-3.1263
-0.6760	-0.0076	0.6760	-3.1304
-0.6840	-0.0058	0.6840	-3.1331
-0.6940	-0.0031	0.6940	-3.1372
-0.7020	-0.0004	0.7020	-3.1410
-0.5833	-0.0280	0.5840	-3.0936
-0.5914	-0.0267	0.5920	-3.0965
-0.5975	-0.0246	0.5980	-3.1004
-0.6056	-0.0232	0.6060	-3.1033
-0.6116	-0.0209	0.6120	-3.1075
-0.6177	-0.0193	0.6180	-3.1104
-0.6238	-0.0170	0.6240	-3.1143
-0.6338	-0.0154	0.6340	-3.1172
-0.6419	-0.0130	0.6420	-3.1214
-0.6499	-0.0114	0.6500	-3.1240
-0.6579	-0.0088	0.6580	-3.1282
-0.6680	-0.0070	0.6680	-3.1311
-0.6760	-0.0045	0.6760	-3.1350
-0.6840	-0.0024	0.6840	-3.1380
-0.5749	-0.0352	0.5760	-3.0804
-0.5830	-0.0335	0.5840	-3.0843
-0.5891	-0.0322	0.5900	-3.0870
-0.5972	-0.0304	0.5980	-3.0908
-0.6053	-0.0289	0.6060	-3.0938
-0.6114	-0.0269	0.6120	-3.0977
-0.6195	-0.0254	0.6200	-3.1007
-0.6276	-0.0233	0.6280	-3.1045
-0.6356	-0.0219	0.6360	-3.1072
-0.6437	-0.0195	0.6440	-3.1113
-0.6518	-0.0180	0.6520	-3.1140
-0.6598	-0.0157	0.6600	-3.1178
-0.6699	-0.0139	0.6700	-3.1208
-0.6779	-0.0115	0.6780	-3.1246
-0.6879	-0.0098	0.6880	-3.1274
-0.6980	-0.0071	0.6980	-3.1314
-0.7080	-0.0052	0.7080	-3.1342
-0.7180	-0.0025	0.7180	-3.1380
-0.7280	-0.0004	0.7280	-3.1410
-0.7517	-0.0216	0.7520	-3.1129
-0.7498	-0.0186	0.7500	-3.1168
-0.7478	-0.0156	0.7480	-3.1208
-0.7459	-0.0127	0.7460	-3.1246
-0.7419	-0.0090	0.7420	-3.1295
-0.7420	-0.0061	0.7420	-3.1333
-0.7420	-0.0033	0.7420	-3.1372
-0.7380	-0.0002	0.7380	-3.1413
