x	y	r	phi
-0.1938	0.4413	0.4820	1.9846
-0.1926	0.4429	0.4830	1.9810
-0.1906	0.4438	0.4830	1.9763
-0.1889	0.4456	0.4840	1.9717
-0.1864	0.4456	0.4830	1.9670
-0.1844	0.4464	0.4830	1.9624
-0.1828	0.4481	0.4840	1.9581
-0.1807	0.4490	0.4840	1.9534
-0.1786	0.4498	0.4840	1.9488
-0.1766	0.4506	0.4840	1.9442
-0.1746	0.4514	0.4840	1.9398
-0.1725	0.4522	0.4840	1.9352
-0.1707	0.4540	0.4850	1.9305
-0.1686	0.4547	0.4850	1.9259
-0.1663	0.4545	0.4840	1.9215
-0.1642	0.4553	0.4840	1.9169
-0.1624	0.4570	0.4850	1.9123
-0.1606	0.4587	0.4860	1.9076
-0.1586	0.4594	0.4860	1.9033
-0.1565	0.4601	0.4860	1.8987
-0.1544	0.4608	0.4860	1.8940
-0.1522	0.4615	0.4860	1.8894
-0.1505	0.4632	0.4870	1.8850
-0.1484	0.4638	0.4870	1.8804
-0.1462	0.4645	0.4870	1.8758
-0.1443	0.4662	0.4880	1.8711
-0.1423	0.4668	0.4880	1.8668
-0.1398	0.4665	0.4870	1.8621
-0.1380	0.4681	0.4880	1.8575
-0.1361	0.4697	0.4890	1.8529
-0.1339	0.4703	0.4890	1.8482
-0.1319	0.4709	0.4890	1.8438
-0.1299	0.4725	0.4900	1.8391
-0.1277	0.4731	0.4900	1.8345
-0.1256	0.4736	0.4900	1.8299
-0.1237	0.4752	0.4910	1.8255
-0.1215	0.4757	0.4910	1.8209
-0.1193	0.4763	0.4910	1.8162
-0.1171	0.4768	0.4910	1.8116
-0.1157	0.4782	0.4920	1.8081
-0.1135	0.4787	0.4920	1.8035
-0.1116	0.4802	0.4930	1.7991
-0.1094	0.4807	0.4930	1.7945
-0.1074	0.4822	0.4940	1.7899
-0.1051	0.4827	0.4940	1.7852
-0.1032	0.4841	0.4950	1.7809
-0.1009	0.4846	0.4950	1.7762
-0.0987	0.4851	0.4950	1.7716
-0.0967	0.4865	0.4960	1.7670
-0.0947	0.4879	0.4970	1.7625
-0.0925	0.4883	0.4970	1.7579
-0.0904	0.4897	0.4980	1.7532
-0.0881	0.4901	0.4980	1.7486
-0.0862	0.4915	0.4990	1.7443
-0.0840	0.4929	0.5000	1.7396
-0.0817	0.4933	0.5000	1.7350
-0.0794	0.4937	0.5000	1.7303
-0.0775	0.4950	0.5010	1.7260
-0.0757	0.4963	0.5020	1.7222
-0.0737	0.4976	0.5030	1.7179
-0.0714	0.4979	0.5030	1.7132
-0.0692	0.4992	0.5040	1.7086
-0.0671	0.5005	0.5050	1.7040
-0.0648	0.5008	0.5050	1.6996
-0.0627	0.5021	0.5060	1.6950
-0.0604	0.5034	0.5070	1.6903
-0.0581	0.5037	0.5070	1.6857
-0.0560	0.5049	0.5080	1.6812
-0.0538	0.5062	0.5090	1.6766
-0.0514	0.5064	0.5090	1.6720
-0.0492	0.5076	0.5100	1.6673
-0.0471	0.5088	0.5110	1.6630
-0.0448	0.5100	0.5120	1.6584
-0.0424	0.5102	0.5120	1.6537
-0.0401	0.5104	0.5120	1.6491
-0.0384	0.5126	0.5140	1.6456
-0.0360	0.5127	0.5140	1.6410
-0.0339	0.5149	0.5160	1.6366
-0.0315	0.5150	0.5160	1.6320
-0.0291	0.5152	0.5160	1.6273
-0.0269	0.5173	0.5180	1.6227
-0.0245	0.5174	0.5180	1.6181
-0.0223	0.5195	0.5200	1.6137
-0.0199	0.5196	0.5200	1.6090
-0.0175	0.5217	0.5220	1.6044
-0.0151	0.5218	0.5220	1.5998
-0.0128	0.5218	0.5220	1.5953
-0.0111	0.5239	0.5240	1.5919
-0.0086	0.5239	0.5240	1.5872
-0.0062	0.5260	0.5260	1.5826
-0.0037	0.5280	0.5280	1.5779
-0.0015	0.5280	0.5280	1.5736
0.0010	0.5300	0.5300	1.5690
0.0035	0.5300	0.5300	1.5643
0.0058	0.5320	0.5320	1.5600
0.0083	0.5319	0.5320	1.5553
0.0108	0.5339	0.5340	1.5507
0.0131	0.5338	0.5340	1.5463
0.0150	0.5358	0.5360	1.5428
0.0175	0.5357	0.5360	1.5381
0.0201	0.5376	0.5380	1.5335
0.0225	0.5395	0.5400	1.5291
0.0250	0.5394	0.5400	1.5245
0.0276	0.5413	0.5420	1.5199
0.0300	0.5412	0.5420	1.5155
0.0326	0.5430	0.5440	1.5109
0.0351	0.5449	0.5460	1.5065
0.0376	0.5447	0.5460	1.5019
0.0397	0.5466	0.5480	1.4983
0.0424	0.5484	0.5500	1.4937
0.0449	0.5482	0.5500	1.4890
0.0475	0.5500	0.5520	1.4847
0.0502	0.5517	0.5540	1.4800
0.0528	0.5515	0.5540	1.4754
0.0554	0.5532	0.5560	1.4710
0.0582	0.5550	0.5580	1.4664
0.0605	0.5547	0.5580	1.4621
0.0629	0.5565	0.5600	1.4582
0.0656	0.5582	0.5620	1.4538
0.0684	0.5598	0.5640	1.4492
0.0710	0.5595	0.5640	1.4446
0.0737	0.5612	0.5660	1.4402
0.0765	0.5628	0.5680	1.4356
0.0793	0.5645	0.5700	1.4312
0.0818	0.5661	0.5720	1.4274
0.0842	0.5658	0.5720	1.4231
0.0872	0.5673	0.5740	1.4184
0.0901	0.5689	0.5760	1.4138
0.0929	0.5705	0.5780	1.4094
0.0959	0.5720	0.5800	1.4047
0.0987	0.5736	0.5820	1.4004
0.1017	0.5751	0.5840	1.3957
0.1044	0.5746	0.5840	1.3911
0.1068	0.5762	0.5860	1.3876
0.1098	0.5777	0.5880	1.3830
0.1127	0.5791	0.5900	1.3786
0.1158	0.5806	0.5920	1.3740
0.1189	0.5820	0.5940	1.3693
0.1218	0.5834	0.5960	1.3650
0.1249	0.5848	0.5980	1.3604
0.1274	0.5863	0.6000	1.3568
0.1306	0.5877	0.6020	1.3521
0.1336	0.5890	0.6040	1.3478
0.1368	0.5904	0.6060	1.3431
0.1400	0.5917	0.6080	1.3385
0.1430	0.5930	0.6100	1.3342
0.1463	0.5943	0.6120	1.3295
0.1493	0.5956	0.6140	1.3252
0.1526	0.5989	0.6180	1.3213
0.1557	0.6001	0.6200	1.3169
0.1590	0.6013	0.6220	1.3123
0.1623	0.6025	0.6240	1.3077
0.1655	0.6037	0.6260	1.3033
0.1688	0.6049	0.6280	1.2987
0.1722	0.6060	0.6300	1.2940
0.1749	0.6073	0.6320	1.2905
0.1786	0.6104	0.6360	1.2861
0.1820	0.6115	0.6380	1.2815
0.1854	0.6125	0.6400	1.2768
0.1892	0.6156	0.6440	1.2725
0.1927	0.6166	0.6460	1.2678
0.1955	0.6178	0.6480	1.2643
0.1996	0.6207	0.6520	1.2597
0.2029	0.6217	0.6540	1.2553
0.2064	0.6227	0.6560	1.2507
0.2106	0.6255	0.6600	1.2461
0.2140	0.6265	0.6620	1.2417
0.2175	0.6295	0.6660	1.2381
0.2211	0.6304	0.6680	1.2335
0.2246	0.6312	0.6700	1.2289
0.2288	0.6340	0.6740	1.2245
0.2324	0.6348	0.6760	1.2199
0.2367	0.6375	0.6800	1.2152
0.2402	0.6383	0.6820	1.2109
0.2439	0.6412	0.6860	1.2073
0.2476	0.6419	0.6880	1.2026
0.2520	0.6445	0.6920	1.1980
0.2563	0.6471	0.6960	1.1937
0.2600	0.6477	0.6980	1.1890
0.2645	0.6503	0.7020	1.1844
0.2684	0.6530	0.7060	1.1809
0.2720	0.6537	0.7080	1.1765
0.2766	0.6561	0.7120	1.1719
0.2812	0.6585	0.7160	1.1673
0.2848	0.6591	0.7180	1.1629
0.2895	0.6614	0.7220	1.1583
0.2933	0.6641	0.7260	1.1550
0.2972	0.6646	0.7280	1.1503
0.3017	0.6669	0.7320	1.1460
0.3065	0.6691	0.7360	1.1413
0.3111	0.6714	0.7400	1.1370
0.3157	0.6737	0.7440	1.1326
0.3198	0.6762	0.7480	1.1290
0.3245	0.6784	0.7520	1.1247
0.3293	0.6805	0.7560	1.1201
0.3341	0.6826	0.7600	1.1157
0.3390	0.6847	0.7640	1.1111
0.3438	0.6868	0.7680	1.1067
0.3480	0.6891	0.7720	1.1031
0.3528	0.6912	0.7760	1.0988
0.3579	0.6930	0.7800	1.0941
0.3627	0.6950	0.7840	1.0898
0.3686	0.6987	0.7900	1.0854
0.3729	0.7010	0.7940	1.0818
0.3779	0.7029	0.7980	1.0775
0.3840	0.7064	0.8040	1.0729
0.3890	0.7082	0.8080	1.0685
0.3942	0.7099	0.8120	1.0639
0.4003	0.7134	0.8180	1.0595
0.4048	0.7154	0.8220	1.0560
0.4108	0.7189	0.8280	1.0516
0.4162	0.7204	0.8320	1.0469
0.4213	0.7221	0.8360	1.0426
0.4275	0.7254	0.8420	1.0382
0.4332	0.7290	0.8480	1.0347
0.4449	0.7266	0.8520	1.0213
0.4644	0.7286	0.8640	1.0033
0.4654	0.7232	0.8600	0.9990
0.4675	0.7195	0.8580	0.9946
0.4697	0.7156	0.8560	0.9900
0.4706	0.7102	0.8520	0.9856
0.4728	0.7064	0.8500	0.9810
0.4748	0.7026	0.8480	0.9766
0.4774	0.6984	0.8460	0.9712
0.4793	0.6947	0.8440	0.9668
0.4814	0.6908	0.8420	0.9622
0.4833	0.6870	0.8400	0.9578
0.4851	0.6833	0.8380	0.9535
0.4871	0.6794	0.8360	0.9488
0.4877	0.6741	0.8320	0.9445
0.4897	0.6702	0.8300	0.9398
0.4914	0.6664	0.8280	0.9354
0.4931	0.6626	0.8260	0.9310
0.4950	0.6588	0.8240	0.9264
0.4966	0.6550	0.8220	0.9221
0.4983	0.6513	0.8200	0.9177
0.5006	0.6469	0.8180	0.9122
0.5023	0.6430	0.8160	0.9076
0.5039	0.6393	0.8140	0.9032
0.5054	0.6355	0.8120	0.8989
0.5072	0.6316	0.8100	0.8942
0.5086	0.6278	0.8080	0.8899
0.5102	0.6239	0.8060	0.8853
0.5117	0.6201	0.8040	0.8809
0.5131	0.6164	0.8020	0.8766
0.5147	0.6124	0.8000	0.8719
0.5161	0.6087	0.7980	0.8676
0.5174	0.6049	0.7960	0.8632
0.5189	0.6010	0.7940	0.8585
0.5216	0.5987	0.7940	0.8541
0.5235	0.5943	0.7920	0.8487
0.5249	0.5904	0.7900	0.8441
0.5261	0.5867	0.7880	0.8398
0.5287	0.5843	0.7880	0.8353
0.5287	0.5789	0.7840	0.8307
0.5312	0.5766	0.7840	0.8263
0.5323	0.5728	0.7820	0.8220
0.5337	0.5689	0.7800	0.8173
0.5347	0.5651	0.7780	0.8130
0.5360	0.5611	0.7760	0.8083
0.5384	0.5588	0.7760	0.8040
0.5395	0.5550	0.7740	0.7996
0.5406	0.5511	0.7720	0.7950
0.5430	0.5488	0.7720	0.7907
0.5440	0.5449	0.7700	0.7863
0.5456	0.5406	0.7680	0.7808
0.5480	0.5380	0.7680	0.7762
0.5490	0.5342	0.7660	0.7718
0.5498	0.5305	0.7640	0.7675
0.5523	0.5279	0.7640	0.7628
0.5531	0.5241	0.7620	0.7585
0.5541	0.5202	0.7600	0.7539
0.5564	0.5177	0.7600	0.7494
0.5571	0.5140	0.7580	0.7451
0.5595	0.5114	0.7580	0.7404
0.5603	0.5076	0.7560	0.7361
0.5611	0.5036	0.7540	0.7314
0.5635	0.5010	0.7540	0.7268
0.5643	0.4971	0.7520	0.7222
0.5666	0.4945	0.7520	0.7175
0.5673	0.4905	0.7500	0.7129
0.5681	0.4866	0.7480	0.7083
0.5704	0.4839	0.7480	0.7036
0.5709	0.4802	0.7460	0.6993
0.5732	0.4775	0.7460	0.6946
0.5743	0.4730	0.7440	0.6889
0.5765	0.4703	0.7440	0.6843
0.5771	0.4664	0.7420	0.6796
0.5793	0.4636	0.7420	0.6750
0.5799	0.4597	0.7400	0.6703
0.5818	0.4572	0.7400	0.6660
0.5840	0.4545	0.7400	0.6613
0.5845	0.4506	0.7380	0.6567
0.5866	0.4479	0.7380	0.6521
0.5871	0.4439	0.7360	0.6474
0.5891	0.4412	0.7360	0.6428
0.5896	0.4372	0.7340	0.6381
0.5916	0.4345	0.7340	0.6335
0.5919	0.4306	0.7320	0.6289
0.5940	0.4278	0.7320	0.6242
0.5959	0.4251	0.7320	0.6196
0.5962	0.4212	0.7300	0.6150
0.5981	0.4186	0.7300	0.6106
0.6000	0.4158	0.7300	0.6060
0.6003	0.4119	0.7280	0.6013
0.6022	0.4091	0.7280	0.5967
0.6041	0.4063	0.7280	0.5921
0.6043	0.4024	0.7260	0.5874
0.6061	0.3996	0.7260	0.5828
0.6080	0.3968	0.7260	0.5782
0.6082	0.3928	0.7240	0.5735
0.6100	0.3900	0.7240	0.5689
0.6117	0.3872	0.7240	0.5643
0.6136	0.3843	0.7240	0.5596
0.6152	0.3817	0.7240	0.5553
0.6157	0.3771	0.7220	0.5495
0.6174	0.3743	0.7220	0.5449
0.6192	0.3714	0.7220	0.5402
0.6209	0.3685	0.7220	0.5356
0.6226	0.3656	0.7220	0.5310
0.6225	0.3617	0.7200	0.5263
0.6241	0.3590	0.7200	0.5220
0.6258	0.3561	0.7200	0.5173
0.6274	0.3532	0.7200	0.5127
0.6290	0.3503	0.7200	0.5081
0.6307	0.3474	0.7200	0.5034
0.6305	0.3435	0.7180	0.4988
0.6321	0.3406	0.7180	0.4942
0.6319	0.3367	0.7160	0.4895
0.6335	0.3338	0.7160	0.4849
0.6368	0.3318	0.7180	0.4803
0.6383	0.3288	0.7180	0.4756
0.6379	0.3251	0.7160	0.4713
0.6395	0.3221	0.7160	0.4666
0.6427	0.3201	0.7180	0.4620
0.6442	0.3171	0.7180	0.4574
0.6439	0.3132	0.7160	0.4527
0.6435	0.3094	0.7140	0.4481
0.6467	0.3072	0.7160	0.4435
0.6500	0.3051	0.7180	0.4388
0.6496	0.3012	0.7160	0.4342
0.6510	0.2982	0.7160	0.4295
0.6505	0.2943	0.7140	0.4249
0.6537	0.2922	0.7160	0.4203
0.6550	0.2893	0.7160	0.4159
0.6545	0.2855	0.7140	0.4113
0.6558	0.2824	0.7140	0.4067
0.6589	0.2801	0.7160	0.4020
0.6602	0.2771	0.7160	0.3974
0.6615	0.2740	0.7160	0.3927
0.6628	0.2710	0.7160	0.3881
0.6640	0.2679	0.7160	0.3835
0.6652	0.2648	0.7160	0.3788
0.6665	0.2617	0.7160	0.3742
0.6677	0.2586	0.7160	0.3696
0.6689	0.2555	0.7160	0.3649
0.6700	0.2526	0.7160	0.3606
0.6711	0.2495	0.7160	0.3559
0.6723	0.2464	0.7160	0.3513
0.6734	0.2433	0.7160	0.3467
0.6745	0.2401	0.7160	0.3420
0.6756	0.2370	0.7160	0.3374
0.6767	0.2339	0.7160	0.3328
0.6797	0.2314	0.7180	0.3281
0.6808	0.2282	0.7180	0.3235
0.6818	0.2251	0.7180	0.3189
0.6829	0.2219	0.7180	0.3142
0.6839	0.2187	0.7180	0.3096
0.6848	0.2157	0.7180	0.3052
0.6858	0.2126	0.7180	0.3006
0.6868	0.2094	0.7180	0.2960
0.6897	0.2068	0.7200	0.2913
0.6906	0.2036	0.7200	0.2867
0.6915	0.2005	0.7200	0.2823
0.6924	0.1975	0.7200	0.2779
0.6932	0.1945	0.7200	0.2735
0.6941	0.1915	0.7200	0.2692
0.6969	0.1888	0.7220	0.2646
0.6977	0.1858	0.7220	0.2602
0.7003	0.1838	0.7240	0.2567
0.7011	0.1808	0.7240	0.2523
0.7019	0.1777	0.7240	0.2479
0.7026	0.1746	0.7240	0.2436
0.7034	0.1713	0.7240	0.2389
0.7042	0.1683	0.7240	0.2346
0.7068	0.1656	0.7260	0.2302
0.7076	0.1626	0.7260	0.2259
0.7083	0.1593	0.7260	0.2212
0.7109	0.1566	0.7280	0.2169
0.7116	0.1535	0.7280	0.2125
0.7123	0.1504	0.7280	0.2081
0.7129	0.1473	0.7280	0.2037
0.7156	0.1444	0.7300	0.1991
0.7162	0.1412	0.7300	0.1947
0.7168	0.1382	0.7300	0.1904
0.7194	0.1354	0.7320	0.1860
0.7200	0.1321	0.7320	0.1814
0.7206	0.1289	0.7320	0.1771
0.7231	0.1261	0.7340	0.1727
0.7236	0.1230	0.7340	0.1684
0.7262	0.1199	0.7360	0.1637
0.7267	0.1168	0.7360	0.1593
0.7272	0.1136	0.7360	0.1549
0.7296	0.1107	0.7380	0.1506
0.7302	0.1073	0.7380	0.1459
0.7326	0.1044	0.7400	0.1416
0.7330	0.1012	0.7400	0.1372
0.7335	0.0980	0.7400	0.1329
0.7120	0.0752	0.7160	0.1053
0.7024	0.0710	0.7060	0.1007
0.6928	0.0664	0.6960	0.0955
0.6832	0.0623	0.6860	0.0909
0.6735	0.0579	0.6760	0.0857
0.6658	0.0541	0.6680	0.0810
0.6581	0.0498	0.6600	0.0755
0.6484	0.0463	0.6500	0.0712
0.6386	0.0421	0.6400	0.0658
0.6308	0.0388	0.6320	0.0614
0.6230	0.0349	0.6240	0.0560
0.6172	0.0319	0.6180	0.0516
0.6094	0.0281	0.6100	0.0461
0.6035	0.0252	0.6040	0.0418
0.5956	0.0217	0.5960	0.0363
0.5877	0.0188	0.5880	0.0319
0.5798	0.0153	0.5800	0.0265
0.5739	0.0127	0.5740	0.0221
0.5679	0.0095	0.5680	0.0167
0.5620	0.0069	0.5620	0.0123
0.5560	0.0038	0.5560	0.0069
0.5500	0.0014	0.5500	0.0025
0.5440	-0.0016	0.5440	-0.0030
0.5380	-0.0039	0.5380	-0.0073
0.5320	-0.0068	0.5320	-0.0128
0.5259	-0.0090	0.5260	-0.0172
0.5199	-0.0118	0.5200	-0.0226
0.5158	-0.0139	0.5160	-0.0269
0.5097	-0.0165	0.5100	-0.0324
0.5057	-0.0186	0.5060	-0.0368
0.5006	-0.0211	0.5010	-0.0422
0.4955	-0.0232	0.4960	-0.0469
0.4903	-0.0255	0.4910	-0.0521
0.4862	-0.0276	0.4870	-0.0567
0.4811	-0.0298	0.4820	-0.0618
0.4759	-0.0317	0.4770	-0.0665
0.4718	-0.0335	0.4730	-0.0709
0.4676	-0.0358	0.4690	-0.0763
0.4625	-0.0374	0.4640	-0.0806
0.4583	-0.0396	0.4600	-0.0861
0.4541	-0.0412	0.4560	-0.0905
0.4509	-0.0434	0.4530	-0.0960
0.4467	-0.0450	0.4490	-0.1003
0.4425	-0.0470	0.4450	-0.1057
0.4383	-0.0485	0.4410	-0.1102
0.4351	-0.0505	0.4380	-0.1156
0.4309	-0.0519	0.4340	-0.1199
0.4266	-0.0538	0.4300	-0.1254
0.4244	-0.0554	0.4280	-0.1297
0.4202	-0.0567	0.4240	-0.1341
0.4159	-0.0584	0.4200	-0.1396
0.4137	-0.0601	0.4180	-0.1442
0.4104	-0.0618	0.4150	-0.1494
0.4071	-0.0632	0.4120	-0.1541
0.4038	-0.0650	0.4090	-0.1595
0.3996	-0.0661	0.4050	-0.1638
0.3972	-0.0680	0.4030	-0.1696
0.3939	-0.0693	0.4000	-0.1742
0.3907	-0.0706	0.3970	-0.1788
0.3883	-0.0724	0.3950	-0.1843
0.3850	-0.0736	0.3920	-0.1890
0.3817	-0.0752	0.3890	-0.1944
0.3784	-0.0763	0.3860	-0.1990
0.3750	-0.0779	0.3830	-0.2048
0.3717	-0.0790	0.3800	-0.2094
0.3693	-0.0806	0.3780	-0.2149
0.3670	-0.0819	0.3760	-0.2195
0.3646	-0.0831	0.3740	-0.2242
0.3613	-0.0844	0.3710	-0.2296
0.3589	-0.0856	0.3690	-0.2342
0.3555	-0.0870	0.3660	-0.2400
0.3532	-0.0881	0.3640	-0.2446
0.3508	-0.0893	0.3620	-0.2492
0.3484	-0.0907	0.3600	-0.2546
0.3460	-0.0918	0.3580	-0.2593
0.3436	-0.0931	0.3560	-0.2647
0.3403	-0.0940	0.3530	-0.2694
0.3378	-0.0954	0.3510	-0.2752
0.3354	-0.0964	0.3490	-0.2798
0.3341	-0.0975	0.3480	-0.2841
0.3316	-0.0989	0.3460	-0.2898
0.3292	-0.0999	0.3440	-0.2945
0.3268	-0.1008	0.3420	-0.2991
0.3243	-0.1020	0.3400	-0.3046
0.3220	-0.1029	0.3380	-0.3092
0.3205	-0.1040	0.3370	-0.3138
0.3181	-0.1051	0.3350	-0.3193
0.3157	-0.1060	0.3330	-0.3240
0.3141	-0.1075	0.3320	-0.3296
0.3117	-0.1083	0.3300	-0.3343
0.3093	-0.1090	0.3280	-0.3389
0.3069	-0.1101	0.3260	-0.3444
0.3054	-0.1111	0.3250	-0.3490
0.3039	-0.1122	0.3240	-0.3537
0.3015	-0.1132	0.3220	-0.3591
0.2991	-0.1138	0.3200	-0.3637
0.2975	-0.1152	0.3190	-0.3695
0.2951	-0.1158	0.3170	-0.3741
0.2936	-0.1168	0.3160	-0.3785
0.2920	-0.1181	0.3150	-0.3842
0.2906	-0.1190	0.3140	-0.3889
0.2882	-0.1196	0.3120	-0.3935
0.2857	-0.1204	0.3100	-0.3989
0.2842	-0.1213	0.3090	-0.4035
0.2827	-0.1223	0.3080	-0.4082
0.2811	-0.1234	0.3070	-0.4137
0.2796	-0.1243	0.3060	-0.4183
0.2772	-0.1248	0.3040	-0.4229
0.2756	-0.1259	0.3030	-0.4287
0.2741	-0.1268	0.3020	-0.4333
0.2726	-0.1276	0.3010	-0.4377
0.2701	-0.1283	0.2990	-0.4434
0.2695	-0.1295	0.2990	-0.4480
0.2680	-0.1303	0.2980	-0.4526
0.2655	-0.1309	0.2960	-0.4581
0.2640	-0.1317	0.2950	-0.4628
0.2625	-0.1325	0.2940	-0.4674
0.2610	-0.1332	0.2930	-0.4720
0.2593	-0.1342	0.2920	-0.4775
0.2578	-0.1349	0.2910	-0.4821
0.2563	-0.1356	0.2900	-0.4868
0.2547	-0.1366	0.2890	-0.4925
0.2532	-0.1373	0.2880	-0.4968
0.2517	-0.1380	0.2870	-0.5014
0.2501	-0.1386	0.2860	-0.5061
0.2485	-0.1396	0.2850	-0.5119
0.2461	-0.1397	0.2830	-0.5165
0.2455	-0.1408	0.2830	-0.5208
0.2438	-0.1417	0.2820	-0.5265
0.2423	-0.1423	0.2810	-0.5311
0.2408	-0.1430	0.2800	-0.5358
0.2401	-0.1441	0.2800	-0.5404
0.2376	-0.1443	0.2780	-0.5459
0.2361	-0.1449	0.2770	-0.5505
0.2354	-0.1460	0.2770	-0.5552
0.2337	-0.1468	0.2760	-0.5607
0.2322	-0.1473	0.2750	-0.5653
0.2307	-0.1478	0.2740	-0.5699
0.2290	-0.1486	0.2730	-0.5756
0.2275	-0.1491	0.2720	-0.5800
0.2268	-0.1501	0.2720	-0.5846
0.2253	-0.1506	0.2710	-0.5892
0.2246	-0.1517	0.2710	-0.5939
0.2229	-0.1524	0.2700	-0.5996
0.2222	-0.1533	0.2700	-0.6040
0.2207	-0.1538	0.2690	-0.6086
0.2192	-0.1543	0.2680	-0.6133
0.2167	-0.1543	0.2660	-0.6190
0.2151	-0.1548	0.2650	-0.6237
0.2144	-0.1557	0.2650	-0.6280
0.2137	-0.1567	0.2650	-0.6327
0.2130	-0.1577	0.2650	-0.6373
0.2105	-0.1576	0.2630	-0.6427
0.2090	-0.1580	0.2620	-0.6473
0.2073	-0.1585	0.2610	-0.6528
0.2066	-0.1595	0.2610	-0.6574
0.2059	-0.1604	0.2610	-0.6618
0.2052	-0.1613	0.2610	-0.6664
0.2044	-0.1623	0.2610	-0.6711
0.2029	-0.1626	0.2600	-0.6754
0.2005	-0.1624	0.2580	-0.6809
0.1989	-0.1627	0.2570	-0.6855
0.1973	-0.1631	0.2560	-0.6910
0.1965	-0.1641	0.2560	-0.6957
0.1958	-0.1649	0.2560	-0.7000
0.1943	-0.1652	0.2550	-0.7047
0.1935	-0.1661	0.2550	-0.7093
0.1928	-0.1669	0.2550	-0.7136
0.1920	-0.1678	0.2550	-0.7183
0.1905	-0.1680	0.2540	-0.7226
0.1888	-0.1684	0.2530	-0.7284
0.1873	-0.1686	0.2520	-0.7328
0.1865	-0.1694	0.2520	-0.7374
0.1858	-0.1703	0.2520	-0.7420
0.1843	-0.1704	0.2510	-0.7464
0.1826	-0.1707	0.2500	-0.7518
0.1818	-0.1716	0.2500	-0.7564
0.1810	-0.1724	0.2500	-0.7610
0.1795	-0.1725	0.2490	-0.7655
0.1779	-0.1728	0.2480	-0.7709
0.1764	-0.1729	0.2470	-0.7755
0.1756	-0.1737	0.2470	-0.7801
0.1748	-0.1745	0.2470	-0.7845
0.1740	-0.1753	0.2470	-0.7891
0.1732	-0.1761	0.2470	-0.7935
0.1717	-0.1762	0.2460	-0.7981
0.1709	-0.1770	0.2460	-0.8028
0.1701	-0.1777	0.2460	-0.8072
0.1693	-0.1785	0.2460	-0.8118
0.1685	-0.1793	0.2460	-0.8165
0.1677	-0.1800	0.2460	-0.8208
0.1668	-0.1808	0.2460	-0.8255
0.1652	-0.1809	0.2450	-0.8309
0.1637	-0.1810	0.2440	-0.8355
0.1620	-0.1811	0.2430	-0.8410
0.1606	-0.1811	0.2420	-0.8453
0.1597	-0.1818	0.2420	-0.8500
0.1581	-0.1819	0.2410	-0.8555
0.1572	-0.1827	0.2410	-0.8601
0.1564	-0.1833	0.2410	-0.8644
0.1556	-0.1841	0.2410	-0.8691
0.1547	-0.1848	0.2410	-0.8737
0.1539	-0.1855	0.2410	-0.8781
0.1524	-0.1854	0.2400	-0.8827
0.1516	-0.1861	0.2400	-0.8873
0.1507	-0.1868	0.2400	-0.8917
0.1499	-0.1874	0.2400	-0.8963
0.1484	-0.1873	0.2390	-0.9007
0.1467	-0.1874	0.2380	-0.9064
0.1459	-0.1880	0.2380	-0.9108
0.1459	-0.1893	0.2390	-0.9143
0.1450	-0.1900	0.2390	-0.9190
0.1433	-0.1900	0.2380	-0.9244
0.1419	-0.1899	0.2370	-0.9291
0.1410	-0.1905	0.2370	-0.9334
0.1402	-0.1911	0.2370	-0.9380
0.1385	-0.1911	0.2360	-0.9435
0.1376	-0.1917	0.2360	-0.9482
0.1368	-0.1923	0.2360	-0.9525
0.1359	-0.1930	0.2360	-0.9572
0.1350	-0.1936	0.2360	-0.9618
0.1342	-0.1942	0.2360	-0.9661
0.1327	-0.1940	0.2350	-0.9708
0.1318	-0.1945	0.2350	-0.9751
0.1309	-0.1951	0.2350	-0.9798
0.1300	-0.1957	0.2350	-0.9844
0.1292	-0.1963	0.2350	-0.9887
0.1283	-0.1969	0.2350	-0.9934
0.1274	-0.1975	0.2350	-0.9978
0.1265	-0.1981	0.2350	-1.0025
0.1256	-0.1986	0.2350	-1.0071
0.1240	-0.1985	0.2340	-1.0125
0.1230	-0.1990	0.2340	-1.0171
0.1222	-0.1996	0.2340	-1.0215
0.1212	-0.2001	0.2340	-1.0261
0.1204	-0.2007	0.2340	-1.0305
0.1189	-0.2004	0.2330	-1.0351
0.1175	-0.2000	0.2320	-1.0398
0.1166	-0.2006	0.2320	-1.0442
0.1162	-0.2020	0.2330	-1.0488
0.1158	-0.2033	0.2340	-1.0532
0.1148	-0.2039	0.2340	-1.0578
0.1134	-0.2035	0.2330	-1.0624
0.1125	-0.2040	0.2330	-1.0668
0.1116	-0.2045	0.2330	-1.0714
0.1101	-0.2042	0.2320	-1.0761
0.1093	-0.2047	0.2320	-1.0804
0.1083	-0.2052	0.2320	-1.0851
0.1074	-0.2056	0.2320	-1.0894
0.1065	-0.2061	0.2320	-1.0940
0.1056	-0.2066	0.2320	-1.0984
0.1047	-0.2070	0.2320	-1.1027
0.1037	-0.2075	0.2320	-1.1074
0.1028	-0.2080	0.2320	-1.1118
0.1018	-0.2085	0.2320	-1.1165
0.1009	-0.2089	0.2320	-1.1208
0.0999	-0.2094	0.2320	-1.1255
0.0990	-0.2098	0.2320	-1.1298
0.0981	-0.2103	0.2320	-1.1344
0.0971	-0.2107	0.2320	-1.1388
0.0962	-0.2111	0.2320	-1.1434
0.0952	-0.2116	0.2320	-1.1478
0.0943	-0.2120	0.2320	-1.1521
0.0933	-0.2124	0.2320	-1.1568
0.0924	-0.2128	0.2320	-1.1611
0.0914	-0.2132	0.2320	-1.1658
0.0905	-0.2136	0.2320	-1.1701
0.0895	-0.2140	0.2320	-1.1747
0.0886	-0.2144	0.2320	-1.1792
0.0876	-0.2148	0.2320	-1.1838
0.0866	-0.2152	0.2320	-1.1882
0.0856	-0.2156	0.2320	-1.1928
0.0847	-0.2160	0.2320	-1.1972
0.0837	-0.2164	0.2320	-1.2018
0.0827	-0.2167	0.2320	-1.2061
0.0818	-0.2171	0.2320	-1.2105
0.0808	-0.2175	0.2320	-1.2151
0.0798	-0.2178	0.2320	-1.2195
0.0792	-0.2191	0.2330	-1.2241
0.0782	-0.2195	0.2330	-1.2285
0.0769	-0.2189	0.2320	-1.2331
0.0759	-0.2192	0.2320	-1.2375
0.0749	-0.2196	0.2320	-1.2421
0.0743	-0.2209	0.2330	-1.2465
0.0735	-0.2221	0.2340	-1.2512
0.0726	-0.2225	0.2340	-1.2555
0.0716	-0.2228	0.2340	-1.2599
0.0706	-0.2231	0.2340	-1.2645
0.0696	-0.2234	0.2340	-1.2689
0.0685	-0.2237	0.2340	-1.2735
0.0676	-0.2240	0.2340	-1.2779
0.0671	-0.2252	0.2350	-1.2814
0.0660	-0.2255	0.2350	-1.2861
0.0650	-0.2258	0.2350	-1.2904
0.0640	-0.2261	0.2350	-1.2951
0.0630	-0.2264	0.2350	-1.2994
0.0620	-0.2267	0.2350	-1.3038
0.0610	-0.2270	0.2350	-1.3084
0.0600	-0.2272	0.2350	-1.3128
0.0589	-0.2275	0.2350	-1.3174
0.0579	-0.2278	0.2350	-1.3218
0.0569	-0.2280	0.2350	-1.3264
0.0561	-0.2292	0.2360	-1.3307
0.0550	-0.2295	0.2360	-1.3354
0.0540	-0.2297	0.2360	-1.3397
0.0535	-0.2309	0.2370	-1.3433
0.0524	-0.2311	0.2370	-1.3477
0.0516	-0.2323	0.2380	-1.3523
0.0512	-0.2345	0.2400	-1.3558
0.0502	-0.2347	0.2400	-1.3603
0.0491	-0.2349	0.2400	-1.3649
0.0481	-0.2351	0.2400	-1.3692
0.0470	-0.2354	0.2400	-1.3739
0.0459	-0.2356	0.2400	-1.3782
0.0449	-0.2358	0.2400	-1.3826
0.0438	-0.2360	0.2400	-1.3872
0.0428	-0.2362	0.2400	-1.3916
0.0417	-0.2364	0.2400	-1.3962
0.0408	-0.2375	0.2410	-1.4006
0.0397	-0.2377	0.2410	-1.4052
0.0387	-0.2379	0.2410	-1.4095
0.0376	-0.2381	0.2410	-1.4142
0.0366	-0.2382	0.2410	-1.4185
0.0359	-0.2393	0.2420	-1.4221
0.0348	-0.2395	0.2420	-1.4265
0.0337	-0.2396	0.2420	-1.4311
0.0328	-0.2408	0.2430	-1.4355
0.0320	-0.2419	0.2440	-1.4391
0.0309	-0.2420	0.2440	-1.4437
0.0299	-0.2422	0.2440	-1.4481
0.0288	-0.2423	0.2440	-1.4527
0.0277	-0.2424	0.2440	-1.4570
0.0267	-0.2435	0.2450	-1.4617
0.0256	-0.2437	0.2450	-1.4660
0.0246	-0.2438	0.2450	-1.4704
0.0234	-0.2439	0.2450	-1.4750
0.0227	-0.2450	0.2460	-1.4786
0.0217	-0.2460	0.2470	-1.4830
0.0205	-0.2461	0.2470	-1.4876
0.0195	-0.2462	0.2470	-1.4919
0.0184	-0.2473	0.2480	-1.4966
0.0173	-0.2474	0.2480	-1.5009
0.0162	-0.2475	0.2480	-1.5056
0.0153	-0.2485	0.2490	-1.5091
0.0142	-0.2486	0.2490	-1.5138
0.0132	-0.2497	0.2500	-1.5182
0.0120	-0.2497	0.2500	-1.5228
0.0109	-0.2498	0.2500	-1.5274
0.0100	-0.2508	0.2510	-1.5309
0.0088	-0.2508	0.2510	-1.5356
0.0077	-0.2519	0.2520	-1.5402
0.0066	-0.2529	0.2530	-1.5448
0.0055	-0.2529	0.2530	-1.5492
0.0043	-0.2530	0.2530	-1.5538
0.0034	-0.2540	0.2540	-1.5574
0.0022	-0.2540	0.2540	-1.5620
0.0011	-0.2550	0.2550	-1.5667
-0.0001	-0.2550	0.2550	-1.5713
-0.0012	-0.2550	0.2550	-1.5757
-0.0024	-0.2560	0.2560	-1.5803
-0.0034	-0.2570	0.2570	-1.5838
-0.0045	-0.2570	0.2570	-1.5884
-0.0058	-0.2579	0.2580	-1.5931
-0.0067	-0.2589	0.2590	-1.5967
-0.0079	-0.2589	0.2590	-1.6013
-0.0091	-0.2598	0.2600	-1.6059
-0.0104	-0.2608	0.2610	-1.6106
-0.0115	-0.2607	0.2610	-1.6149
-0.0126	-0.2617	0.2620	-1.6187
-0.0137	-0.2616	0.2620	-1.6231
-0.0150	-0.2626	0.2630	-1.6277
-0.0162	-0.2625	0.2630	-1.6323
-0.0175	-0.2634	0.2640	-1.6370
-0.0185	-0.2644	0.2650	-1.6406
-0.0197	-0.2643	0.2650	-1.6452
-0.0209	-0.2652	0.2660	-1.6496
-0.0222	-0.2651	0.2660	-1.6542
-0.0235	-0.2660	0.2670	-1.6588
-0.0247	-0.2659	0.2670	-1.6635
-0.0258	-0.2668	0.2680	-1.6671
-0.0270	-0.2666	0.2680	-1.6717
-0.0283	-0.2675	0.2690	-1.6763
-0.0296	-0.2684	0.2700	-1.6807
-0.0307	-0.2693	0.2710	-1.6845
-0.0319	-0.2691	0.2710	-1.6888
-0.0333	-0.2700	0.2720	-1.6935
-0.0347	-0.2708	0.2730	-1.6981
-0.0359	-0.2706	0.2730	-1.7027
-0.0372	-0.2705	0.2730	-1.7074
-0.0384	-0.2723	0.2750	-1.7110
-0.0398	-0.2731	0.2760	-1.7156
-0.0410	-0.2729	0.2760	-1.7199
-0.0423	-0.2727	0.2760	-1.7246
-0.0434	-0.2736	0.2770	-1.7281
-0.0448	-0.2744	0.2780	-1.7327
-0.0462	-0.2751	0.2790	-1.7373
-0.0474	-0.2760	0.2800	-1.7409
-0.0489	-0.2767	0.2810	-1.7456
-0.0503	-0.2775	0.2820	-1.7502
-0.0516	-0.2772	0.2820	-1.7549
-0.0528	-0.2780	0.2830	-1.7583
-0.0543	-0.2788	0.2840	-1.7630
-0.0557	-0.2795	0.2850	-1.7673
-0.0569	-0.2803	0.2860	-1.7712
-0.0584	-0.2810	0.2870	-1.7756
-0.0599	-0.2817	0.2880	-1.7802
-0.0614	-0.2824	0.2890	-1.7848
-0.0627	-0.2821	0.2890	-1.7895
-0.0639	-0.2829	0.2900	-1.7930
-0.0654	-0.2835	0.2910	-1.7976
-0.0669	-0.2842	0.2920	-1.8020
-0.0682	-0.2849	0.2930	-1.8058
-0.0697	-0.2856	0.2940	-1.8102
-0.0715	-0.2872	0.2960	-1.8148
-0.0728	-0.2879	0.2970	-1.8183
-0.0741	-0.2876	0.2970	-1.8230
-0.0757	-0.2882	0.2980	-1.8276
-0.0773	-0.2888	0.2990	-1.8322
-0.0786	-0.2895	0.3000	-1.8358
-0.0802	-0.2901	0.3010	-1.8405
-0.0821	-0.2917	0.3030	-1.8451
-0.0834	-0.2923	0.3040	-1.8486
-0.0850	-0.2929	0.3050	-1.8532
-0.0866	-0.2935	0.3060	-1.8577
-0.0882	-0.2941	0.3070	-1.8623
-0.0895	-0.2947	0.3080	-1.8658
-0.0912	-0.2952	0.3090	-1.8705
-0.0929	-0.2958	0.3100	-1.8751
-0.0945	-0.2963	0.3110	-1.8797
-0.0959	-0.2969	0.3120	-1.8832
-0.0976	-0.2974	0.3130	-1.8879
-0.0995	-0.2989	0.3150	-1.8923
-0.1010	-0.2994	0.3160	-1.8961
-0.1026	-0.2999	0.3170	-1.9004
-0.1040	-0.2994	0.3170	-1.9051
-0.1057	-0.2999	0.3180	-1.9097
-0.1075	-0.3004	0.3190	-1.9144
-0.1092	-0.3019	0.3210	-1.9179
-0.1109	-0.3023	0.3220	-1.9226
-0.1127	-0.3038	0.3240	-1.9261
-0.1144	-0.3042	0.3250	-1.9304
-0.1164	-0.3056	0.3270	-1.9348
-0.1178	-0.3061	0.3280	-1.9381
-0.1199	-0.3074	0.3300	-1.9427
-0.1216	-0.3078	0.3310	-1.9471
-0.1233	-0.3082	0.3320	-1.9514
-0.1252	-0.3097	0.3340	-1.9550
-0.1273	-0.3110	0.3360	-1.9594
-0.1287	-0.3115	0.3370	-1.9626
-0.1304	-0.3118	0.3380	-1.9669
-0.1323	-0.3121	0.3390	-1.9716
-0.1344	-0.3134	0.3410	-1.9760
-0.1358	-0.3139	0.3420	-1.9792
-0.1381	-0.3151	0.3440	-1.9839
-0.1403	-0.3163	0.3460	-1.9882
-0.1417	-0.3167	0.3470	-1.9915
-0.1440	-0.3179	0.3490	-1.9962
-0.1462	-0.3191	0.3510	-2.0005
-0.1477	-0.3195	0.3520	-2.0038
-0.1499	-0.3207	0.3540	-2.0082
-0.1523	-0.3218	0.3560	-2.0128
-0.1538	-0.3222	0.3570	-2.0160
-0.1560	-0.3233	0.3590	-2.0204
-0.1584	-0.3244	0.3610	-2.0250
-0.1603	-0.3257	0.3630	-2.0283
-0.1627	-0.3267	0.3650	-2.0327
-0.1651	-0.3278	0.3670	-2.0373
-0.1670	-0.3290	0.3690	-2.0406
-0.1694	-0.3301	0.3710	-2.0450
-0.1715	-0.3312	0.3730	-2.0485
-0.1738	-0.3323	0.3750	-2.0528
-0.1762	-0.3333	0.3770	-2.0573
-0.1784	-0.3344	0.3790	-2.0608
-0.1808	-0.3354	0.3810	-2.0651
-0.1832	-0.3363	0.3830	-2.0695
-0.1853	-0.3374	0.3850	-2.0731
-0.1878	-0.3384	0.3870	-2.0774
-0.1907	-0.3402	0.3900	-2.0818
-0.1929	-0.3412	0.3920	-2.0854
-0.1954	-0.3421	0.3940	-2.0897
-0.1979	-0.3430	0.3960	-2.0941
-0.2001	-0.3440	0.3980	-2.0976
-0.2031	-0.3458	0.4010	-2.1019
-0.2058	-0.3477	0.4040	-2.1053
-0.2084	-0.3484	0.4060	-2.1099
-0.2115	-0.3501	0.4090	-2.1142
-0.2137	-0.3511	0.4110	-2.1176
-0.2169	-0.3526	0.4140	-2.1222
-0.2195	-0.3534	0.4160	-2.1265
-0.2222	-0.3552	0.4190	-2.1298
-0.2248	-0.3559	0.4210	-2.1342
-0.2277	-0.3577	0.4240	-2.1377
-0.2314	-0.3600	0.4280	-2.1421
-0.2346	-0.3615	0.4310	-2.1464
-0.2370	-0.3624	0.4330	-2.1500
-0.2402	-0.3638	0.4360	-2.1544
-0.2435	-0.3653	0.4390	-2.1587
-0.2464	-0.3669	0.4420	-2.1622
-0.2497	-0.3683	0.4450	-2.1667
-0.2533	-0.3707	0.4490	-2.1702
-0.2566	-0.3721	0.4520	-2.1745
-0.2600	-0.3734	0.4550	-2.1789
-0.2636	-0.3758	0.4590	-2.1825
-0.2669	-0.3771	0.4620	-2.1868
-0.2699	-0.3787	0.4650	-2.1900
-0.2740	-0.3806	0.4690	-2.1947
-0.2776	-0.3830	0.4730	-2.1980
-0.2810	-0.3842	0.4760	-2.2023
-0.2852	-0.3861	0.4800	-2.2070
-0.2888	-0.3884	0.4840	-2.2103
-0.2929	-0.3903	0.4880	-2.2146
-0.2966	-0.3913	0.4910	-2.2193
-0.3009	-0.3943	0.4960	-2.2225
-0.3050	-0.3962	0.5000	-2.2269
-0.3089	-0.3983	0.5040	-2.2304
-0.3131	-0.4001	0.5080	-2.2348
-0.3173	-0.4018	0.5120	-2.2391
-0.3212	-0.4038	0.5160	-2.2427
-0.3267	-0.4071	0.5220	-2.2471
-0.3294	-0.4075	0.5240	-2.2506
-0.3337	-0.4092	0.5280	-2.2550
-0.3393	-0.4123	0.5340	-2.2594
-0.3433	-0.4142	0.5380	-2.2629
-0.3490	-0.4173	0.5440	-2.2672
-0.3542	-0.4208	0.5500	-2.2705
-0.3586	-0.4223	0.5540	-2.2749
-0.3640	-0.4255	0.5600	-2.2784
-0.3685	-0.4270	0.5640	-2.2828
-0.3743	-0.4299	0.5700	-2.2872
-0.3798	-0.4331	0.5760	-2.2907
-0.3856	-0.4359	0.5820	-2.2950
-0.3911	-0.4390	0.5880	-2.2986
-0.3958	-0.4403	0.5920	-2.3030
-0.4017	-0.4430	0.5980	-2.3073
-0.4086	-0.4475	0.6060	-2.3108
-0.4148	-0.4500	0.6120	-2.3155
-0.4205	-0.4529	0.6180	-2.3191
-0.4280	-0.4568	0.6260	-2.3237
-0.4338	-0.4596	0.6320	-2.3272
-0.4400	-0.4620	0.6380	-2.3318
-0.4462	-0.4644	0.6440	-2.3363
-0.4534	-0.4685	0.6520	-2.3398
-0.4612	-0.4722	0.6600	-2.3444
-0.4684	-0.4762	0.6680	-2.3479
-0.4763	-0.4797	0.6760	-2.3526
-0.4837	-0.4837	0.6840	-2.3562
-0.4916	-0.4871	0.6920	-2.3608
-0.4995	-0.4904	0.7000	-2.3654
-0.5070	-0.4942	0.7080	-2.3689
-0.5150	-0.4974	0.7160	-2.3736
-0.5240	-0.5025	0.7260	-2.3772
-0.5321	-0.5056	0.7340	-2.3818
-0.5417	-0.5100	0.7440	-2.3864
-0.5508	-0.5149	0.7540	-2.3899
-0.5606	-0.5191	0.7640	-2.3946
-0.5698	-0.5238	0.7740	-2.3982
-0.5796	-0.5279	0.7840	-2.4028
-0.5889	-0.5326	0.7940	-2.4063
-0.5988	-0.5366	0.8040	-2.4109
-0.6101	-0.5419	0.8160	-2.4153
-0.6212	-0.5475	0.8280	-2.4192
-0.6326	-0.5527	0.8400	-2.4235
-0.6438	-0.5581	0.8520	-2.4273
-0.6553	-0.5631	0.8640	-2.4316
-0.6670	-0.5678	0.8760	-2.4363
-0.6797	-0.5745	0.8900	-2.4399
-0.6916	-0.5791	0.9020	-2.4445
-0.7044	-0.5856	0.9160	-2.4480
-0.7179	-0.5912	0.9300	-2.4526
-0.7324	-0.5988	0.9460	-2.4562
-0.7460	-0.6042	0.9600	-2.4609
-0.7613	-0.6107	0.9760	-2.4655
-0.7775	-0.6192	0.9940	-2.4690
