x	y	r	phi
-0.7749	0.6225	0.9940	2.4648
-0.7677	0.6219	0.9880	2.4607
-0.7600	0.6219	0.9820	2.4558
-0.7514	0.6197	0.9740	2.4520
-0.7443	0.6190	0.9680	2.4478
-0.7373	0.6180	0.9620	2.4440
-0.7302	0.6170	0.9560	2.4400
-0.7248	0.6172	0.9520	2.4362
-0.7177	0.6163	0.9460	2.4320
-0.7101	0.6159	0.9400	2.4271
-0.7031	0.6149	0.9340	2.4230
-0.6963	0.6135	0.9280	2.4193
-0.6892	0.6124	0.9220	2.4152
-0.6839	0.6124	0.9180	2.4113
-0.6769	0.6112	0.9120	2.4072
-0.6695	0.6104	0.9060	2.4023
-0.6641	0.6104	0.9020	2.3983
-0.6588	0.6102	0.8980	2.3944
-0.6519	0.6088	0.8920	2.3903
-0.6452	0.6072	0.8860	2.3865
-0.6398	0.6071	0.8820	2.3825
-0.6339	0.6075	0.8780	2.3775
-0.6271	0.6059	0.8720	2.3735
-0.6220	0.6055	0.8680	2.3696
-0.6166	0.6052	0.8640	2.3655
-0.6113	0.6049	0.8600	2.3615
-0.6060	0.6046	0.8560	2.3573
-0.6008	0.6041	0.8520	2.3535
-0.5935	0.6029	0.8460	2.3483
-0.5882	0.6025	0.8420	2.3442
-0.5830	0.6020	0.8380	2.3402
-0.5777	0.6015	0.8340	2.3361
-0.5739	0.6024	0.8320	2.3319
-0.5689	0.6016	0.8280	2.3282
-0.5636	0.6011	0.8240	2.3241
-0.5584	0.6005	0.8200	2.3200
-0.5526	0.6004	0.8160	2.3148
-0.5461	0.5982	0.8100	2.3107
-0.5398	0.5958	0.8040	2.3069
-0.5347	0.5951	0.8000	2.3028
-0.5309	0.5958	0.7980	2.2987
-0.5272	0.5964	0.7960	2.2946
-0.5214	0.5961	0.7920	2.2895
-0.5177	0.5968	0.7900	2.2853
-0.5128	0.5957	0.7860	2.2815
-0.5077	0.5948	0.7820	2.2774
-0.5027	0.5938	0.7780	2.2734
-0.4977	0.5928	0.7740	2.2692
-0.4940	0.5933	0.7720	2.2651
-0.4884	0.5927	0.7680	2.2599
-0.4849	0.5930	0.7660	2.2562
-0.4812	0.5935	0.7640	2.2521
-0.4762	0.5923	0.7600	2.2480
-0.4713	0.5911	0.7560	2.2439
-0.4664	0.5899	0.7520	2.2398
-0.4627	0.5902	0.7500	2.2357
-0.4579	0.5889	0.7460	2.2317
-0.4537	0.5896	0.7440	2.2267
-0.4489	0.5883	0.7400	2.2226
-0.4453	0.5885	0.7380	2.2185
-0.4417	0.5888	0.7360	2.2144
-0.4369	0.5873	0.7320	2.2104
-0.4333	0.5875	0.7300	2.2062
-0.4297	0.5877	0.7280	2.2021
-0.4250	0.5862	0.7240	2.1981
-0.4209	0.5866	0.7220	2.1932
-0.4173	0.5867	0.7200	2.1891
-0.4138	0.5868	0.7180	2.1850
-0.4103	0.5868	0.7160	2.1809
-0.4056	0.5852	0.7120	2.1768
-0.4022	0.5851	0.7100	2.1730
-0.3975	0.5835	0.7060	2.1689
-0.3952	0.5851	0.7060	2.1648
-0.3899	0.5838	0.7020	2.1597
-0.3864	0.5837	0.7000	2.1555
-0.3829	0.5836	0.6980	2.1514
-0.3795	0.5834	0.6960	2.1476
-0.3761	0.5832	0.6940	2.1435
-0.3715	0.5814	0.6900	2.1394
-0.3681	0.5813	0.6880	2.1353
-0.3647	0.5810	0.6860	2.1313
-0.3612	0.5808	0.6840	2.1272
-0.3573	0.5809	0.6820	2.1223
-0.3539	0.5807	0.6800	2.1181
-0.3505	0.5804	0.6780	2.1141
-0.3481	0.5818	0.6780	2.1100
-0.3437	0.5798	0.6740	2.1059
-0.3403	0.5795	0.6720	2.1018
-0.3379	0.5808	0.6720	2.0977
-0.3345	0.5805	0.6700	2.0936
-0.3302	0.5784	0.6660	2.0896
-0.3263	0.5783	0.6640	2.0846
-0.3240	0.5796	0.6640	2.0806
-0.3197	0.5774	0.6600	2.0764
-0.3173	0.5787	0.6600	2.0723
-0.3131	0.5765	0.6560	2.0683
-0.3097	0.5760	0.6540	2.0642
-0.3066	0.5754	0.6520	2.0603
-0.3043	0.5767	0.6520	2.0563
-0.3010	0.5761	0.6500	2.0522
-0.2961	0.5741	0.6460	2.0470
-0.2929	0.5736	0.6440	2.0429
-0.2907	0.5747	0.6440	2.0390
-0.2883	0.5758	0.6440	2.0350
-0.2842	0.5734	0.6400	2.0309
-0.2818	0.5746	0.6400	2.0268
-0.2786	0.5739	0.6380	2.0227
-0.2754	0.5733	0.6360	2.0186
-0.2730	0.5744	0.6360	2.0145
-0.2699	0.5737	0.6340	2.0105
-0.2666	0.5730	0.6320	2.0064
-0.2630	0.5725	0.6300	2.0015
-0.2598	0.5717	0.6280	1.9973
-0.2567	0.5709	0.6260	1.9933
-0.2543	0.5720	0.6260	1.9892
-0.2512	0.5712	0.6240	1.9851
-0.2481	0.5704	0.6220	1.9810
-0.2451	0.5695	0.6200	1.9772
-0.2427	0.5705	0.6200	1.9731
-0.2396	0.5697	0.6180	1.9690
-0.2366	0.5688	0.6160	1.9649
-0.2342	0.5697	0.6160	1.9608
-0.2305	0.5691	0.6140	1.9556
-0.2274	0.5682	0.6120	1.9515
-0.2251	0.5691	0.6120	1.9475
-0.2220	0.5682	0.6100	1.9434
-0.2190	0.5672	0.6080	1.9392
-0.2167	0.5681	0.6080	1.9352
-0.2136	0.5671	0.6060	1.9311
-0.2106	0.5661	0.6040	1.9270
-0.2083	0.5669	0.6040	1.9229
-0.2053	0.5659	0.6020	1.9188
-0.2023	0.5649	0.6000	1.9147
-0.1989	0.5640	0.5980	1.9098
-0.1965	0.5648	0.5980	1.9057
-0.1936	0.5637	0.5960	1.9017
-0.1906	0.5626	0.5940	1.8975
-0.1883	0.5634	0.5940	1.8934
-0.1861	0.5641	0.5940	1.8894
-0.1831	0.5630	0.5920	1.8853
-0.1802	0.5618	0.5900	1.8811
-0.1779	0.5625	0.5900	1.8771
-0.1750	0.5614	0.5880	1.8730
-0.1727	0.5621	0.5880	1.8689
-0.1698	0.5608	0.5860	1.8648
-0.1675	0.5615	0.5860	1.8607
-0.1652	0.5622	0.5860	1.8566
-0.1619	0.5611	0.5840	1.8517
-0.1591	0.5598	0.5820	1.8477
-0.1568	0.5605	0.5820	1.8436
-0.1539	0.5592	0.5800	1.8394
-0.1517	0.5598	0.5800	1.8354
-0.1494	0.5604	0.5800	1.8313
-0.1466	0.5591	0.5780	1.8272
-0.1443	0.5597	0.5780	1.8231
-0.1415	0.5583	0.5760	1.8190
-0.1392	0.5589	0.5760	1.8149
-0.1370	0.5595	0.5760	1.8109
-0.1342	0.5581	0.5740	1.8067
-0.1314	0.5567	0.5720	1.8026
-0.1292	0.5572	0.5720	1.7986
-0.1269	0.5578	0.5720	1.7945
-0.1246	0.5583	0.5720	1.7903
-0.1213	0.5570	0.5700	1.7852
-0.1190	0.5574	0.5700	1.7811
-0.1163	0.5560	0.5680	1.7770
-0.1140	0.5564	0.5680	1.7729
-0.1114	0.5549	0.5660	1.7689
-0.1093	0.5554	0.5660	1.7650
-0.1066	0.5538	0.5640	1.7609
-0.1039	0.5523	0.5620	1.7568
-0.1017	0.5527	0.5620	1.7528
-0.0994	0.5531	0.5620	1.7486
-0.0968	0.5516	0.5600	1.7445
-0.0936	0.5501	0.5580	1.7393
-0.0911	0.5485	0.5560	1.7353
-0.0888	0.5489	0.5560	1.7312
-0.0865	0.5492	0.5560	1.7271
-0.0846	0.5515	0.5580	1.7230
-0.0824	0.5519	0.5580	1.7189
-0.0801	0.5522	0.5580	1.7148
-0.0776	0.5506	0.5560	1.7108
-0.0753	0.5509	0.5560	1.7066
-0.0728	0.5492	0.5540	1.7025
-0.0706	0.5495	0.5540	1.6985
-0.0683	0.5498	0.5540	1.6944
-0.0660	0.5501	0.5540	1.6903
-0.0638	0.5503	0.5540	1.6862
-0.0615	0.5506	0.5540	1.6821
-0.0591	0.5488	0.5520	1.6780
-0.0568	0.5491	0.5520	1.6740
-0.0546	0.5493	0.5520	1.6698
-0.0523	0.5495	0.5520	1.6657
-0.0499	0.5477	0.5500	1.6617
-0.0477	0.5479	0.5500	1.6576
-0.0456	0.5481	0.5500	1.6537
-0.0434	0.5483	0.5500	1.6497
-0.0409	0.5465	0.5480	1.6456
-0.0388	0.5486	0.5500	1.6415
-0.0366	0.5488	0.5500	1.6374
-0.0342	0.5469	0.5480	1.6333
-0.0313	0.5451	0.5460	1.6281
-0.0290	0.5452	0.5460	1.6240
-0.0268	0.5453	0.5460	1.6199
-0.0245	0.5434	0.5440	1.6159
-0.0223	0.5435	0.5440	1.6117
-0.0200	0.5436	0.5440	1.6076
-0.0178	0.5417	0.5420	1.6036
-0.0155	0.5418	0.5420	1.5995
-0.0133	0.5418	0.5420	1.5953
-0.0112	0.5439	0.5440	1.5913
-0.0089	0.5439	0.5440	1.5872
-0.0067	0.5440	0.5440	1.5831
-0.0045	0.5440	0.5440	1.5790
-0.0022	0.5420	0.5420	1.5749
-0.0000	0.5440	0.5440	1.5708
0.0022	0.5440	0.5440	1.5668
0.0043	0.5440	0.5440	1.5629
0.0065	0.5420	0.5420	1.5588
0.0087	0.5419	0.5420	1.5548
0.0108	0.5419	0.5420	1.5510
0.0130	0.5418	0.5420	1.5468
0.0151	0.5418	0.5420	1.5430
0.0172	0.5397	0.5400	1.5390
0.0194	0.5397	0.5400	1.5348
0.0216	0.5416	0.5420	1.5310
0.0237	0.5415	0.5420	1.5270
0.0258	0.5414	0.5420	1.5231
0.0279	0.5393	0.5400	1.5190
0.0302	0.5392	0.5400	1.5149
0.0322	0.5390	0.5400	1.5112
0.0344	0.5389	0.5400	1.5070
0.0366	0.5388	0.5400	1.5029
0.0387	0.5386	0.5400	1.4991
0.0409	0.5385	0.5400	1.4951
0.0429	0.5383	0.5400	1.4912
0.0453	0.5401	0.5420	1.4871
0.0473	0.5379	0.5400	1.4831
0.0494	0.5377	0.5400	1.4792
0.0516	0.5375	0.5400	1.4751
0.0537	0.5373	0.5400	1.4713
0.0558	0.5371	0.5400	1.4673
0.0580	0.5369	0.5400	1.4631
0.0601	0.5366	0.5400	1.4593
0.0623	0.5364	0.5400	1.4552
0.0643	0.5362	0.5400	1.4514
0.0665	0.5359	0.5400	1.4473
0.0687	0.5356	0.5400	1.4432
0.0708	0.5353	0.5400	1.4394
0.0729	0.5351	0.5400	1.4353
0.0751	0.5347	0.5400	1.4312
0.0775	0.5364	0.5420	1.4274
0.0796	0.5361	0.5420	1.4233
0.0814	0.5338	0.5400	1.4195
0.0833	0.5315	0.5380	1.4154
0.0855	0.5312	0.5380	1.4113
0.0878	0.5328	0.5400	1.4075
0.0900	0.5325	0.5400	1.4034
0.0920	0.5321	0.5400	1.3996
0.0942	0.5317	0.5400	1.3955
0.0963	0.5313	0.5400	1.3914
0.0984	0.5310	0.5400	1.3876
0.1009	0.5325	0.5420	1.3835
0.1031	0.5321	0.5420	1.3794
0.1051	0.5317	0.5420	1.3756
0.1073	0.5313	0.5420	1.3715
0.1090	0.5289	0.5400	1.3676
0.1111	0.5285	0.5400	1.3636
0.1137	0.5299	0.5420	1.3595
0.1161	0.5315	0.5440	1.3557
0.1187	0.5329	0.5460	1.3516
0.1208	0.5325	0.5460	1.3478
0.1225	0.5300	0.5440	1.3437
0.1242	0.5276	0.5420	1.3395
0.1253	0.5232	0.5380	1.3358
0.1279	0.5246	0.5400	1.3317
0.1305	0.5260	0.5420	1.3276
0.1330	0.5275	0.5440	1.3237
0.1357	0.5289	0.5460	1.3197
0.1377	0.5284	0.5460	1.3159
0.1399	0.5278	0.5460	1.3117
0.1420	0.5272	0.5460	1.3077
0.1440	0.5267	0.5460	1.3039
0.1462	0.5261	0.5460	1.2998
0.1483	0.5276	0.5480	1.2968
0.1503	0.5270	0.5480	1.2930
0.1525	0.5264	0.5480	1.2888
0.1546	0.5257	0.5480	1.2848
0.1572	0.5271	0.5500	1.2810
0.1594	0.5264	0.5500	1.2768
0.1621	0.5277	0.5520	1.2728
0.1635	0.5251	0.5500	1.2690
0.1657	0.5245	0.5500	1.2649
0.1677	0.5238	0.5500	1.2610
0.1704	0.5250	0.5520	1.2570
0.1725	0.5243	0.5520	1.2529
0.1746	0.5237	0.5520	1.2490
0.1767	0.5229	0.5520	1.2449
0.1787	0.5223	0.5520	1.2412
0.1815	0.5234	0.5540	1.2371
0.1843	0.5246	0.5560	1.2329
0.1863	0.5239	0.5560	1.2291
0.1884	0.5231	0.5560	1.2251
0.1906	0.5223	0.5560	1.2210
0.1926	0.5216	0.5560	1.2171
0.1954	0.5227	0.5580	1.2131
0.1974	0.5219	0.5580	1.2093
0.1995	0.5211	0.5580	1.2051
0.2017	0.5203	0.5580	1.2010
0.2036	0.5195	0.5580	1.1973
0.2058	0.5187	0.5580	1.1931
0.2080	0.5199	0.5600	1.1902
0.2102	0.5191	0.5600	1.1861
0.2129	0.5201	0.5620	1.1822
0.2151	0.5192	0.5620	1.1781
0.2179	0.5202	0.5640	1.1741
0.2201	0.5193	0.5640	1.1699
0.2230	0.5202	0.5660	1.1658
0.2257	0.5212	0.5680	1.1621
0.2279	0.5203	0.5680	1.1580
0.2292	0.5175	0.5660	1.1538
0.2313	0.5166	0.5660	1.1498
0.2334	0.5156	0.5660	1.1457
0.2364	0.5165	0.5680	1.1416
0.2392	0.5174	0.5700	1.1378
0.2413	0.5164	0.5700	1.1337
0.2437	0.5175	0.5720	1.1307
0.2455	0.5144	0.5700	1.1256
0.2476	0.5134	0.5700	1.1214
0.2500	0.5145	0.5720	1.1185
0.2530	0.5152	0.5740	1.1143
0.2560	0.5160	0.5760	1.1102
0.2580	0.5150	0.5760	1.1064
0.2601	0.5139	0.5760	1.1024
0.2631	0.5147	0.5780	1.0982
0.2652	0.5136	0.5780	1.0941
0.2682	0.5143	0.5800	1.0901
0.2702	0.5132	0.5800	1.0863
0.2732	0.5139	0.5820	1.0821
0.2768	0.5165	0.5860	1.0789
0.2797	0.5172	0.5880	1.0750
0.2818	0.5161	0.5880	1.0710
0.2830	0.5132	0.5860	1.0669
0.2845	0.5100	0.5840	1.0620
0.2866	0.5088	0.5840	1.0579
0.2887	0.5077	0.5840	1.0537
0.2912	0.5085	0.5860	1.0508
0.2943	0.5091	0.5880	1.0467
0.2983	0.5113	0.5920	1.0426
0.3015	0.5118	0.5940	1.0385
0.3036	0.5106	0.5940	1.0344
0.3065	0.5111	0.5960	1.0306
0.3086	0.5099	0.5960	1.0265
0.3117	0.5103	0.5980	1.0224
0.3138	0.5091	0.5980	1.0184
0.3164	0.5098	0.6000	1.0153
0.3206	0.5119	0.6040	1.0113
0.3238	0.5123	0.6060	1.0072
0.3270	0.5126	0.6080	1.0030
0.3278	0.5097	0.6060	0.9993
0.3288	0.5067	0.6040	0.9952
0.3298	0.5036	0.6020	0.9910
0.3329	0.5040	0.6040	0.9870
0.3372	0.5059	0.6080	0.9829
0.3404	0.5062	0.6100	0.9788
0.3435	0.5065	0.6120	0.9749
0.3455	0.5051	0.6120	0.9709
0.3476	0.5037	0.6120	0.9668
0.3508	0.5039	0.6140	0.9627
0.3534	0.5045	0.6160	0.9597
0.3567	0.5047	0.6180	0.9556
0.3599	0.5049	0.6200	0.9515
0.3631	0.5050	0.6220	0.9474
0.3662	0.5052	0.6240	0.9436
0.3682	0.5038	0.6240	0.9396
0.3715	0.5038	0.6260	0.9354
0.3736	0.5023	0.6260	0.9313
0.3780	0.5040	0.6300	0.9273
0.3808	0.5044	0.6320	0.9242
0.3828	0.5029	0.6320	0.9202
0.3841	0.4994	0.6300	0.9152
0.3868	0.4998	0.6320	0.9122
0.3901	0.4998	0.6340	0.9081
0.3933	0.4998	0.6360	0.9041
0.3966	0.4997	0.6380	0.9000
0.3999	0.4997	0.6400	0.8958
0.4030	0.4997	0.6420	0.8921
0.4063	0.4996	0.6440	0.8880
0.4097	0.4995	0.6460	0.8839
0.4124	0.4998	0.6480	0.8809
0.4170	0.5012	0.6520	0.8768
0.4191	0.4995	0.6520	0.8727
0.4211	0.4978	0.6520	0.8686
0.4245	0.4975	0.6540	0.8645
0.4276	0.4975	0.6560	0.8608
0.4297	0.4957	0.6560	0.8566
0.4330	0.4954	0.6580	0.8525
0.4363	0.4952	0.6600	0.8485
0.4397	0.4949	0.6620	0.8444
0.4431	0.4945	0.6640	0.8402
0.4459	0.4947	0.6660	0.8373
0.4493	0.4944	0.6680	0.8331
0.4525	0.4941	0.6700	0.8293
0.4559	0.4937	0.6720	0.8253
0.4592	0.4933	0.6740	0.8212
0.4613	0.4914	0.6740	0.8170
0.4646	0.4910	0.6760	0.8130
0.4680	0.4905	0.6780	0.8089
0.4713	0.4902	0.6800	0.8051
0.4747	0.4897	0.6820	0.8010
0.4777	0.4896	0.6840	0.7977
0.4809	0.4892	0.6860	0.7939
0.4843	0.4886	0.6880	0.7898
0.4878	0.4880	0.6900	0.7857
0.4911	0.4875	0.6920	0.7817
0.4946	0.4869	0.6940	0.7775
0.4980	0.4862	0.6960	0.7734
0.5027	0.4871	0.7000	0.7697
0.5061	0.4864	0.7020	0.7656
0.5092	0.4862	0.7040	0.7623
0.5125	0.4856	0.7060	0.7585
0.5159	0.4848	0.7080	0.7543
0.5193	0.4841	0.7100	0.7503
0.5243	0.4847	0.7140	0.7462
0.5277	0.4839	0.7160	0.7421
0.5312	0.4831	0.7180	0.7380
0.5345	0.4824	0.7200	0.7342
0.5380	0.4815	0.7220	0.7301
0.5410	0.4811	0.7240	0.7268
0.5459	0.4817	0.7280	0.7230
0.5494	0.4807	0.7300	0.7189
0.5543	0.4811	0.7340	0.7148
0.5578	0.4801	0.7360	0.7107
0.5613	0.4791	0.7380	0.7066
0.5648	0.4782	0.7400	0.7026
0.5697	0.4786	0.7440	0.6987
0.5727	0.4780	0.7460	0.6955
0.5778	0.4782	0.7500	0.6913
0.5812	0.4772	0.7520	0.6875
0.5862	0.4774	0.7560	0.6835
0.5897	0.4762	0.7580	0.6794
0.5948	0.4763	0.7620	0.6752
0.5983	0.4752	0.7640	0.6712
0.6034	0.4752	0.7680	0.6671
0.6095	0.4771	0.7740	0.6641
0.6130	0.4758	0.7760	0.6600
0.6150	0.4732	0.7760	0.6559
0.6199	0.4734	0.7800	0.6521
0.6235	0.4720	0.7820	0.6480
0.6286	0.4718	0.7860	0.6439
0.6321	0.4705	0.7880	0.6399
0.6373	0.4703	0.7920	0.6357
0.6419	0.4707	0.7960	0.6328
0.6471	0.4704	0.8000	0.6286
0.6522	0.4701	0.8040	0.6245
0.6574	0.4698	0.8080	0.6205
0.6608	0.4684	0.8100	0.6167
0.6660	0.4680	0.8140	0.6125
0.6712	0.4675	0.8180	0.6084
0.6759	0.4678	0.8220	0.6054
0.6811	0.4673	0.8260	0.6013
0.6863	0.4668	0.8300	0.5973
0.6915	0.4662	0.8340	0.5932
0.6968	0.4656	0.8380	0.5890
0.7020	0.4650	0.8420	0.5850
0.7071	0.4645	0.8460	0.5812
0.7103	0.4633	0.8480	0.5779
0.7155	0.4625	0.8520	0.5738
0.7224	0.4630	0.8580	0.5700
0.7276	0.4622	0.8620	0.5659
0.7329	0.4613	0.8660	0.5618
0.7382	0.4604	0.8700	0.5577
0.7451	0.4606	0.8760	0.5537
0.7499	0.4604	0.8800	0.5506
0.7552	0.4595	0.8840	0.5466
0.7605	0.4584	0.8880	0.5425
0.7658	0.4573	0.8920	0.5383
0.7727	0.4575	0.8980	0.5346
0.7780	0.4564	0.9020	0.5305
0.7851	0.4562	0.9080	0.5263
0.7899	0.4558	0.9120	0.5234
0.7970	0.4555	0.9180	0.5193
0.8023	0.4543	0.9220	0.5152
0.8077	0.4529	0.9260	0.5111
0.8148	0.4525	0.9320	0.5070
0.8218	0.4521	0.9380	0.5030
0.8288	0.4518	0.9440	0.4991
0.8338	0.4510	0.9480	0.4959
0.8392	0.4495	0.9520	0.4917
0.8462	0.4491	0.9580	0.4879
0.8551	0.4494	0.9660	0.4839
0.8605	0.4477	0.9700	0.4798
0.8677	0.4469	0.9760	0.4756
0.8748	0.4461	0.9820	0.4716
0.8815	0.4462	0.9880	0.4685
0.8887	0.4453	0.9940	0.4645
0.6405	-0.7628	0.9960	-0.8724
0.6347	-0.7623	0.9920	-0.8765
0.6291	-0.7618	0.9880	-0.8805
0.6247	-0.7628	0.9860	-0.8846
0.6185	-0.7628	0.9820	-0.8895
0.6115	-0.7607	0.9760	-0.8936
0.6060	-0.7600	0.9720	-0.8977
0.6004	-0.7593	0.9680	-0.9018
0.5960	-0.7602	0.9660	-0.9059
0.5905	-0.7595	0.9620	-0.9099
0.5849	-0.7587	0.9580	-0.9141
0.5793	-0.7580	0.9540	-0.9182
0.5739	-0.7571	0.9500	-0.9222
0.5695	-0.7579	0.9480	-0.9263
0.5632	-0.7576	0.9440	-0.9315
0.5589	-0.7583	0.9420	-0.9356
0.5535	-0.7573	0.9380	-0.9397
0.5480	-0.7563	0.9340	-0.9438
0.5428	-0.7552	0.9300	-0.9476
0.5385	-0.7558	0.9280	-0.9517
0.5331	-0.7547	0.9240	-0.9558
0.5289	-0.7552	0.9220	-0.9599
0.5235	-0.7541	0.9180	-0.9640
0.5193	-0.7546	0.9160	-0.9680
0.5120	-0.7523	0.9100	-0.9732
0.5067	-0.7511	0.9060	-0.9773
0.5036	-0.7532	0.9060	-0.9815
0.4994	-0.7535	0.9040	-0.9855
0.4941	-0.7522	0.9000	-0.9896
0.4888	-0.7509	0.8960	-0.9937
0.4847	-0.7512	0.8940	-0.9978
0.4795	-0.7498	0.8900	-1.0019
0.4753	-0.7501	0.8880	-1.0060
0.4712	-0.7503	0.8860	-1.0100
0.4671	-0.7505	0.8840	-1.0142
0.4629	-0.7508	0.8820	-1.0183
0.4561	-0.7479	0.8760	-1.0232
0.4520	-0.7481	0.8740	-1.0273
0.4479	-0.7482	0.8720	-1.0313
0.4438	-0.7483	0.8700	-1.0354
0.4397	-0.7484	0.8680	-1.0396
0.4347	-0.7467	0.8640	-1.0436
0.4306	-0.7467	0.8620	-1.0477
0.4265	-0.7468	0.8600	-1.0518
0.4216	-0.7450	0.8560	-1.0559
0.4204	-0.7502	0.8600	-1.0600
0.4183	-0.7537	0.8620	-1.0641
0.4124	-0.7501	0.8560	-1.0681
0.4055	-0.7448	0.8480	-1.0723
0.3988	-0.7416	0.8420	-1.0774
0.3957	-0.7432	0.8420	-1.0816
0.3927	-0.7448	0.8420	-1.0856
0.3887	-0.7447	0.8400	-1.0897
0.3831	-0.7408	0.8340	-1.0935
0.3774	-0.7370	0.8280	-1.0976
0.3752	-0.7403	0.8300	-1.1017
0.3722	-0.7419	0.8300	-1.1058
0.3674	-0.7398	0.8260	-1.1098
0.3644	-0.7413	0.8260	-1.1140
0.3604	-0.7410	0.8240	-1.1181
0.3566	-0.7406	0.8220	-1.1221
0.3510	-0.7389	0.8180	-1.1273
0.3473	-0.7384	0.8160	-1.1311
0.3443	-0.7398	0.8160	-1.1352
0.3406	-0.7393	0.8140	-1.1391
0.3368	-0.7389	0.8120	-1.1431
0.3331	-0.7383	0.8100	-1.1469
0.3295	-0.7378	0.8080	-1.1508
0.3256	-0.7373	0.8060	-1.1549
0.3220	-0.7367	0.8040	-1.1587
0.3182	-0.7362	0.8020	-1.1628
0.3154	-0.7374	0.8020	-1.1666
0.3118	-0.7367	0.8000	-1.1704
0.3080	-0.7362	0.7980	-1.1745
0.3045	-0.7355	0.7960	-1.1783
0.3009	-0.7348	0.7940	-1.1821
0.2958	-0.7325	0.7900	-1.1870
0.2928	-0.7337	0.7900	-1.1911
0.2892	-0.7330	0.7880	-1.1950
0.2855	-0.7323	0.7860	-1.1991
0.2820	-0.7315	0.7840	-1.2028
0.2785	-0.7307	0.7820	-1.2067
0.2755	-0.7319	0.7820	-1.2108
0.2720	-0.7310	0.7800	-1.2146
0.2683	-0.7303	0.7780	-1.2187
0.2642	-0.7275	0.7740	-1.2225
0.2614	-0.7285	0.7740	-1.2263
0.2584	-0.7296	0.7740	-1.2304
0.2550	-0.7287	0.7720	-1.2342
0.2513	-0.7278	0.7700	-1.2383
0.2485	-0.7288	0.7700	-1.2421
0.2443	-0.7281	0.7680	-1.2470
0.2403	-0.7252	0.7640	-1.2509
0.2367	-0.7243	0.7620	-1.2550
0.2340	-0.7252	0.7620	-1.2587
0.2310	-0.7262	0.7620	-1.2628
0.2282	-0.7270	0.7620	-1.2667
0.2242	-0.7241	0.7580	-1.2705
0.2213	-0.7250	0.7580	-1.2745
0.2185	-0.7258	0.7580	-1.2784
0.2149	-0.7248	0.7560	-1.2825
0.2116	-0.7237	0.7540	-1.2863
0.2088	-0.7245	0.7540	-1.2902
0.2054	-0.7234	0.7520	-1.2942
0.2020	-0.7223	0.7500	-1.2980
0.1991	-0.7231	0.7500	-1.3022
0.1963	-0.7239	0.7500	-1.3060
0.1941	-0.7265	0.7520	-1.3097
0.1906	-0.7254	0.7500	-1.3139
0.1868	-0.7222	0.7460	-1.3177
0.1818	-0.7173	0.7400	-1.3226
0.1786	-0.7161	0.7380	-1.3264
0.1756	-0.7168	0.7380	-1.3305
0.1725	-0.7155	0.7360	-1.3343
0.1695	-0.7162	0.7360	-1.3384
0.1663	-0.7149	0.7340	-1.3422
0.1631	-0.7136	0.7320	-1.3461
0.1602	-0.7142	0.7320	-1.3501
0.1575	-0.7149	0.7320	-1.3539
0.1546	-0.7155	0.7320	-1.3581
0.1518	-0.7161	0.7320	-1.3619
0.1487	-0.7147	0.7300	-1.3656
0.1458	-0.7153	0.7300	-1.3697
0.1430	-0.7159	0.7300	-1.3736
0.1397	-0.7145	0.7280	-1.3777
0.1366	-0.7130	0.7260	-1.3814
0.1339	-0.7135	0.7260	-1.3853
0.1306	-0.7121	0.7240	-1.3894
0.1268	-0.7108	0.7220	-1.3943
0.1240	-0.7113	0.7220	-1.3981
0.1223	-0.7136	0.7240	-1.4011
0.1185	-0.7122	0.7220	-1.4060
0.1154	-0.7107	0.7200	-1.4098
0.1125	-0.7112	0.7200	-1.4139
0.1097	-0.7116	0.7200	-1.4178
0.1069	-0.7120	0.7200	-1.4218
0.1039	-0.7104	0.7180	-1.4256
0.1008	-0.7089	0.7160	-1.4295
0.0977	-0.7073	0.7140	-1.4336
0.0949	-0.7077	0.7140	-1.4374
0.0923	-0.7100	0.7160	-1.4415
0.0894	-0.7084	0.7140	-1.4453
0.0867	-0.7087	0.7140	-1.4491
0.0837	-0.7091	0.7140	-1.4533
0.0809	-0.7074	0.7120	-1.4570
0.0777	-0.7057	0.7100	-1.4611
0.0752	-0.7080	0.7120	-1.4650
0.0723	-0.7063	0.7100	-1.4688
0.0695	-0.7066	0.7100	-1.4728
0.0666	-0.7049	0.7080	-1.4766
0.0637	-0.7031	0.7060	-1.4805
0.0609	-0.7054	0.7080	-1.4846
0.0583	-0.7056	0.7080	-1.4883
0.0552	-0.7038	0.7060	-1.4925
0.0525	-0.7040	0.7060	-1.4963
0.0498	-0.7042	0.7060	-1.5001
0.0470	-0.7044	0.7060	-1.5042
0.0442	-0.7026	0.7040	-1.5080
0.0413	-0.7028	0.7040	-1.5121
0.0385	-0.7049	0.7060	-1.5162
0.0356	-0.7031	0.7040	-1.5203
0.0327	-0.7032	0.7040	-1.5244
0.0298	-0.7034	0.7040	-1.5285
0.0269	-0.7035	0.7040	-1.5325
0.0234	-0.7016	0.7020	-1.5374
0.0205	-0.7017	0.7020	-1.5416
0.0183	-0.7038	0.7040	-1.5448
0.0154	-0.7038	0.7040	-1.5489
0.0127	-0.7039	0.7040	-1.5528
0.0090	-0.7019	0.7020	-1.5579
0.0062	-0.7020	0.7020	-1.5620
0.0033	-0.7020	0.7020	-1.5661
0.0004	-0.7000	0.7000	-1.5702
-0.0024	-0.7000	0.7000	-1.5742
-0.0053	-0.7000	0.7000	-1.5784
-0.0082	-0.7000	0.7000	-1.5825
-0.0109	-0.6999	0.7000	-1.5863
-0.0137	-0.6999	0.7000	-1.5904
-0.0165	-0.6978	0.6980	-1.5945
-0.0193	-0.6957	0.6960	-1.5986
-0.0222	-0.6956	0.6960	-1.6026
-0.0250	-0.6956	0.6960	-1.6067
-0.0279	-0.6954	0.6960	-1.6109
-0.0308	-0.6973	0.6980	-1.6149
-0.0336	-0.6972	0.6980	-1.6190
-0.0365	-0.6970	0.6980	-1.6231
-0.0393	-0.6969	0.6980	-1.6272
-0.0422	-0.6967	0.6980	-1.6313
-0.0451	-0.6965	0.6980	-1.6354
-0.0479	-0.6964	0.6980	-1.6394
-0.0505	-0.6962	0.6980	-1.6433
-0.0534	-0.6960	0.6980	-1.6474
-0.0562	-0.6957	0.6980	-1.6514
-0.0591	-0.6955	0.6980	-1.6555
-0.0618	-0.6933	0.6960	-1.6597
-0.0646	-0.6930	0.6960	-1.6637
-0.0674	-0.6927	0.6960	-1.6678
-0.0703	-0.6924	0.6960	-1.6719
-0.0731	-0.6922	0.6960	-1.6760
-0.0757	-0.6899	0.6940	-1.6801
-0.0788	-0.6915	0.6960	-1.6842
-0.0816	-0.6912	0.6960	-1.6882
-0.0844	-0.6909	0.6960	-1.6924
-0.0868	-0.6886	0.6940	-1.6962
-0.0899	-0.6902	0.6960	-1.7003
-0.0929	-0.6918	0.6980	-1.7043
-0.0958	-0.6914	0.6980	-1.7085
-0.0984	-0.6890	0.6960	-1.7126
-0.1011	-0.6886	0.6960	-1.7166
-0.1043	-0.6902	0.6980	-1.7207
-0.1071	-0.6897	0.6980	-1.7249
-0.1099	-0.6893	0.6980	-1.7289
-0.1127	-0.6888	0.6980	-1.7330
-0.1159	-0.6903	0.7000	-1.7371
-0.1183	-0.6879	0.6980	-1.7412
-0.1212	-0.6874	0.6980	-1.7453
-0.1240	-0.6869	0.6980	-1.7494
-0.1269	-0.6884	0.7000	-1.7531
-0.1298	-0.6879	0.7000	-1.7573
-0.1326	-0.6873	0.7000	-1.7614
-0.1354	-0.6868	0.7000	-1.7654
-0.1386	-0.6882	0.7020	-1.7695
-0.1414	-0.6876	0.7020	-1.7737
-0.1439	-0.6891	0.7040	-1.7766
-0.1467	-0.6885	0.7040	-1.7808
-0.1495	-0.6879	0.7040	-1.7848
-0.1523	-0.6873	0.7040	-1.7889
-0.1552	-0.6867	0.7040	-1.7930
-0.1583	-0.6839	0.7020	-1.7982
-0.1610	-0.6833	0.7020	-1.8022
-0.1638	-0.6826	0.7020	-1.8064
-0.1663	-0.6841	0.7040	-1.8093
-0.1692	-0.6834	0.7040	-1.8135
-0.1720	-0.6827	0.7040	-1.8176
-0.1747	-0.6820	0.7040	-1.8216
-0.1780	-0.6832	0.7060	-1.8257
-0.1801	-0.6806	0.7040	-1.8296
-0.1831	-0.6777	0.7020	-1.8347
-0.1859	-0.6769	0.7020	-1.8389
-0.1887	-0.6762	0.7020	-1.8429
-0.1913	-0.6775	0.7040	-1.8460
-0.1940	-0.6767	0.7040	-1.8500
-0.1973	-0.6779	0.7060	-1.8541
-0.2001	-0.6770	0.7060	-1.8582
-0.2034	-0.6781	0.7080	-1.8623
-0.2062	-0.6773	0.7080	-1.8664
-0.2090	-0.6764	0.7080	-1.8705
-0.2117	-0.6756	0.7080	-1.8745
-0.2151	-0.6766	0.7100	-1.8786
-0.2185	-0.6776	0.7120	-1.8828
-0.2217	-0.6787	0.7140	-1.8865
-0.2245	-0.6778	0.7140	-1.8906
-0.2273	-0.6769	0.7140	-1.8948
-0.2300	-0.6759	0.7140	-1.8988
-0.2334	-0.6769	0.7160	-1.9029
-0.2356	-0.6740	0.7140	-1.9070
-0.2383	-0.6731	0.7140	-1.9111
-0.2417	-0.6740	0.7160	-1.9152
-0.2452	-0.6748	0.7180	-1.9193
-0.2478	-0.6739	0.7180	-1.9231
-0.2505	-0.6729	0.7180	-1.9272
-0.2540	-0.6737	0.7200	-1.9313
-0.2567	-0.6727	0.7200	-1.9354
-0.2594	-0.6716	0.7200	-1.9394
-0.2629	-0.6724	0.7220	-1.9436
-0.2657	-0.6735	0.7240	-1.9465
-0.2684	-0.6724	0.7240	-1.9506
-0.2712	-0.6713	0.7240	-1.9547
-0.2747	-0.6720	0.7260	-1.9588
-0.2774	-0.6709	0.7260	-1.9629
-0.2808	-0.6717	0.7280	-1.9668
-0.2843	-0.6724	0.7300	-1.9708
-0.2870	-0.6712	0.7300	-1.9749
-0.2898	-0.6700	0.7300	-1.9790
-0.2925	-0.6688	0.7300	-1.9831
-0.2961	-0.6695	0.7320	-1.9872
-0.2988	-0.6682	0.7320	-1.9913
-0.3021	-0.6689	0.7340	-1.9950
-0.3049	-0.6677	0.7340	-1.9992
-0.3085	-0.6682	0.7360	-2.0033
-0.3112	-0.6670	0.7360	-2.0073
-0.3148	-0.6675	0.7380	-2.0114
-0.3184	-0.6680	0.7400	-2.0156
-0.3211	-0.6667	0.7400	-2.0196
-0.3245	-0.6673	0.7420	-2.0234
-0.3281	-0.6677	0.7440	-2.0275
-0.3312	-0.6685	0.7460	-2.0308
-0.3339	-0.6671	0.7460	-2.0349
-0.3365	-0.6658	0.7460	-2.0388
-0.3401	-0.6662	0.7480	-2.0428
-0.3428	-0.6648	0.7480	-2.0469
-0.3465	-0.6652	0.7500	-2.0510
-0.3501	-0.6655	0.7520	-2.0551
-0.3528	-0.6641	0.7520	-2.0592
-0.3556	-0.6626	0.7520	-2.0633
-0.3580	-0.6613	0.7520	-2.0670
-0.3627	-0.6633	0.7560	-2.0712
-0.3654	-0.6618	0.7560	-2.0753
-0.3681	-0.6603	0.7560	-2.0793
-0.3718	-0.6606	0.7580	-2.0834
-0.3765	-0.6625	0.7620	-2.0876
-0.3801	-0.6627	0.7640	-2.0916
-0.3827	-0.6613	0.7640	-2.0954
-0.3864	-0.6614	0.7660	-2.0995
-0.3891	-0.6598	0.7660	-2.1037
-0.3928	-0.6599	0.7680	-2.1077
-0.3959	-0.6605	0.7700	-2.1108
-0.3985	-0.6589	0.7700	-2.1148
-0.4012	-0.6572	0.7700	-2.1189
-0.4050	-0.6572	0.7720	-2.1230
-0.4087	-0.6573	0.7740	-2.1271
-0.4125	-0.6573	0.7760	-2.1312
-0.4162	-0.6573	0.7780	-2.1353
-0.4198	-0.6574	0.7800	-2.1390
-0.4225	-0.6557	0.7800	-2.1432
-0.4263	-0.6556	0.7820	-2.1473
-0.4300	-0.6556	0.7840	-2.1513
-0.4338	-0.6555	0.7860	-2.1554
-0.4376	-0.6553	0.7880	-2.1596
-0.4414	-0.6552	0.7900	-2.1636
-0.4456	-0.6572	0.7940	-2.1667
-0.4482	-0.6554	0.7940	-2.1707
-0.4521	-0.6552	0.7960	-2.1748
-0.4569	-0.6567	0.8000	-2.1786
-0.4595	-0.6549	0.8000	-2.1827
-0.4611	-0.6513	0.7980	-2.1868
-0.4649	-0.6511	0.8000	-2.1909
-0.4687	-0.6508	0.8020	-2.1949
-0.4702	-0.6472	0.8000	-2.1991
-0.4717	-0.6437	0.7980	-2.2032
-0.4766	-0.6450	0.8020	-2.2072
-0.4827	-0.6480	0.8080	-2.2110
-0.4878	-0.6492	0.8120	-2.2152
-0.4916	-0.6488	0.8140	-2.2193
-0.4955	-0.6484	0.8160	-2.2233
-0.4994	-0.6479	0.8180	-2.2274
-0.5025	-0.6480	0.8200	-2.2304
-0.5064	-0.6475	0.8220	-2.2345
-0.5103	-0.6470	0.8240	-2.2387
-0.5142	-0.6465	0.8260	-2.2427
-0.5168	-0.6443	0.8260	-2.2468
-0.5205	-0.6439	0.8280	-2.2506
-0.5257	-0.6449	0.8320	-2.2547
-0.5296	-0.6443	0.8340	-2.2588
-0.5335	-0.6436	0.8360	-2.2629
-0.5374	-0.6430	0.8380	-2.2669
-0.5413	-0.6423	0.8400	-2.2711
-0.5452	-0.6416	0.8420	-2.2752
-0.5490	-0.6410	0.8440	-2.2790
-0.5537	-0.6423	0.8480	-2.2823
-0.5561	-0.6402	0.8480	-2.2860
-0.5601	-0.6394	0.8500	-2.2901
-0.5638	-0.6388	0.8520	-2.2940
-0.5678	-0.6379	0.8540	-2.2981
-0.5715	-0.6373	0.8560	-2.3018
-0.5768	-0.6379	0.8600	-2.3060
-0.5806	-0.6371	0.8620	-2.3098
-0.5846	-0.6362	0.8640	-2.3139
-0.5883	-0.6355	0.8660	-2.3177
-0.5921	-0.6347	0.8680	-2.3215
-0.5975	-0.6352	0.8720	-2.3256
-0.6013	-0.6343	0.8740	-2.3294
-0.6066	-0.6348	0.8780	-2.3335
-0.6099	-0.6344	0.8800	-2.3365
-0.6137	-0.6335	0.8820	-2.3404
-0.6177	-0.6324	0.8840	-2.3444
-0.6229	-0.6329	0.8880	-2.3482
-0.6269	-0.6317	0.8900	-2.3524
-0.6307	-0.6307	0.8920	-2.3562
-0.6361	-0.6310	0.8960	-2.3602
-0.6400	-0.6300	0.8980	-2.3641
-0.6440	-0.6287	0.9000	-2.3682
-0.6478	-0.6277	0.9020	-2.3719
-0.6502	-0.6252	0.9020	-2.3758
-0.6571	-0.6267	0.9080	-2.3799
-0.6618	-0.6275	0.9120	-2.3828
-0.6672	-0.6277	0.9160	-2.3867
-0.6712	-0.6263	0.9180	-2.3908
-0.6765	-0.6264	0.9220	-2.3946
-0.6805	-0.6250	0.9240	-2.3987
-0.6859	-0.6251	0.9280	-2.4025
-0.6899	-0.6236	0.9300	-2.4066
-0.6953	-0.6236	0.9340	-2.4105
-0.6993	-0.6222	0.9360	-2.4145
-0.7047	-0.6221	0.9400	-2.4183
-0.7102	-0.6219	0.9440	-2.4224
-0.7149	-0.6226	0.9480	-2.4251
-0.7190	-0.6209	0.9500	-2.4293
-0.7244	-0.6208	0.9540	-2.4331
-0.7299	-0.6204	0.9580	-2.4371
-0.7354	-0.6202	0.9620	-2.4409
-0.7410	-0.6197	0.9660	-2.4451
-0.7434	-0.6169	0.9660	-2.4489
-0.7489	-0.6164	0.9700	-2.4529
-0.7544	-0.6161	0.9740	-2.4568
-0.7616	-0.6168	0.9800	-2.4609
-0.7665	-0.6170	0.9840	-2.4639
-0.7705	-0.6153	0.9860	-2.4677
-0.7759	-0.6148	0.9900	-2.4715
-0.7831	-0.6154	0.9960	-2.4756
-0.3281	-0.1688	0.3690	-2.6664
-0.3279	-0.1670	0.3680	-2.6706
-0.3278	-0.1649	0.3670	-2.6755
-0.3276	-0.1632	0.3660	-2.6793
-0.3274	-0.1614	0.3650	-2.6834
-0.3280	-0.1602	0.3650	-2.6872
-0.3277	-0.1584	0.3640	-2.6913
-0.3274	-0.1567	0.3630	-2.6951
-0.3272	-0.1550	0.3620	-2.6992
-0.3270	-0.1529	0.3610	-2.7041
-0.3276	-0.1516	0.3610	-2.7082
-0.3290	-0.1510	0.3620	-2.7112
-0.3305	-0.1501	0.3630	-2.7153
-0.3329	-0.1496	0.3650	-2.7194
-0.3354	-0.1490	0.3670	-2.7235
-0.3377	-0.1488	0.3690	-2.7265
-0.3401	-0.1482	0.3710	-2.7306
-0.3433	-0.1484	0.3740	-2.7336
-0.3457	-0.1478	0.3760	-2.7377
-0.3482	-0.1471	0.3780	-2.7418
-0.3514	-0.1473	0.3810	-2.7448
-0.3538	-0.1466	0.3830	-2.7489
-0.3571	-0.1467	0.3860	-2.7519
-0.3595	-0.1460	0.3880	-2.7559
-0.3627	-0.1460	0.3910	-2.7590
-0.3661	-0.1456	0.3940	-2.7630
-0.3686	-0.1449	0.3960	-2.7671
-0.3718	-0.1447	0.3990	-2.7704
-0.3742	-0.1440	0.4010	-2.7742
-0.3775	-0.1439	0.4040	-2.7775
-0.3809	-0.1434	0.4070	-2.7816
-0.3841	-0.1433	0.4100	-2.7846
-0.3875	-0.1427	0.4130	-2.7887
-0.3909	-0.1422	0.4160	-2.7927
-0.3942	-0.1420	0.4190	-2.7958
-0.3976	-0.1414	0.4220	-2.7998
-0.4009	-0.1412	0.4250	-2.8029
-0.4043	-0.1406	0.4280	-2.8069
-0.4077	-0.1399	0.4310	-2.8110
-0.4109	-0.1396	0.4340	-2.8140
-0.4143	-0.1389	0.4370	-2.8181
-0.4185	-0.1389	0.4410	-2.8211
-0.4220	-0.1381	0.4440	-2.8252
-0.4254	-0.1373	0.4470	-2.8293
-0.4296	-0.1373	0.4510	-2.8323
-0.4340	-0.1367	0.4550	-2.8364
-0.4372	-0.1363	0.4580	-2.8394
-0.4416	-0.1357	0.4620	-2.8435
-0.4459	-0.1355	0.4660	-2.8465
-0.4502	-0.1349	0.4700	-2.8505
-0.4536	-0.1342	0.4730	-2.8539
-0.4589	-0.1339	0.4780	-2.8576
-0.4632	-0.1331	0.4820	-2.8617
-0.4675	-0.1327	0.4860	-2.8650
-0.4719	-0.1320	0.4900	-2.8688
-0.4762	-0.1315	0.4940	-2.8721
-0.4806	-0.1306	0.4980	-2.8762
-0.4848	-0.1302	0.5020	-2.8792
-0.4892	-0.1292	0.5060	-2.8833
-0.4955	-0.1288	0.5120	-2.8873
-0.4998	-0.1283	0.5160	-2.8904
-0.5042	-0.1272	0.5200	-2.8944
-0.5104	-0.1271	0.5260	-2.8975
-0.5148	-0.1260	0.5300	-2.9015
-0.5192	-0.1248	0.5340	-2.9056
-0.5254	-0.1247	0.5400	-2.9086
-0.5318	-0.1239	0.5460	-2.9127
-0.5360	-0.1232	0.5500	-2.9157
-0.5424	-0.1223	0.5560	-2.9198
-0.5486	-0.1220	0.5620	-2.9228
-0.5550	-0.1210	0.5680	-2.9269
-0.5612	-0.1206	0.5740	-2.9299
-0.5676	-0.1195	0.5800	-2.9340
-0.5738	-0.1189	0.5860	-2.9373
-0.5801	-0.1179	0.5920	-2.9411
-0.5865	-0.1167	0.5980	-2.9452
-0.5947	-0.1163	0.6060	-2.9485
-0.6011	-0.1152	0.6120	-2.9522
-0.6073	-0.1143	0.6180	-2.9556
-0.6137	-0.1129	0.6240	-2.9596
-0.6219	-0.1125	0.6320	-2.9627
-0.6302	-0.1113	0.6400	-2.9667
-0.6385	-0.1108	0.6480	-2.9698
-0.6468	-0.1095	0.6560	-2.9738
-0.6551	-0.1082	0.6640	-2.9779
-0.6633	-0.1075	0.6720	-2.9809
-0.6717	-0.1060	0.6800	-2.9850
-0.6799	-0.1053	0.6880	-2.9880
-0.6902	-0.1039	0.6980	-2.9921
-0.6984	-0.1031	0.7060	-2.9951
-0.7088	-0.1016	0.7160	-2.9992
-0.7190	-0.1009	0.7260	-3.0022
-0.7293	-0.0993	0.7360	-3.0063
-0.7395	-0.0982	0.7460	-3.0096
-0.7498	-0.0966	0.7560	-3.0134
-0.7601	-0.0949	0.7660	-3.0174
-0.7723	-0.0938	0.7780	-3.0207
-0.7846	-0.0923	0.7900	-3.0245
-0.7831	-0.0873	0.7880	-3.0306
-0.7953	-0.0863	0.8000	-3.0335
-0.8076	-0.0842	0.8120	-3.0377
-0.8218	-0.0832	0.8260	-3.0406
-0.8341	-0.0810	0.8380	-3.0448
-0.8482	-0.0799	0.8520	-3.0477
-0.8625	-0.0776	0.8660	-3.0519
-0.8787	-0.0764	0.8820	-3.0548
-0.8929	-0.0740	0.8960	-3.0589
-0.9091	-0.0723	0.9120	-3.0622
-0.9254	-0.0700	0.9280	-3.0660
-0.9435	-0.0683	0.9460	-3.0693
-0.9603	-0.0580	0.9620	-3.0813
-0.9040	-0.0072	0.9040	-3.1336
-0.9040	-0.0035	0.9040	-3.1378
-0.7920	-0.0037	0.7920	-3.1369
-0.7920	-0.0005	0.7920	-3.1410
-0.6840	-0.0010	0.6840	-3.1402
-0.6300	-0.0031	0.6300	-3.1366
-0.6300	-0.0005	0.6300	-3.1407
-0.5772	-0.0300	0.5780	-3.0897
-0.5773	-0.0278	0.5780	-3.0936
-0.5774	-0.0254	0.5780	-3.0977
-0.5775	-0.0232	0.5780	-3.1014
-0.5756	-0.0209	0.5760	-3.1053
-0.5777	-0.0186	0.5780	-3.1094
-0.5778	-0.0164	0.5780	-3.1132
-0.5778	-0.0141	0.5780	-3.1172
-0.5759	-0.0118	0.5760	-3.1211
-0.5759	-0.0094	0.5760	-3.1252
-0.5760	-0.0072	0.5760	-3.1290
-0.5740	-0.0049	0.5740	-3.1331
-0.5740	-0.0027	0.5740	-3.1369
-0.5760	-0.0003	0.5760	-3.1410
-0.5198	-0.0476	0.5220	-3.0502
-0.5180	-0.0455	0.5200	-3.0540
-0.5182	-0.0435	0.5200	-3.0578
-0.5203	-0.0417	0.5220	-3.0616
-0.5185	-0.0394	0.5200	-3.0658
-0.5187	-0.0374	0.5200	-3.0696
-0.5188	-0.0355	0.5200	-3.0733
-0.5189	-0.0335	0.5200	-3.0772
-0.5190	-0.0315	0.5200	-3.0810
-0.5192	-0.0295	0.5200	-3.0848
-0.5173	-0.0274	0.5180	-3.0887
-0.5174	-0.0254	0.5180	-3.0925
-0.5175	-0.0235	0.5180	-3.0962
-0.5176	-0.0215	0.5180	-3.1001
-0.5176	-0.0195	0.5180	-3.1039
-0.5177	-0.0175	0.5180	-3.1077
-0.5178	-0.0155	0.5180	-3.1116
-0.5158	-0.0136	0.5160	-3.1153
-0.5179	-0.0116	0.5180	-3.1192
-0.5179	-0.0096	0.5180	-3.1230
-0.5179	-0.0076	0.5180	-3.1268
-0.5160	-0.0056	0.5160	-3.1307
-0.5160	-0.0037	0.5160	-3.1345
-0.5160	-0.0017	0.5160	-3.1382
