x	y	r	phi
-0.7924	0.6001	0.9940	2.4934
-0.7861	0.6018	0.9900	2.4882
-0.7845	0.6071	0.9920	2.4830
-0.7798	0.6099	0.9900	2.4779
-0.7735	0.6115	0.9860	2.4727
-0.7688	0.6142	0.9840	2.4675
-0.7634	0.6177	0.9820	2.4613
-0.7586	0.6204	0.9800	2.4561
-0.7537	0.6233	0.9780	2.4506
-0.7489	0.6259	0.9760	2.4455
-0.7426	0.6272	0.9720	2.4403
-0.7378	0.6297	0.9700	2.4351
-0.7330	0.6323	0.9680	2.4298
-0.7282	0.6347	0.9660	2.4246
-0.7218	0.6360	0.9620	2.4193
-0.7170	0.6384	0.9600	2.4141
-0.7121	0.6408	0.9580	2.4088
-0.7073	0.6432	0.9560	2.4037
-0.7025	0.6455	0.9540	2.3985
-0.6977	0.6477	0.9520	2.3933
-0.6912	0.6488	0.9480	2.3878
-0.6864	0.6510	0.9460	2.3827
-0.6811	0.6537	0.9440	2.3767
-0.6760	0.6560	0.9420	2.3712
-0.6712	0.6581	0.9400	2.3661
-0.6664	0.6601	0.9380	2.3609
-0.6615	0.6622	0.9360	2.3557
-0.6581	0.6656	0.9360	2.3505
-0.6532	0.6676	0.9340	2.3454
-0.6482	0.6697	0.9320	2.3399
-0.6420	0.6701	0.9280	2.3347
-0.6399	0.6749	0.9300	2.3295
-0.6363	0.6782	0.9300	2.3244
-0.6315	0.6800	0.9280	2.3192
-0.6279	0.6833	0.9280	2.3140
-0.6228	0.6852	0.9260	2.3085
-0.6166	0.6855	0.9220	2.3034
-0.6091	0.6842	0.9160	2.2982
-0.6029	0.6843	0.9120	2.2930
-0.5993	0.6874	0.9120	2.2878
-0.5970	0.6921	0.9140	2.2826
-0.5933	0.6953	0.9140	2.2772
-0.5884	0.6968	0.9120	2.2720
-0.5829	0.6988	0.9100	2.2660
-0.5790	0.7020	0.9100	2.2605
-0.5741	0.7034	0.9080	2.2553
-0.5692	0.7048	0.9060	2.2502
-0.5643	0.7062	0.9040	2.2450
-0.5607	0.7091	0.9040	2.2398
-0.5558	0.7104	0.9020	2.2346
-0.5519	0.7135	0.9020	2.2292
-0.5482	0.7163	0.9020	2.2240
-0.5432	0.7176	0.9000	2.2188
-0.5383	0.7188	0.8980	2.2136
-0.5346	0.7215	0.8980	2.2085
-0.5299	0.7225	0.8960	2.2036
-0.5250	0.7236	0.8940	2.1984
-0.5213	0.7263	0.8940	2.1934
-0.5176	0.7289	0.8940	2.1882
-0.5126	0.7300	0.8920	2.1830
-0.5091	0.7325	0.8920	2.1782
-0.5041	0.7334	0.8900	2.1730
-0.5005	0.7359	0.8900	2.1681
-0.4956	0.7368	0.8880	2.1629
-0.4920	0.7392	0.8880	2.1580
-0.4871	0.7401	0.8860	2.1528
-0.4834	0.7425	0.8860	2.1479
-0.4795	0.7450	0.8860	2.1427
-0.4748	0.7457	0.8840	2.1378
-0.4709	0.7481	0.8840	2.1326
-0.4660	0.7488	0.8820	2.1274
-0.4623	0.7511	0.8820	2.1226
-0.4584	0.7535	0.8820	2.1174
-0.4547	0.7557	0.8820	2.1125
-0.4508	0.7581	0.8820	2.1073
-0.4460	0.7586	0.8800	2.1023
-0.4421	0.7609	0.8800	2.0971
-0.4384	0.7630	0.8800	2.0923
-0.4326	0.7640	0.8780	2.0860
-0.4288	0.7662	0.8780	2.0810
-0.4248	0.7684	0.8780	2.0759
-0.4201	0.7687	0.8760	2.0710
-0.4161	0.7709	0.8760	2.0658
-0.4124	0.7729	0.8760	2.0609
-0.4083	0.7750	0.8760	2.0557
-0.4045	0.7770	0.8760	2.0508
-0.4005	0.7791	0.8760	2.0457
-0.3965	0.7811	0.8760	2.0405
-0.3917	0.7813	0.8740	2.0355
-0.3876	0.7833	0.8740	2.0303
-0.3838	0.7852	0.8740	2.0254
-0.3797	0.7872	0.8740	2.0203
-0.3750	0.7872	0.8720	2.0154
-0.3709	0.7892	0.8720	2.0102
-0.3679	0.7928	0.8740	2.0053
-0.3630	0.7929	0.8720	2.0001
-0.3589	0.7947	0.8720	1.9949
-0.3549	0.7965	0.8720	1.9900
-0.3508	0.7983	0.8720	1.9848
-0.3469	0.8000	0.8720	1.9799
-0.3435	0.8037	0.8740	1.9747
-0.3396	0.8053	0.8740	1.9698
-0.3346	0.8052	0.8720	1.9646
-0.3314	0.8087	0.8740	1.9598
-0.3273	0.8104	0.8740	1.9546
-0.3232	0.8120	0.8740	1.9496
-0.3197	0.8156	0.8760	1.9444
-0.3155	0.8172	0.8760	1.9392
-0.3115	0.8187	0.8760	1.9343
-0.3073	0.8203	0.8760	1.9292
-0.3032	0.8218	0.8760	1.9243
-0.2990	0.8234	0.8760	1.9191
-0.2943	0.8230	0.8740	1.9142
-0.2900	0.8245	0.8740	1.9090
-0.2859	0.8259	0.8740	1.9041
-0.2823	0.8293	0.8760	1.8989
-0.2780	0.8307	0.8760	1.8937
-0.2727	0.8283	0.8720	1.8888
-0.2690	0.8316	0.8740	1.8836
-0.2655	0.8348	0.8760	1.8787
-0.2606	0.8342	0.8740	1.8736
-0.2571	0.8374	0.8760	1.8687
-0.2533	0.8407	0.8780	1.8635
-0.2491	0.8419	0.8780	1.8585
-0.2463	0.8448	0.8800	1.8545
-0.2419	0.8461	0.8800	1.8493
-0.2383	0.8492	0.8820	1.8443
-0.2339	0.8504	0.8820	1.8391
-0.2294	0.8516	0.8820	1.8340
-0.2253	0.8527	0.8820	1.8291
-0.2214	0.8558	0.8840	1.8239
-0.2172	0.8569	0.8840	1.8190
-0.2132	0.8600	0.8860	1.8138
-0.2090	0.8610	0.8860	1.8089
-0.2046	0.8621	0.8860	1.8038
-0.2003	0.8631	0.8860	1.7988
-0.1962	0.8660	0.8880	1.7936
-0.1922	0.8690	0.8900	1.7884
-0.1879	0.8699	0.8900	1.7835
-0.1838	0.8729	0.8920	1.7784
-0.1796	0.8737	0.8920	1.7735
-0.1750	0.8747	0.8920	1.7683
-0.1711	0.8775	0.8940	1.7634
-0.1670	0.8803	0.8960	1.7582
-0.1626	0.8811	0.8960	1.7532
-0.1584	0.8839	0.8980	1.7481
-0.1538	0.8847	0.8980	1.7429
-0.1498	0.8874	0.9000	1.7380
-0.1455	0.8902	0.9020	1.7328
-0.1412	0.8909	0.9020	1.7279
-0.1368	0.8936	0.9040	1.7228
-0.1322	0.8943	0.9040	1.7176
-0.1279	0.8969	0.9060	1.7124
-0.1235	0.8996	0.9080	1.7072
-0.1188	0.9002	0.9080	1.7020
-0.1144	0.9028	0.9100	1.6969
-0.1109	0.9052	0.9120	1.6927
-0.1065	0.9078	0.9140	1.6876
-0.1018	0.9083	0.9140	1.6824
-0.0973	0.9108	0.9160	1.6772
-0.0928	0.9133	0.9180	1.6720
-0.0881	0.9138	0.9180	1.6669
-0.0835	0.9162	0.9200	1.6617
-0.0789	0.9186	0.9220	1.6565
-0.0742	0.9190	0.9220	1.6513
-0.0697	0.9214	0.9240	1.6463
-0.0651	0.9237	0.9260	1.6412
-0.0605	0.9260	0.9280	1.6360
-0.0558	0.9283	0.9300	1.6308
-0.0511	0.9306	0.9320	1.6256
-0.0464	0.9328	0.9340	1.6205
-0.0417	0.9371	0.9380	1.6153
-0.0369	0.9393	0.9400	1.6101
-0.0321	0.9415	0.9420	1.6049
-0.0273	0.9416	0.9420	1.5998
-0.0224	0.9417	0.9420	1.5946
-0.0175	0.9398	0.9400	1.5894
-0.0126	0.9419	0.9420	1.5842
-0.0088	0.9480	0.9480	1.5801
-0.0039	0.9520	0.9520	1.5749
0.0010	0.9540	0.9540	1.5697
0.0059	0.9540	0.9540	1.5646
0.0109	0.9559	0.9560	1.5594
0.0159	0.9599	0.9600	1.5542
0.0207	0.9618	0.9620	1.5493
0.0257	0.9637	0.9640	1.5441
0.0307	0.9655	0.9660	1.5390
0.0358	0.9673	0.9680	1.5338
0.0409	0.9691	0.9700	1.5286
0.0461	0.9729	0.9740	1.5234
0.0513	0.9747	0.9760	1.5183
0.0565	0.9764	0.9780	1.5130
0.0617	0.9781	0.9800	1.5078
0.0669	0.9797	0.9820	1.5026
0.0710	0.9814	0.9840	1.4986
0.0764	0.9850	0.9880	1.4934
0.0816	0.9866	0.9900	1.4882
0.0869	0.9882	0.9920	1.4831
0.0924	0.9917	0.9960	1.4779
0.0998	0.4480	0.4590	1.3516
0.1014	0.4446	0.4560	1.3465
0.1033	0.4400	0.4520	1.3401
0.1052	0.4375	0.4500	1.3349
0.1072	0.4360	0.4490	1.3298
0.1097	0.4364	0.4500	1.3246
0.1124	0.4378	0.4520	1.3194
0.1151	0.4392	0.4540	1.3145
0.1175	0.4406	0.4560	1.3101
0.1201	0.4409	0.4570	1.3049
0.1229	0.4422	0.4590	1.2998
0.1254	0.4426	0.4600	1.2946
0.1283	0.4438	0.4620	1.2894
0.1307	0.4452	0.4640	1.2853
0.1336	0.4464	0.4660	1.2801
0.1362	0.4467	0.4670	1.2749
0.1391	0.4479	0.4690	1.2698
0.1423	0.4500	0.4720	1.2646
0.1447	0.4514	0.4740	1.2605
0.1474	0.4516	0.4750	1.2553
0.1504	0.4527	0.4770	1.2501
0.1533	0.4538	0.4790	1.2449
0.1563	0.4549	0.4810	1.2397
0.1592	0.4571	0.4840	1.2357
0.1622	0.4581	0.4860	1.2305
0.1652	0.4592	0.4880	1.2254
0.1683	0.4602	0.4900	1.2202
0.1709	0.4614	0.4920	1.2161
0.1743	0.4633	0.4950	1.2109
0.1774	0.4642	0.4970	1.2057
0.1806	0.4652	0.4990	1.2005
0.1837	0.4672	0.5020	1.1961
0.1869	0.4681	0.5040	1.1909
0.1900	0.4690	0.5060	1.1858
0.1936	0.4707	0.5090	1.1806
0.1968	0.4716	0.5110	1.1754
0.2000	0.4735	0.5140	1.1711
0.2033	0.4743	0.5160	1.1658
0.2065	0.4750	0.5180	1.1606
0.2106	0.4776	0.5220	1.1555
0.2134	0.4786	0.5240	1.1514
0.2175	0.4811	0.5280	1.1463
0.2209	0.4818	0.5300	1.1408
0.2243	0.4824	0.5320	1.1356
0.2280	0.4851	0.5360	1.1315
0.2313	0.4857	0.5380	1.1263
0.2356	0.4881	0.5420	1.1211
0.2390	0.4887	0.5440	1.1160
0.2429	0.4912	0.5480	1.1116
0.2472	0.4935	0.5520	1.1064
0.2507	0.4940	0.5540	1.1012
0.2551	0.4963	0.5580	1.0960
0.2581	0.4970	0.5600	1.0917
0.2626	0.4992	0.5640	1.0865
0.2670	0.5013	0.5680	1.0814
0.2710	0.5037	0.5720	1.0772
0.2757	0.5058	0.5760	1.0718
0.2792	0.5061	0.5780	1.0666
0.2838	0.5081	0.5820	1.0614
0.2879	0.5104	0.5860	1.0573
0.2925	0.5124	0.5900	1.0521
0.2971	0.5143	0.5940	1.0469
0.3020	0.5162	0.5980	1.0415
0.3061	0.5184	0.6020	1.0375
0.3108	0.5202	0.6060	1.0323
0.3156	0.5220	0.6100	1.0271
0.3203	0.5238	0.6140	1.0219
0.3248	0.5258	0.6180	1.0175
0.3306	0.5292	0.6240	1.0123
0.3355	0.5309	0.6280	1.0072
0.3400	0.5328	0.6320	1.0028
0.3449	0.5343	0.6360	0.9976
0.3510	0.5376	0.6420	0.9924
0.3560	0.5391	0.6460	0.9872
0.3615	0.5426	0.6520	0.9832
0.3665	0.5441	0.6560	0.9780
0.3728	0.5470	0.6620	0.9725
0.3774	0.5488	0.6660	0.9684
0.3836	0.5517	0.6720	0.9632
0.3899	0.5547	0.6780	0.9581
0.3958	0.5579	0.6840	0.9538
0.4010	0.5590	0.6880	0.9485
0.4075	0.5618	0.6940	0.9433
0.4139	0.5645	0.7000	0.9381
0.4199	0.5675	0.7060	0.9338
0.4264	0.5702	0.7120	0.9286
0.4330	0.5727	0.7180	0.9235
0.4390	0.5757	0.7240	0.9193
0.4456	0.5782	0.7300	0.9142
0.4535	0.5822	0.7380	0.9090
0.4604	0.5844	0.7440	0.9035
0.4666	0.5872	0.7500	0.8994
0.4746	0.5910	0.7580	0.8942
0.4814	0.5932	0.7640	0.8890
0.4891	0.5973	0.7720	0.8847
0.4973	0.6010	0.7800	0.8795
0.5042	0.6030	0.7860	0.8744
0.5118	0.6070	0.7940	0.8702
0.5203	0.6103	0.8020	0.8648
0.5287	0.6136	0.8100	0.8596
0.5371	0.6169	0.8180	0.8544
0.5450	0.6207	0.8260	0.8503
0.5548	0.6254	0.8360	0.8451
0.5634	0.6285	0.8440	0.8400
0.5714	0.6319	0.8520	0.8356
0.5815	0.6364	0.8620	0.8305
0.5915	0.6407	0.8720	0.8253
0.5998	0.6439	0.8800	0.8209
0.6100	0.6481	0.8900	0.8157
0.6202	0.6522	0.9000	0.8105
0.6305	0.6562	0.9100	0.8053
0.6402	0.6607	0.9200	0.8012
0.6521	0.6659	0.9320	0.7958
0.6626	0.6696	0.9420	0.7907
0.6738	0.6754	0.9540	0.7865
0.6858	0.6803	0.9660	0.7814
0.6965	0.6838	0.9760	0.7762
0.7081	0.6890	0.9880	0.7718
0.8465	0.5287	0.9980	0.5583
0.8475	0.5232	0.9960	0.5531
0.8500	0.5191	0.9960	0.5482
0.8510	0.5136	0.9940	0.5430
0.8535	0.5095	0.9940	0.5381
0.8561	0.5050	0.9940	0.5330
0.8588	0.5005	0.9940	0.5277
0.8595	0.4953	0.9920	0.5228
0.8603	0.4899	0.9900	0.5176
0.8627	0.4857	0.9900	0.5127
0.8652	0.4812	0.9900	0.5076
0.8675	0.4769	0.9900	0.5027
0.8682	0.4715	0.9880	0.4975
0.8705	0.4672	0.9880	0.4926
0.8729	0.4627	0.9880	0.4874
0.8754	0.4581	0.9880	0.4821
0.8758	0.4529	0.9860	0.4773
0.8782	0.4484	0.9860	0.4721
0.8803	0.4441	0.9860	0.4672
0.8826	0.4395	0.9860	0.4620
0.8848	0.4352	0.9860	0.4571
0.8852	0.4297	0.9840	0.4519
0.8874	0.4251	0.9840	0.4468
0.8895	0.4207	0.9840	0.4418
0.8917	0.4161	0.9840	0.4366
0.8937	0.4117	0.9840	0.4317
0.8958	0.4071	0.9840	0.4265
0.8978	0.4027	0.9840	0.4217
0.8999	0.3981	0.9840	0.4165
0.9018	0.3937	0.9840	0.4116
0.9025	0.3872	0.9820	0.4053
0.9059	0.3843	0.9840	0.4012
0.9078	0.3798	0.9840	0.3962
0.9097	0.3751	0.9840	0.3911
0.9101	0.3689	0.9820	0.3851
0.9134	0.3659	0.9840	0.3810
0.9152	0.3614	0.9840	0.3761
0.9171	0.3567	0.9840	0.3709
0.9189	0.3519	0.9840	0.3658
0.9206	0.3474	0.9840	0.3609
0.9208	0.3412	0.9820	0.3548
0.9226	0.3364	0.9820	0.3497
0.9258	0.3333	0.9840	0.3455
0.9275	0.3287	0.9840	0.3406
0.9292	0.3239	0.9840	0.3355
0.9307	0.3194	0.9840	0.3306
0.9324	0.3146	0.9840	0.3254
0.9359	0.3104	0.9860	0.3202
0.9374	0.3058	0.9860	0.3153
0.9371	0.3003	0.9840	0.3102
0.9404	0.2962	0.9860	0.3052
0.9420	0.2914	0.9860	0.3000
0.9434	0.2868	0.9860	0.2951
0.9468	0.2824	0.9880	0.2899
0.9482	0.2775	0.9880	0.2847
0.9496	0.2729	0.9880	0.2799
0.9510	0.2680	0.9880	0.2747
0.9523	0.2633	0.9880	0.2698
0.9555	0.2589	0.9900	0.2646
0.9568	0.2542	0.9900	0.2596
0.9601	0.2497	0.9920	0.2544
0.9613	0.2450	0.9920	0.2496
0.9626	0.2397	0.9920	0.2441
0.9658	0.2352	0.9940	0.2389
0.9670	0.2302	0.9940	0.2337
0.9682	0.2249	0.9940	0.2283
0.9713	0.2204	0.9960	0.2231
0.9724	0.2153	0.9960	0.2179
0.9756	0.2104	0.9980	0.2125
0.9968	0.0493	0.9980	0.0494
0.9830	0.0435	0.9840	0.0442
0.9693	0.0368	0.9700	0.0380
0.9575	0.0314	0.9580	0.0328
0.9456	0.0261	0.9460	0.0276
0.9338	0.0199	0.9340	0.0213
0.9199	0.0148	0.9200	0.0161
0.9100	0.0090	0.9100	0.0099
0.8980	0.0040	0.8980	0.0044
0.8880	-0.0007	0.8880	-0.0008
0.8760	-0.0061	0.8760	-0.0070
0.8659	-0.0106	0.8660	-0.0123
0.8559	-0.0149	0.8560	-0.0174
0.8458	-0.0200	0.8460	-0.0237
0.8356	-0.0244	0.8360	-0.0291
0.8275	-0.0284	0.8280	-0.0343
0.8173	-0.0332	0.8180	-0.0406
0.8072	-0.0369	0.8080	-0.0457
0.7990	-0.0407	0.8000	-0.0509
0.7907	-0.0453	0.7920	-0.0572
0.7825	-0.0489	0.7840	-0.0624
0.7742	-0.0526	0.7760	-0.0679
0.7659	-0.0569	0.7680	-0.0741
0.7576	-0.0602	0.7600	-0.0793
0.7493	-0.0634	0.7520	-0.0845
0.7409	-0.0675	0.7440	-0.0908
0.7346	-0.0707	0.7380	-0.0960
0.7262	-0.0739	0.7300	-0.1014
0.7199	-0.0770	0.7240	-0.1066
0.7134	-0.0808	0.7180	-0.1128
0.7070	-0.0838	0.7120	-0.1180
0.7006	-0.0868	0.7060	-0.1232
0.6922	-0.0902	0.6980	-0.1295
0.6857	-0.0931	0.6920	-0.1350
0.6793	-0.0958	0.6860	-0.1402
0.6727	-0.0992	0.6800	-0.1464
0.6663	-0.1018	0.6740	-0.1516
0.6598	-0.1043	0.6680	-0.1568
0.6532	-0.1074	0.6620	-0.1630
0.6487	-0.1102	0.6580	-0.1683
0.6422	-0.1126	0.6520	-0.1736
0.6356	-0.1156	0.6460	-0.1800
0.6310	-0.1182	0.6420	-0.1851
0.6245	-0.1203	0.6360	-0.1903
0.6200	-0.1228	0.6320	-0.1955
0.6133	-0.1254	0.6260	-0.2017
0.6087	-0.1279	0.6220	-0.2072
0.6041	-0.1303	0.6180	-0.2124
0.5974	-0.1328	0.6120	-0.2187
0.5928	-0.1350	0.6080	-0.2239
0.5882	-0.1371	0.6040	-0.2290
0.5836	-0.1394	0.6000	-0.2345
0.5769	-0.1416	0.5940	-0.2407
0.5722	-0.1436	0.5900	-0.2459
0.5696	-0.1461	0.5880	-0.2511
0.5628	-0.1482	0.5820	-0.2574
0.5582	-0.1500	0.5780	-0.2626
0.5535	-0.1520	0.5740	-0.2681
0.5487	-0.1544	0.5700	-0.2743
0.5460	-0.1565	0.5680	-0.2792
0.5414	-0.1581	0.5640	-0.2841
0.5367	-0.1597	0.5600	-0.2893
0.5319	-0.1618	0.5560	-0.2953
0.5273	-0.1632	0.5520	-0.3002
0.5246	-0.1653	0.5500	-0.3054
0.5197	-0.1673	0.5460	-0.3114
0.5151	-0.1686	0.5420	-0.3163
0.5123	-0.1706	0.5400	-0.3215
0.5077	-0.1718	0.5360	-0.3264
0.5048	-0.1742	0.5340	-0.3324
0.5001	-0.1755	0.5300	-0.3376
0.4955	-0.1766	0.5260	-0.3425
0.4927	-0.1784	0.5240	-0.3474
0.4897	-0.1807	0.5220	-0.3534
0.4851	-0.1818	0.5180	-0.3586
0.4804	-0.1827	0.5140	-0.3635
0.4774	-0.1849	0.5120	-0.3695
0.4746	-0.1866	0.5100	-0.3747
0.4709	-0.1879	0.5070	-0.3796
0.4681	-0.1895	0.5050	-0.3847
0.4644	-0.1907	0.5020	-0.3896
0.4604	-0.1923	0.4990	-0.3957
0.4576	-0.1939	0.4970	-0.4008
0.4548	-0.1954	0.4950	-0.4057
0.4511	-0.1964	0.4920	-0.4106
0.4472	-0.1979	0.4890	-0.4167
0.4434	-0.1990	0.4860	-0.4218
0.4406	-0.2003	0.4840	-0.4267
0.4376	-0.2021	0.4820	-0.4328
0.4347	-0.2036	0.4800	-0.4380
0.4319	-0.2048	0.4780	-0.4428
0.4290	-0.2062	0.4760	-0.4480
0.4253	-0.2070	0.4730	-0.4529
0.4223	-0.2087	0.4710	-0.4589
0.4185	-0.2095	0.4680	-0.4641
0.4157	-0.2106	0.4660	-0.4690
0.4129	-0.2118	0.4640	-0.4739
0.4098	-0.2133	0.4620	-0.4799
0.4069	-0.2145	0.4600	-0.4851
0.4041	-0.2156	0.4580	-0.4900
0.4012	-0.2167	0.4560	-0.4952
0.3982	-0.2181	0.4540	-0.5012
0.3953	-0.2191	0.4520	-0.5061
0.3925	-0.2202	0.4500	-0.5113
0.3905	-0.2216	0.4490	-0.5162
0.3874	-0.2230	0.4470	-0.5222
0.3845	-0.2240	0.4450	-0.5274
0.3826	-0.2253	0.4440	-0.5323
0.3797	-0.2262	0.4420	-0.5372
0.3769	-0.2271	0.4400	-0.5424
0.3738	-0.2283	0.4380	-0.5484
0.3718	-0.2296	0.4370	-0.5533
0.3698	-0.2310	0.4360	-0.5585
0.3661	-0.2312	0.4330	-0.5634
0.3630	-0.2324	0.4310	-0.5694
0.3610	-0.2337	0.4300	-0.5746
0.3590	-0.2349	0.4290	-0.5795
0.3561	-0.2357	0.4270	-0.5846
0.3541	-0.2368	0.4260	-0.5895
0.3513	-0.2375	0.4240	-0.5944
0.3490	-0.2390	0.4230	-0.6005
0.3461	-0.2397	0.4210	-0.6056
0.3441	-0.2408	0.4200	-0.6105
0.3421	-0.2420	0.4190	-0.6157
0.3392	-0.2425	0.4170	-0.6206
0.3370	-0.2440	0.4160	-0.6266
0.3341	-0.2445	0.4140	-0.6318
0.3321	-0.2455	0.4130	-0.6367
0.3300	-0.2467	0.4120	-0.6419
0.3280	-0.2477	0.4110	-0.6469
0.3249	-0.2484	0.4090	-0.6528
0.3229	-0.2494	0.4080	-0.6577
0.3208	-0.2505	0.4070	-0.6629
0.3188	-0.2514	0.4060	-0.6679
0.3167	-0.2525	0.4050	-0.6730
0.3147	-0.2534	0.4040	-0.6779
0.3124	-0.2546	0.4030	-0.6839
0.3103	-0.2556	0.4020	-0.6890
0.3075	-0.2559	0.4000	-0.6940
0.3061	-0.2574	0.4000	-0.6992
0.3041	-0.2583	0.3990	-0.7041
0.3021	-0.2591	0.3980	-0.7090
0.3000	-0.2600	0.3970	-0.7142
0.2977	-0.2612	0.3960	-0.7202
0.2956	-0.2620	0.3950	-0.7251
0.2935	-0.2628	0.3940	-0.7303
0.2915	-0.2636	0.3930	-0.7352
0.2894	-0.2644	0.3920	-0.7403
0.2874	-0.2652	0.3910	-0.7452
0.2850	-0.2662	0.3900	-0.7513
0.2830	-0.2669	0.3890	-0.7562
0.2809	-0.2677	0.3880	-0.7613
0.2788	-0.2684	0.3870	-0.7662
0.2767	-0.2691	0.3860	-0.7714
0.2754	-0.2705	0.3860	-0.7764
0.2723	-0.2708	0.3840	-0.7826
0.2701	-0.2715	0.3830	-0.7881
0.2680	-0.2722	0.3820	-0.7933
0.2658	-0.2730	0.3810	-0.7987
0.2644	-0.2743	0.3810	-0.8039
0.2622	-0.2751	0.3800	-0.8094
0.2601	-0.2757	0.3790	-0.8145
0.2577	-0.2766	0.3780	-0.8208
0.2556	-0.2772	0.3770	-0.8260
0.2540	-0.2786	0.3770	-0.8314
0.2519	-0.2791	0.3760	-0.8366
0.2497	-0.2798	0.3750	-0.8421
0.2483	-0.2810	0.3750	-0.8472
0.2467	-0.2824	0.3750	-0.8527
0.2446	-0.2829	0.3740	-0.8579
0.2431	-0.2842	0.3740	-0.8633
0.2409	-0.2847	0.3730	-0.8685
0.2395	-0.2860	0.3730	-0.8737
0.2370	-0.2867	0.3720	-0.8800
0.2355	-0.2880	0.3720	-0.8854
0.2333	-0.2884	0.3710	-0.8906
0.2318	-0.2897	0.3710	-0.8960
0.2296	-0.2901	0.3700	-0.9012
0.2274	-0.2906	0.3690	-0.9067
0.2259	-0.2917	0.3690	-0.9119
0.2243	-0.2930	0.3690	-0.9173
0.2228	-0.2941	0.3690	-0.9225
0.2206	-0.2945	0.3680	-0.9280
0.2191	-0.2957	0.3680	-0.9331
0.2166	-0.2963	0.3670	-0.9395
0.2145	-0.2966	0.3660	-0.9446
0.2129	-0.2977	0.3660	-0.9501
0.2113	-0.2988	0.3660	-0.9553
0.2097	-0.3000	0.3660	-0.9607
0.2081	-0.3011	0.3660	-0.9659
0.2065	-0.3022	0.3660	-0.9713
0.2044	-0.3024	0.3650	-0.9765
0.2022	-0.3027	0.3640	-0.9819
0.2006	-0.3037	0.3640	-0.9871
0.1984	-0.3040	0.3630	-0.9926
0.1968	-0.3050	0.3630	-0.9978
0.1952	-0.3060	0.3630	-1.0029
0.1936	-0.3071	0.3630	-1.0084
0.1914	-0.3072	0.3620	-1.0136
0.1890	-0.3076	0.3610	-1.0199
0.1868	-0.3078	0.3600	-1.0254
0.1847	-0.3079	0.3590	-1.0305
0.1830	-0.3089	0.3590	-1.0360
0.1814	-0.3098	0.3590	-1.0412
0.1802	-0.3117	0.3600	-1.0466
0.1786	-0.3126	0.3600	-1.0518
0.1769	-0.3135	0.3600	-1.0570
0.1752	-0.3145	0.3600	-1.0624
0.1731	-0.3145	0.3590	-1.0677
0.1719	-0.3163	0.3600	-1.0730
0.1703	-0.3172	0.3600	-1.0782
0.1685	-0.3181	0.3600	-1.0837
0.1664	-0.3181	0.3590	-1.0888
0.1647	-0.3190	0.3590	-1.0943
0.1635	-0.3207	0.3600	-1.0995
0.1613	-0.3207	0.3590	-1.1047
0.1596	-0.3216	0.3590	-1.1101
0.1575	-0.3215	0.3580	-1.1153
0.1557	-0.3224	0.3580	-1.1208
0.1541	-0.3232	0.3580	-1.1259
0.1523	-0.3240	0.3580	-1.1314
0.1506	-0.3248	0.3580	-1.1366
0.1488	-0.3256	0.3580	-1.1420
0.1471	-0.3264	0.3580	-1.1472
0.1454	-0.3272	0.3580	-1.1527
0.1437	-0.3279	0.3580	-1.1579
0.1420	-0.3286	0.3580	-1.1630
0.1402	-0.3294	0.3580	-1.1685
0.1385	-0.3301	0.3580	-1.1737
0.1367	-0.3309	0.3580	-1.1792
0.1349	-0.3316	0.3580	-1.1843
0.1331	-0.3323	0.3580	-1.1898
0.1314	-0.3330	0.3580	-1.1950
0.1296	-0.3337	0.3580	-1.2004
0.1278	-0.3344	0.3580	-1.2056
0.1261	-0.3351	0.3580	-1.2108
0.1243	-0.3357	0.3580	-1.2163
0.1229	-0.3373	0.3590	-1.2214
0.1210	-0.3380	0.3590	-1.2269
0.1193	-0.3386	0.3590	-1.2321
0.1174	-0.3392	0.3590	-1.2375
0.1157	-0.3399	0.3590	-1.2427
0.1138	-0.3405	0.3590	-1.2482
0.1121	-0.3411	0.3590	-1.2534
0.1106	-0.3426	0.3600	-1.2585
0.1087	-0.3432	0.3600	-1.2640
0.1069	-0.3437	0.3600	-1.2692
0.1051	-0.3443	0.3600	-1.2745
0.1033	-0.3449	0.3600	-1.2797
0.1017	-0.3464	0.3610	-1.2852
0.0999	-0.3469	0.3610	-1.2904
0.0981	-0.3474	0.3610	-1.2955
0.0963	-0.3479	0.3610	-1.3008
0.0951	-0.3493	0.3620	-1.3048
0.0934	-0.3497	0.3620	-1.3097
0.0916	-0.3502	0.3620	-1.3149
0.0898	-0.3507	0.3620	-1.3201
0.0880	-0.3512	0.3620	-1.3254
0.0862	-0.3516	0.3620	-1.3302
0.0847	-0.3530	0.3630	-1.3354
0.0828	-0.3534	0.3630	-1.3406
0.0813	-0.3548	0.3640	-1.3455
0.0795	-0.3552	0.3640	-1.3507
0.0776	-0.3556	0.3640	-1.3558
0.0761	-0.3570	0.3650	-1.3607
0.0743	-0.3574	0.3650	-1.3659
0.0724	-0.3577	0.3650	-1.3711
0.0708	-0.3591	0.3660	-1.3761
0.0690	-0.3594	0.3660	-1.3813
0.0671	-0.3598	0.3660	-1.3864
0.0654	-0.3611	0.3670	-1.3916
0.0641	-0.3624	0.3680	-1.3956
0.0625	-0.3637	0.3690	-1.4006
0.0608	-0.3650	0.3700	-1.4058
0.0589	-0.3653	0.3700	-1.4110
0.0573	-0.3666	0.3710	-1.4159
0.0552	-0.3659	0.3700	-1.4210
0.0530	-0.3642	0.3680	-1.4262
0.0513	-0.3654	0.3690	-1.4314
0.0498	-0.3676	0.3710	-1.4363
0.0480	-0.3689	0.3720	-1.4415
0.0466	-0.3701	0.3730	-1.4456
0.0447	-0.3703	0.3730	-1.4508
0.0430	-0.3715	0.3740	-1.4557
0.0410	-0.3717	0.3740	-1.4608
0.0392	-0.3729	0.3750	-1.4660
0.0373	-0.3731	0.3750	-1.4712
0.0356	-0.3743	0.3760	-1.4761
0.0337	-0.3755	0.3770	-1.4813
0.0317	-0.3757	0.3770	-1.4865
0.0300	-0.3768	0.3780	-1.4914
0.0285	-0.3779	0.3790	-1.4954
0.0266	-0.3781	0.3790	-1.5006
0.0246	-0.3792	0.3800	-1.5059
0.0227	-0.3803	0.3810	-1.5111
0.0209	-0.3804	0.3810	-1.5160
0.0190	-0.3815	0.3820	-1.5211
0.0170	-0.3826	0.3830	-1.5263
0.0152	-0.3827	0.3830	-1.5312
0.0132	-0.3838	0.3840	-1.5364
0.0117	-0.3848	0.3850	-1.5405
0.0097	-0.3859	0.3860	-1.5457
0.0077	-0.3869	0.3870	-1.5509
0.0058	-0.3870	0.3870	-1.5557
0.0038	-0.3880	0.3880	-1.5609
0.0018	-0.3890	0.3890	-1.5661
-0.0001	-0.3900	0.3900	-1.5710
-0.0017	-0.3910	0.3910	-1.5751
-0.0037	-0.3920	0.3920	-1.5803
-0.0058	-0.3930	0.3930	-1.5855
-0.0078	-0.3939	0.3940	-1.5906
-0.0098	-0.3949	0.3950	-1.5955
-0.0118	-0.3958	0.3960	-1.6007
-0.0135	-0.3968	0.3970	-1.6048
-0.0156	-0.3977	0.3980	-1.6100
-0.0176	-0.3996	0.4000	-1.6149
-0.0198	-0.4005	0.4010	-1.6201
-0.0217	-0.3984	0.3990	-1.6253
-0.0237	-0.3983	0.3990	-1.6302
-0.0259	-0.4002	0.4010	-1.6354
-0.0281	-0.4020	0.4030	-1.6406
-0.0298	-0.4029	0.4040	-1.6446
-0.0320	-0.4037	0.4050	-1.6498
-0.0341	-0.4046	0.4060	-1.6548
-0.0363	-0.4064	0.4080	-1.6600
-0.0382	-0.4082	0.4100	-1.6640
-0.0405	-0.4100	0.4120	-1.6692
-0.0427	-0.4108	0.4130	-1.6743
-0.0447	-0.4106	0.4130	-1.6793
-0.0466	-0.4083	0.4110	-1.6845
-0.0489	-0.4091	0.4120	-1.6897
-0.0512	-0.4118	0.4150	-1.6946
-0.0534	-0.4156	0.4190	-1.6987
-0.0557	-0.4163	0.4200	-1.7039
-0.0576	-0.4140	0.4180	-1.7090
-0.0597	-0.4137	0.4180	-1.7142
-0.0621	-0.4154	0.4200	-1.7191
-0.0645	-0.4170	0.4220	-1.7243
-0.0666	-0.4187	0.4240	-1.7284
-0.0690	-0.4204	0.4260	-1.7336
-0.0713	-0.4210	0.4270	-1.7385
-0.0738	-0.4226	0.4290	-1.7437
-0.0762	-0.4232	0.4300	-1.7488
-0.0783	-0.4249	0.4320	-1.7530
-0.0806	-0.4254	0.4330	-1.7581
-0.0831	-0.4270	0.4350	-1.7630
-0.0853	-0.4266	0.4350	-1.7682
-0.0879	-0.4281	0.4370	-1.7734
-0.0902	-0.4286	0.4380	-1.7783
-0.0924	-0.4302	0.4400	-1.7824
-0.0951	-0.4317	0.4420	-1.7876
-0.0977	-0.4331	0.4440	-1.7927
-0.1001	-0.4336	0.4450	-1.7976
-0.1028	-0.4350	0.4470	-1.8028
-0.1050	-0.4365	0.4490	-1.8069
-0.1075	-0.4370	0.4500	-1.8121
-0.1099	-0.4374	0.4510	-1.8170
-0.1124	-0.4378	0.4520	-1.8222
-0.1150	-0.4382	0.4530	-1.8274
-0.1173	-0.4386	0.4540	-1.8322
-0.1199	-0.4410	0.4570	-1.8364
-0.1230	-0.4432	0.4600	-1.8415
-0.1259	-0.4445	0.4620	-1.8467
-0.1283	-0.4459	0.4640	-1.8508
-0.1310	-0.4472	0.4660	-1.8557
-0.1339	-0.4484	0.4680	-1.8609
-0.1366	-0.4497	0.4700	-1.8658
-0.1396	-0.4509	0.4720	-1.8710
-0.1423	-0.4532	0.4750	-1.8751
-0.1453	-0.4543	0.4770	-1.8803
-0.1478	-0.4546	0.4780	-1.8852
-0.1508	-0.4557	0.4800	-1.8903
-0.1535	-0.4559	0.4810	-1.8955
-0.1560	-0.4571	0.4830	-1.8996
-0.1585	-0.4573	0.4840	-1.9045
-0.1616	-0.4584	0.4860	-1.9097
-0.1653	-0.4613	0.4900	-1.9149
-0.1682	-0.4634	0.4930	-1.9190
-0.1715	-0.4654	0.4960	-1.9239
-0.1746	-0.4664	0.4980	-1.9291
-0.1778	-0.4673	0.5000	-1.9343
-0.1808	-0.4694	0.5030	-1.9384
-0.1845	-0.4722	0.5070	-1.9433
-0.1873	-0.4722	0.5080	-1.9484
-0.1898	-0.4712	0.5080	-1.9536
-0.1932	-0.4731	0.5110	-1.9585
-0.1967	-0.4760	0.5150	-1.9626
-0.2003	-0.4777	0.5180	-1.9678
-0.2035	-0.4785	0.5200	-1.9730
-0.2067	-0.4793	0.5220	-1.9779
-0.2094	-0.4803	0.5240	-1.9820
-0.2136	-0.4829	0.5280	-1.9872
-0.2167	-0.4837	0.5300	-1.9921
-0.2201	-0.4844	0.5320	-1.9972
-0.2237	-0.4871	0.5360	-2.0014
-0.2279	-0.4895	0.5400	-2.0065
-0.2312	-0.4902	0.5420	-2.0114
-0.2354	-0.4926	0.5460	-2.0166
-0.2383	-0.4935	0.5480	-2.0207
-0.2426	-0.4958	0.5520	-2.0259
-0.2459	-0.4964	0.5540	-2.0308
-0.2503	-0.4987	0.5580	-2.0360
-0.2542	-0.5012	0.5620	-2.0401
-0.2577	-0.5017	0.5640	-2.0453
-0.2620	-0.5040	0.5680	-2.0502
-0.2659	-0.5064	0.5720	-2.0543
-0.2704	-0.5086	0.5760	-2.0595
-0.2740	-0.5089	0.5780	-2.0646
-0.2784	-0.5111	0.5820	-2.0695
-0.2824	-0.5135	0.5860	-2.0737
-0.2870	-0.5155	0.5900	-2.0788
-0.2916	-0.5175	0.5940	-2.0840
-0.2961	-0.5195	0.5980	-2.0889
-0.3003	-0.5218	0.6020	-2.0930
-0.3050	-0.5237	0.6060	-2.0982
-0.3097	-0.5255	0.6100	-2.1034
-0.3143	-0.5274	0.6140	-2.1083
-0.3186	-0.5296	0.6180	-2.1124
-0.3234	-0.5313	0.6220	-2.1176
-0.3282	-0.5330	0.6260	-2.1227
-0.3330	-0.5348	0.6300	-2.1276
-0.3384	-0.5385	0.6360	-2.1318
-0.3433	-0.5401	0.6400	-2.1369
-0.3492	-0.5435	0.6460	-2.1418
-0.3548	-0.5470	0.6520	-2.1461
-0.3596	-0.5486	0.6560	-2.1510
-0.3647	-0.5501	0.6600	-2.1563
-0.3703	-0.5536	0.6660	-2.1603
-0.3763	-0.5567	0.6720	-2.1652
-0.3826	-0.5597	0.6780	-2.1704
-0.3878	-0.5610	0.6820	-2.1756
-0.3935	-0.5644	0.6880	-2.1797
-0.3997	-0.5673	0.6940	-2.1846
-0.4061	-0.5701	0.7000	-2.1898
-0.4120	-0.5733	0.7060	-2.1939
-0.4173	-0.5744	0.7100	-2.1991
-0.4248	-0.5788	0.7180	-2.2039
-0.4308	-0.5819	0.7240	-2.2081
-0.4374	-0.5845	0.7300	-2.2132
-0.4440	-0.5870	0.7360	-2.2184
-0.4517	-0.5912	0.7440	-2.2233
-0.4578	-0.5940	0.7500	-2.2274
-0.4658	-0.5980	0.7580	-2.2326
-0.4726	-0.6003	0.7640	-2.2378
-0.4803	-0.6044	0.7720	-2.2422
-0.4884	-0.6082	0.7800	-2.2474
-0.4953	-0.6103	0.7860	-2.2526
-0.5030	-0.6143	0.7940	-2.2569
-0.5113	-0.6179	0.8020	-2.2620
-0.5196	-0.6214	0.8100	-2.2672
-0.5280	-0.6248	0.8180	-2.2724
-0.5372	-0.6301	0.8280	-2.2768
-0.5457	-0.6333	0.8360	-2.2820
-0.5555	-0.6380	0.8460	-2.2872
-0.5634	-0.6418	0.8540	-2.2913
-0.5721	-0.6448	0.8620	-2.2965
-0.5822	-0.6492	0.8720	-2.3018
-0.5916	-0.6542	0.8820	-2.3060
-0.6017	-0.6585	0.8920	-2.3111
-0.6119	-0.6627	0.9020	-2.3163
-0.6216	-0.6673	0.9120	-2.3207
-0.6333	-0.6729	0.9240	-2.3259
-0.6436	-0.6768	0.9340	-2.3311
-0.6549	-0.6827	0.9460	-2.3354
-0.6667	-0.6879	0.9580	-2.3406
-0.6787	-0.6930	0.9700	-2.3457
-0.6907	-0.6980	0.9820	-2.3509
-0.7023	-0.7035	0.9940	-2.3553
