x	y	r	phi
-0.6609	0.7478	0.9980	2.2946
-0.6559	0.7495	0.9960	2.2897
-0.6522	0.7527	0.9960	2.2848
-0.6472	0.7544	0.9940	2.2799
-0.6409	0.7545	0.9900	2.2750
-0.6360	0.7561	0.9880	2.2701
-0.6337	0.7606	0.9900	2.2654
-0.6287	0.7622	0.9880	2.2605
-0.6249	0.7652	0.9880	2.2556
-0.6199	0.7667	0.9860	2.2507
-0.6161	0.7698	0.9860	2.2457
-0.6111	0.7712	0.9840	2.2409
-0.6055	0.7731	0.9820	2.2352
-0.6004	0.7745	0.9800	2.2302
-0.5966	0.7775	0.9800	2.2253
-0.5928	0.7804	0.9800	2.2204
-0.5878	0.7817	0.9780	2.2155
-0.5839	0.7845	0.9780	2.2107
-0.5788	0.7858	0.9760	2.2057
-0.5752	0.7885	0.9760	2.2011
-0.5702	0.7897	0.9740	2.1962
-0.5663	0.7924	0.9740	2.1913
-0.5612	0.7936	0.9720	2.1863
-0.5573	0.7964	0.9720	2.1814
-0.5534	0.7991	0.9720	2.1765
-0.5495	0.8018	0.9720	2.1716
-0.5456	0.8044	0.9720	2.1667
-0.5407	0.8053	0.9700	2.1621
-0.5367	0.8080	0.9700	2.1572
-0.5339	0.8123	0.9720	2.1523
-0.5288	0.8132	0.9700	2.1474
-0.5247	0.8158	0.9700	2.1424
-0.5186	0.8150	0.9660	2.1375
-0.5135	0.8158	0.9640	2.1326
-0.5096	0.8183	0.9640	2.1277
-0.5057	0.8207	0.9640	2.1230
-0.5006	0.8215	0.9620	2.1181
-0.4956	0.8222	0.9600	2.1133
-0.4916	0.8246	0.9600	2.1084
-0.4875	0.8270	0.9600	2.1035
-0.4834	0.8294	0.9600	2.0985
-0.4793	0.8318	0.9600	2.0936
-0.4753	0.8341	0.9600	2.0887
-0.4704	0.8345	0.9580	2.0841
-0.4673	0.8386	0.9600	2.0792
-0.4631	0.8409	0.9600	2.0742
-0.4590	0.8431	0.9600	2.0693
-0.4549	0.8454	0.9600	2.0645
-0.4508	0.8476	0.9600	2.0596
-0.4466	0.8498	0.9600	2.0547
-0.4424	0.8520	0.9600	2.0497
-0.4384	0.8540	0.9600	2.0451
-0.4343	0.8562	0.9600	2.0402
-0.4292	0.8565	0.9580	2.0353
-0.4249	0.8586	0.9580	2.0303
-0.4207	0.8607	0.9580	2.0254
-0.4165	0.8627	0.9580	2.0205
-0.4123	0.8648	0.9580	2.0157
-0.4080	0.8668	0.9580	2.0108
-0.4039	0.8687	0.9580	2.0061
-0.3997	0.8706	0.9580	2.0012
-0.3954	0.8726	0.9580	1.9963
-0.3912	0.8745	0.9580	1.9914
-0.3868	0.8764	0.9580	1.9864
-0.3825	0.8783	0.9580	1.9815
-0.3790	0.8820	0.9600	1.9766
-0.3747	0.8839	0.9600	1.9717
-0.3697	0.8838	0.9580	1.9670
-0.3654	0.8856	0.9580	1.9622
-0.3618	0.8892	0.9600	1.9573
-0.3575	0.8910	0.9600	1.9524
-0.3531	0.8927	0.9600	1.9475
-0.3487	0.8944	0.9600	1.9425
-0.3443	0.8961	0.9600	1.9376
-0.3399	0.8978	0.9600	1.9327
-0.3358	0.8994	0.9600	1.9281
-0.3314	0.9010	0.9600	1.9232
-0.3269	0.9026	0.9600	1.9182
-0.3225	0.9042	0.9600	1.9134
-0.3187	0.9077	0.9620	1.9085
-0.3143	0.9092	0.9620	1.9036
-0.3098	0.9107	0.9620	1.8987
-0.3059	0.9142	0.9640	1.8937
-0.3017	0.9156	0.9640	1.8891
-0.2972	0.9170	0.9640	1.8842
-0.2927	0.9185	0.9640	1.8793
-0.2881	0.9199	0.9640	1.8743
-0.2839	0.9212	0.9640	1.8697
-0.2797	0.9225	0.9640	1.8651
-0.2759	0.9258	0.9660	1.8604
-0.2722	0.9289	0.9680	1.8558
-0.2676	0.9303	0.9680	1.8509
-0.2633	0.9315	0.9680	1.8462
-0.2595	0.9346	0.9700	1.8416
-0.2552	0.9358	0.9700	1.8370
-0.2513	0.9389	0.9720	1.8323
-0.0961	0.4406	0.4510	1.7855
-0.0938	0.4401	0.4500	1.7809
-0.0922	0.4425	0.4520	1.7762
-0.0903	0.4439	0.4530	1.7716
-0.0882	0.4443	0.4530	1.7667
-0.0863	0.4457	0.4540	1.7620
-0.0842	0.4461	0.4540	1.7574
-0.0822	0.4465	0.4540	1.7528
-0.0802	0.4479	0.4550	1.7481
-0.0788	0.4491	0.4560	1.7445
-0.0766	0.4495	0.4560	1.7396
-0.0747	0.4509	0.4570	1.7350
-0.0726	0.4512	0.4570	1.7303
-0.0707	0.4525	0.4580	1.7257
-0.0687	0.4538	0.4590	1.7211
-0.0666	0.4541	0.4590	1.7164
-0.0645	0.4544	0.4590	1.7118
-0.0626	0.4557	0.4600	1.7072
-0.0606	0.4570	0.4610	1.7025
-0.0586	0.4583	0.4620	1.6979
-0.0565	0.4585	0.4620	1.6933
-0.0542	0.4588	0.4620	1.6883
-0.0522	0.4601	0.4630	1.6837
-0.0507	0.4612	0.4640	1.6802
-0.0485	0.4615	0.4640	1.6756
-0.0465	0.4627	0.4650	1.6709
-0.0444	0.4639	0.4660	1.6663
-0.0423	0.4651	0.4670	1.6614
-0.0401	0.4653	0.4670	1.6567
-0.0380	0.4665	0.4680	1.6521
-0.0359	0.4676	0.4690	1.6475
-0.0339	0.4698	0.4710	1.6428
-0.0317	0.4699	0.4710	1.6382
-0.0296	0.4701	0.4710	1.6336
-0.0274	0.4712	0.4720	1.6289
-0.0257	0.4723	0.4730	1.6252
-0.0235	0.4734	0.4740	1.6205
-0.0214	0.4745	0.4750	1.6159
-0.0192	0.4756	0.4760	1.6112
-0.0171	0.4767	0.4770	1.6066
-0.0149	0.4768	0.4770	1.6020
-0.0126	0.4778	0.4780	1.5973
-0.0105	0.4789	0.4790	1.5927
-0.0083	0.4799	0.4800	1.5881
-0.0059	0.4810	0.4810	1.5831
-0.0037	0.4820	0.4820	1.5785
-0.0020	0.4830	0.4830	1.5749
0.0002	0.4840	0.4840	1.5703
0.0025	0.4850	0.4850	1.5656
0.0048	0.4870	0.4870	1.5610
0.0071	0.4869	0.4870	1.5561
0.0094	0.4879	0.4880	1.5515
0.0117	0.4899	0.4900	1.5468
0.0140	0.4908	0.4910	1.5422
0.0158	0.4917	0.4920	1.5387
0.0181	0.4927	0.4930	1.5340
0.0206	0.4936	0.4940	1.5291
0.0229	0.4945	0.4950	1.5245
0.0252	0.4954	0.4960	1.5199
0.0276	0.4962	0.4970	1.5152
0.0300	0.4981	0.4990	1.5106
0.0324	0.4999	0.5010	1.5060
0.0348	0.4998	0.5010	1.5013
0.0369	0.5016	0.5030	1.4975
0.0392	0.5025	0.5040	1.4929
0.0416	0.5033	0.5050	1.4882
0.0441	0.5041	0.5060	1.4836
0.0466	0.5059	0.5080	1.4789
0.0490	0.5066	0.5090	1.4743
0.0516	0.5084	0.5110	1.4696
0.0540	0.5091	0.5120	1.4650
0.0562	0.5109	0.5140	1.4612
0.0586	0.5107	0.5140	1.4566
0.0612	0.5124	0.5160	1.4519
0.0638	0.5141	0.5180	1.4473
0.0662	0.5138	0.5180	1.4427
0.0688	0.5154	0.5200	1.4380
0.0715	0.5171	0.5220	1.4334
0.0738	0.5188	0.5240	1.4296
0.0761	0.5184	0.5240	1.4250
0.0789	0.5201	0.5260	1.4203
0.0816	0.5217	0.5280	1.4157
0.0843	0.5233	0.5300	1.4111
0.0871	0.5248	0.5320	1.4064
0.0900	0.5264	0.5340	1.4015
0.0926	0.5259	0.5340	1.3966
0.0949	0.5275	0.5360	1.3928
0.0979	0.5290	0.5380	1.3879
0.1007	0.5305	0.5400	1.3833
0.1037	0.5320	0.5420	1.3783
0.1067	0.5334	0.5440	1.3734
0.1097	0.5349	0.5460	1.3685
0.1122	0.5364	0.5480	1.3647
0.1146	0.5359	0.5480	1.3601
0.1177	0.5373	0.5500	1.3552
0.1208	0.5386	0.5520	1.3502
0.1239	0.5400	0.5540	1.3453
0.1268	0.5413	0.5560	1.3407
0.1299	0.5427	0.5580	1.3358
0.1325	0.5441	0.5600	1.3320
0.1356	0.5454	0.5620	1.3271
0.1388	0.5466	0.5640	1.3221
0.1418	0.5479	0.5660	1.3175
0.1450	0.5492	0.5680	1.3126
0.1482	0.5504	0.5700	1.3077
0.1514	0.5537	0.5740	1.3039
0.1546	0.5549	0.5760	1.2990
0.1578	0.5560	0.5780	1.2943
0.1611	0.5572	0.5800	1.2894
0.1643	0.5583	0.5820	1.2845
0.1677	0.5594	0.5840	1.2796
0.1704	0.5607	0.5860	1.2758
0.1736	0.5618	0.5880	1.2711
0.1775	0.5648	0.5920	1.2662
0.1809	0.5658	0.5940	1.2613
0.1843	0.5668	0.5960	1.2564
0.1876	0.5678	0.5980	1.2517
0.1911	0.5709	0.6020	1.2477
0.1945	0.5718	0.6040	1.2430
0.1979	0.5728	0.6060	1.2381
0.2014	0.5737	0.6080	1.2332
0.2053	0.5765	0.6120	1.2286
0.2088	0.5774	0.6140	1.2237
0.2117	0.5785	0.6160	1.2199
0.2160	0.5812	0.6200	1.2149
0.2196	0.5820	0.6220	1.2100
0.2231	0.5827	0.6240	1.2051
0.2272	0.5854	0.6280	1.2005
0.2308	0.5862	0.6300	1.1956
0.2346	0.5890	0.6340	1.1918
0.2382	0.5897	0.6360	1.1869
0.2426	0.5922	0.6400	1.1819
0.2461	0.5929	0.6420	1.1773
0.2506	0.5954	0.6460	1.1724
0.2536	0.5963	0.6480	1.1686
0.2581	0.5987	0.6520	1.1637
0.2619	0.5993	0.6540	1.1588
0.2663	0.6017	0.6580	1.1541
0.2709	0.6040	0.6620	1.1492
0.2748	0.6066	0.6660	1.1454
0.2786	0.6071	0.6680	1.1405
0.2833	0.6094	0.6720	1.1356
0.2879	0.6116	0.6760	1.1309
0.2917	0.6120	0.6780	1.1260
0.2964	0.6142	0.6820	1.1211
0.3005	0.6167	0.6860	1.1173
0.3053	0.6188	0.6900	1.1124
0.3099	0.6209	0.6940	1.1078
0.3148	0.6230	0.6980	1.1028
0.3197	0.6250	0.7020	1.0979
0.3239	0.6273	0.7060	1.0941
0.3289	0.6292	0.7100	1.0892
0.3338	0.6312	0.7140	1.0843
0.3386	0.6332	0.7180	1.0797
0.3436	0.6350	0.7220	1.0747
0.3479	0.6372	0.7260	1.0710
0.3530	0.6390	0.7300	1.0660
0.3581	0.6407	0.7340	1.0611
0.3630	0.6425	0.7380	1.0565
0.3691	0.6460	0.7440	1.0516
0.3736	0.6480	0.7480	1.0478
0.3788	0.6496	0.7520	1.0429
0.3851	0.6529	0.7580	1.0379
0.3901	0.6546	0.7620	1.0333
0.3954	0.6561	0.7660	1.0284
0.4010	0.6597	0.7720	1.0246
0.4074	0.6628	0.7780	1.0197
0.4127	0.6642	0.7820	1.0148
0.4180	0.6657	0.7860	1.0101
0.4244	0.6687	0.7920	1.0052
0.4302	0.6721	0.7980	1.0014
0.4368	0.6750	0.8040	0.9965
0.4433	0.6779	0.8100	0.9916
0.4500	0.6807	0.8160	0.9867
0.4559	0.6840	0.8220	0.9829
0.4613	0.6852	0.8260	0.9783
0.4681	0.6879	0.8320	0.9733
0.4748	0.6905	0.8380	0.9684
0.4816	0.6931	0.8440	0.9635
0.4889	0.6978	0.8520	0.9597
0.4955	0.7004	0.8580	0.9551
0.5023	0.7030	0.8640	0.9504
0.5102	0.7072	0.8720	0.9458
0.5170	0.7097	0.8780	0.9412
0.5233	0.7125	0.8840	0.9374
0.5314	0.7165	0.8920	0.9327
0.5449	0.7138	0.8980	0.9188
0.5674	0.7166	0.9140	0.9011
0.5697	0.7122	0.9120	0.8961
0.5723	0.7075	0.9100	0.8907
0.5743	0.7033	0.9080	0.8861
0.5764	0.6990	0.9060	0.8812
0.5771	0.6932	0.9020	0.8766
0.5803	0.6905	0.9020	0.8719
0.5822	0.6863	0.9000	0.8673
0.5841	0.6820	0.8980	0.8626
0.5847	0.6763	0.8940	0.8580
0.5864	0.6721	0.8920	0.8534
0.5883	0.6679	0.8900	0.8487
0.5902	0.6635	0.8880	0.8438
0.5932	0.6608	0.8880	0.8392
0.5950	0.6565	0.8860	0.8345
0.5953	0.6508	0.8820	0.8299
0.5969	0.6466	0.8800	0.8253
0.5993	0.6417	0.8780	0.8195
0.6022	0.6389	0.8780	0.8149
0.6025	0.6332	0.8740	0.8102
0.6040	0.6289	0.8720	0.8056
0.6069	0.6262	0.8720	0.8010
0.6086	0.6217	0.8700	0.7960
0.6101	0.6175	0.8680	0.7914
0.6115	0.6132	0.8660	0.7868
0.6129	0.6089	0.8640	0.7821
0.6143	0.6047	0.8620	0.7775
0.6156	0.6005	0.8600	0.7729
0.6170	0.5962	0.8580	0.7682
0.6198	0.5934	0.8580	0.7636
0.6227	0.5903	0.8580	0.7587
0.6240	0.5860	0.8560	0.7540
0.6237	0.5804	0.8520	0.7494
0.6264	0.5775	0.8520	0.7448
0.6276	0.5732	0.8500	0.7401
0.6288	0.5690	0.8480	0.7355
0.6314	0.5661	0.8480	0.7309
0.6331	0.5611	0.8460	0.7252
0.6342	0.5569	0.8440	0.7206
0.6368	0.5539	0.8440	0.7159
0.6380	0.5495	0.8420	0.7110
0.6390	0.5452	0.8400	0.7064
0.6400	0.5409	0.8380	0.7017
0.6425	0.5380	0.8380	0.6971
0.6450	0.5350	0.8380	0.6925
0.6459	0.5307	0.8360	0.6878
0.6484	0.5277	0.8360	0.6832
0.6493	0.5234	0.8340	0.6785
0.6503	0.5190	0.8320	0.6736
0.6527	0.5160	0.8320	0.6690
0.6534	0.5118	0.8300	0.6644
0.6558	0.5087	0.8300	0.6597
0.6566	0.5045	0.8280	0.6551
0.6590	0.5014	0.8280	0.6504
0.6597	0.4971	0.8260	0.6458
0.6621	0.4939	0.8260	0.6409
0.6627	0.4896	0.8240	0.6363
0.6650	0.4865	0.8240	0.6316
0.6673	0.4835	0.8240	0.6270
0.6679	0.4792	0.8220	0.6224
0.6701	0.4761	0.8220	0.6177
0.6706	0.4718	0.8200	0.6131
0.6729	0.4687	0.8200	0.6084
0.6738	0.4637	0.8180	0.6028
0.6760	0.4606	0.8180	0.5981
0.6781	0.4575	0.8180	0.5935
0.6787	0.4530	0.8160	0.5886
0.6808	0.4498	0.8160	0.5839
0.6829	0.4467	0.8160	0.5793
0.6832	0.4425	0.8140	0.5747
0.6853	0.4392	0.8140	0.5700
0.6873	0.4361	0.8140	0.5654
0.6876	0.4318	0.8120	0.5608
0.6898	0.4284	0.8120	0.5558
0.6900	0.4242	0.8100	0.5512
0.6937	0.4220	0.8120	0.5466
0.6940	0.4178	0.8100	0.5419
0.6959	0.4146	0.8100	0.5373
0.6978	0.4113	0.8100	0.5327
0.6997	0.4081	0.8100	0.5280
0.6998	0.4038	0.8080	0.5234
0.7018	0.4004	0.8080	0.5185
0.7037	0.3971	0.8080	0.5138
0.7038	0.3929	0.8060	0.5092
0.7056	0.3897	0.8060	0.5046
0.7074	0.3862	0.8060	0.4997
0.7093	0.3829	0.8060	0.4950
0.7110	0.3796	0.8060	0.4904
0.7129	0.3761	0.8060	0.4855
0.7146	0.3728	0.8060	0.4808
0.7145	0.3686	0.8040	0.4762
0.7163	0.3651	0.8040	0.4713
0.7180	0.3617	0.8040	0.4666
0.7197	0.3584	0.8040	0.4620
0.7197	0.3540	0.8020	0.4571
0.7213	0.3506	0.8020	0.4524
0.7229	0.3473	0.8020	0.4478
0.7246	0.3437	0.8020	0.4429
0.7262	0.3404	0.8020	0.4383
0.7278	0.3370	0.8020	0.4336
0.7294	0.3334	0.8020	0.4287
0.7309	0.3301	0.8020	0.4241
0.7325	0.3266	0.8020	0.4194
0.7341	0.3230	0.8020	0.4146
0.7355	0.3197	0.8020	0.4100
0.7370	0.3162	0.8020	0.4053
0.7386	0.3126	0.8020	0.4004
0.7400	0.3092	0.8020	0.3958
0.7415	0.3057	0.8020	0.3911
0.7429	0.3021	0.8020	0.3862
0.7462	0.2994	0.8040	0.3816
0.7457	0.2952	0.8020	0.3770
0.7471	0.2915	0.8020	0.3720
0.7485	0.2881	0.8020	0.3674
0.7498	0.2846	0.8020	0.3628
0.7531	0.2816	0.8040	0.3578
0.7525	0.2774	0.8020	0.3532
0.7556	0.2746	0.8040	0.3486
0.7570	0.2709	0.8040	0.3436
0.7582	0.2674	0.8040	0.3390
0.7595	0.2639	0.8040	0.3344
0.7607	0.2602	0.8040	0.3295
0.7620	0.2566	0.8040	0.3248
0.7631	0.2531	0.8040	0.3202
0.7663	0.2500	0.8060	0.3153
0.7674	0.2464	0.8060	0.3106
0.7686	0.2428	0.8060	0.3060
0.7697	0.2391	0.8060	0.3011
0.7708	0.2354	0.8060	0.2964
0.7719	0.2319	0.8060	0.2918
0.7750	0.2287	0.8080	0.2870
0.7760	0.2250	0.8080	0.2823
0.7771	0.2215	0.8080	0.2777
0.7801	0.2182	0.8100	0.2728
0.7811	0.2146	0.8100	0.2682
0.7821	0.2109	0.8100	0.2635
0.7831	0.2071	0.8100	0.2586
0.7840	0.2035	0.8100	0.2540
0.7869	0.2003	0.8120	0.2493
0.7879	0.1965	0.8120	0.2444
0.7888	0.1928	0.8120	0.2398
0.7897	0.1891	0.8120	0.2351
0.7906	0.1853	0.8120	0.2302
0.7934	0.1821	0.8140	0.2256
0.7962	0.1788	0.8160	0.2209
0.7990	0.1753	0.8180	0.2160
0.7978	0.1712	0.8160	0.2114
0.7986	0.1675	0.8160	0.2068
0.8014	0.1640	0.8180	0.2018
0.8039	0.1615	0.8200	0.1983
0.8047	0.1576	0.8200	0.1934
0.8054	0.1539	0.8200	0.1888
0.8081	0.1505	0.8220	0.1841
0.8088	0.1465	0.8220	0.1792
0.8095	0.1428	0.8220	0.1746
0.8121	0.1394	0.8240	0.1700
0.8128	0.1353	0.8240	0.1650
0.8154	0.1319	0.8260	0.1604
0.8180	0.1285	0.8280	0.1558
0.8186	0.1244	0.8280	0.1508
0.8192	0.1206	0.8280	0.1462
0.8217	0.1171	0.8300	0.1416
0.8223	0.1131	0.8300	0.1367
0.8248	0.1095	0.8320	0.1320
0.8253	0.1057	0.8320	0.1274
0.8277	0.1019	0.8340	0.1225
0.8302	0.0983	0.8360	0.1178
0.8306	0.0945	0.8360	0.1132
0.8259	0.0821	0.8300	0.0990
0.8144	0.0762	0.8180	0.0933
0.8029	0.0712	0.8060	0.0884
0.7932	0.0666	0.7960	0.0838
0.7816	0.0611	0.7840	0.0780
0.7719	0.0568	0.7740	0.0734
0.7603	0.0515	0.7620	0.0677
0.7505	0.0474	0.7520	0.0631
0.7408	0.0425	0.7420	0.0573
0.7310	0.0384	0.7320	0.0524
0.7212	0.0337	0.7220	0.0467
0.7114	0.0300	0.7120	0.0421
0.7035	0.0261	0.7040	0.0371
0.6957	0.0219	0.6960	0.0314
0.6858	0.0182	0.6860	0.0265
0.6779	0.0141	0.6780	0.0208
0.6699	0.0106	0.6700	0.0158
0.6620	0.0067	0.6620	0.0102
0.6560	0.0036	0.6560	0.0055
0.6480	0.0004	0.6480	0.0006
0.6400	-0.0033	0.6400	-0.0052
0.6320	-0.0064	0.6320	-0.0101
0.6259	-0.0098	0.6260	-0.0157
0.6199	-0.0128	0.6200	-0.0207
0.6138	-0.0162	0.6140	-0.0264
0.6077	-0.0189	0.6080	-0.0311
0.5996	-0.0216	0.6000	-0.0360
0.5935	-0.0248	0.5940	-0.0417
0.5894	-0.0275	0.5900	-0.0466
0.5812	-0.0305	0.5820	-0.0523
0.5751	-0.0330	0.5760	-0.0572
0.5709	-0.0353	0.5720	-0.0618
0.5647	-0.0382	0.5660	-0.0676
0.5585	-0.0406	0.5600	-0.0725
0.5543	-0.0435	0.5560	-0.0782
0.5501	-0.0458	0.5520	-0.0831
0.5438	-0.0485	0.5460	-0.0889
0.5396	-0.0507	0.5420	-0.0938
0.5334	-0.0526	0.5360	-0.0984
0.5291	-0.0553	0.5320	-0.1041
0.5229	-0.0572	0.5260	-0.1090
0.5206	-0.0596	0.5240	-0.1139
0.5143	-0.0618	0.5180	-0.1197
0.5100	-0.0638	0.5140	-0.1243
0.5077	-0.0665	0.5120	-0.1303
0.5034	-0.0684	0.5080	-0.1350
0.4981	-0.0701	0.5030	-0.1399
0.4937	-0.0724	0.4990	-0.1455
0.4904	-0.0744	0.4960	-0.1505
0.4861	-0.0760	0.4920	-0.1551
0.4827	-0.0783	0.4890	-0.1609
0.4784	-0.0800	0.4850	-0.1658
0.4739	-0.0821	0.4810	-0.1715
0.4696	-0.0837	0.4770	-0.1764
0.4653	-0.0852	0.4730	-0.1810
0.4628	-0.0876	0.4710	-0.1870
0.4584	-0.0890	0.4670	-0.1917
0.4551	-0.0906	0.4640	-0.1965
0.4516	-0.0926	0.4610	-0.2023
0.4482	-0.0942	0.4580	-0.2072
0.4447	-0.0962	0.4550	-0.2129
0.4404	-0.0973	0.4510	-0.2175
0.4379	-0.0991	0.4490	-0.2225
0.4344	-0.1009	0.4460	-0.2282
0.4310	-0.1024	0.4430	-0.2332
0.4276	-0.1036	0.4400	-0.2378
0.4251	-0.1057	0.4380	-0.2437
0.4216	-0.1070	0.4350	-0.2484
0.4182	-0.1083	0.4320	-0.2533
0.4157	-0.1102	0.4300	-0.2591
0.4122	-0.1114	0.4270	-0.2639
0.4088	-0.1125	0.4240	-0.2685
0.4062	-0.1143	0.4220	-0.2743
0.4028	-0.1155	0.4190	-0.2792
0.4003	-0.1169	0.4170	-0.2841
0.3977	-0.1186	0.4150	-0.2898
0.3943	-0.1196	0.4120	-0.2945
0.3918	-0.1209	0.4100	-0.2994
0.3892	-0.1225	0.4080	-0.3051
0.3866	-0.1239	0.4060	-0.3101
0.3831	-0.1251	0.4030	-0.3157
0.3806	-0.1264	0.4010	-0.3207
0.3781	-0.1275	0.3990	-0.3253
0.3756	-0.1287	0.3970	-0.3302
0.3729	-0.1302	0.3950	-0.3359
0.3704	-0.1314	0.3930	-0.3408
0.3679	-0.1324	0.3910	-0.3454
0.3653	-0.1338	0.3890	-0.3512
0.3627	-0.1349	0.3870	-0.3561
0.3602	-0.1360	0.3850	-0.3611
0.3575	-0.1373	0.3830	-0.3667
0.3550	-0.1383	0.3810	-0.3714
0.3534	-0.1396	0.3800	-0.3763
0.3507	-0.1409	0.3780	-0.3821
0.3482	-0.1419	0.3760	-0.3869
0.3457	-0.1427	0.3740	-0.3915
0.3441	-0.1440	0.3730	-0.3964
0.3414	-0.1452	0.3710	-0.4022
0.3388	-0.1461	0.3690	-0.4071
0.3372	-0.1473	0.3680	-0.4118
0.3345	-0.1485	0.3660	-0.4177
0.3320	-0.1492	0.3640	-0.4224
0.3304	-0.1504	0.3630	-0.4273
0.3277	-0.1515	0.3610	-0.4330
0.3260	-0.1527	0.3600	-0.4380
0.3235	-0.1533	0.3580	-0.4426
0.3208	-0.1543	0.3560	-0.4483
0.3192	-0.1553	0.3550	-0.4529
0.3175	-0.1565	0.3540	-0.4578
0.3159	-0.1575	0.3530	-0.4625
0.3132	-0.1584	0.3510	-0.4682
0.3116	-0.1594	0.3500	-0.4728
0.3100	-0.1604	0.3490	-0.4775
0.3074	-0.1610	0.3470	-0.4823
0.3047	-0.1618	0.3450	-0.4881
0.3022	-0.1622	0.3430	-0.4927
0.3006	-0.1632	0.3420	-0.4974
0.2987	-0.1644	0.3410	-0.5031
0.2971	-0.1653	0.3400	-0.5077
0.2954	-0.1663	0.3390	-0.5126
0.2938	-0.1671	0.3380	-0.5172
0.2921	-0.1680	0.3370	-0.5219
0.2894	-0.1687	0.3350	-0.5277
0.2878	-0.1695	0.3340	-0.5323
0.2861	-0.1704	0.3330	-0.5372
0.2843	-0.1715	0.3320	-0.5429
0.2826	-0.1723	0.3310	-0.5475
0.2809	-0.1731	0.3300	-0.5522
0.2793	-0.1739	0.3290	-0.5568
0.2776	-0.1747	0.3280	-0.5617
0.2757	-0.1758	0.3270	-0.5675
0.2741	-0.1765	0.3260	-0.5721
0.2724	-0.1772	0.3250	-0.5768
0.2708	-0.1779	0.3240	-0.5814
0.2681	-0.1784	0.3220	-0.5871
0.2664	-0.1791	0.3210	-0.5920
0.2647	-0.1798	0.3200	-0.5966
0.2629	-0.1807	0.3190	-0.6024
0.2612	-0.1814	0.3180	-0.6070
0.2603	-0.1826	0.3180	-0.6117
0.2586	-0.1833	0.3170	-0.6166
0.2570	-0.1839	0.3160	-0.6212
0.2551	-0.1848	0.3150	-0.6269
0.2534	-0.1854	0.3140	-0.6315
0.2518	-0.1860	0.3130	-0.6362
0.2500	-0.1866	0.3120	-0.6411
0.2482	-0.1874	0.3110	-0.6469
0.2465	-0.1880	0.3100	-0.6515
0.2456	-0.1891	0.3100	-0.6561
0.2439	-0.1897	0.3090	-0.6610
0.2422	-0.1902	0.3080	-0.6657
0.2404	-0.1910	0.3070	-0.6714
0.2387	-0.1915	0.3060	-0.6760
0.2378	-0.1926	0.3060	-0.6806
0.2361	-0.1931	0.3050	-0.6855
0.2344	-0.1936	0.3040	-0.6902
0.2335	-0.1946	0.3040	-0.6948
0.2316	-0.1953	0.3030	-0.7005
0.2300	-0.1957	0.3020	-0.7052
0.2283	-0.1962	0.3010	-0.7100
0.2266	-0.1966	0.3000	-0.7147
0.2247	-0.1973	0.2990	-0.7205
0.2238	-0.1983	0.2990	-0.7251
0.2221	-0.1987	0.2980	-0.7297
0.2211	-0.1997	0.2980	-0.7346
0.2195	-0.2001	0.2970	-0.7393
0.2185	-0.2011	0.2970	-0.7439
0.2167	-0.2017	0.2960	-0.7496
0.2157	-0.2027	0.2960	-0.7542
0.2140	-0.2030	0.2950	-0.7591
0.2123	-0.2034	0.2940	-0.7638
0.2107	-0.2036	0.2930	-0.7684
0.2097	-0.2047	0.2930	-0.7733
0.2078	-0.2051	0.2920	-0.7788
0.2068	-0.2061	0.2920	-0.7837
0.2052	-0.2064	0.2910	-0.7884
0.2042	-0.2073	0.2910	-0.7930
0.2025	-0.2076	0.2900	-0.7979
0.2015	-0.2085	0.2900	-0.8026
0.1996	-0.2090	0.2890	-0.8082
0.1980	-0.2092	0.2880	-0.8129
0.1970	-0.2101	0.2880	-0.8175
0.1960	-0.2110	0.2880	-0.8224
0.1943	-0.2112	0.2870	-0.8271
0.1933	-0.2121	0.2870	-0.8317
0.1923	-0.2131	0.2870	-0.8366
0.1906	-0.2132	0.2860	-0.8413
0.1896	-0.2141	0.2860	-0.8459
0.1877	-0.2144	0.2850	-0.8516
0.1868	-0.2153	0.2850	-0.8562
0.1850	-0.2154	0.2840	-0.8611
0.1840	-0.2163	0.2840	-0.8658
0.1824	-0.2164	0.2830	-0.8704
0.1805	-0.2167	0.2820	-0.8762
0.1795	-0.2175	0.2820	-0.8808
0.1784	-0.2184	0.2820	-0.8857
0.1774	-0.2192	0.2820	-0.8904
0.1758	-0.2192	0.2810	-0.8950
0.1748	-0.2200	0.2810	-0.8996
0.1737	-0.2209	0.2810	-0.9046
0.1726	-0.2217	0.2810	-0.9092
0.1716	-0.2225	0.2810	-0.9138
0.1699	-0.2225	0.2800	-0.9187
0.1689	-0.2233	0.2800	-0.9234
0.1679	-0.2241	0.2800	-0.9280
0.1668	-0.2249	0.2800	-0.9327
0.1658	-0.2257	0.2800	-0.9373
0.1639	-0.2258	0.2790	-0.9430
0.1622	-0.2257	0.2780	-0.9476
0.1612	-0.2265	0.2780	-0.9522
0.1601	-0.2272	0.2780	-0.9569
0.1591	-0.2280	0.2780	-0.9615
0.1580	-0.2287	0.2780	-0.9661
0.1564	-0.2286	0.2770	-0.9708
0.1545	-0.2287	0.2760	-0.9765
0.1535	-0.2294	0.2760	-0.9812
0.1524	-0.2301	0.2760	-0.9858
0.1513	-0.2308	0.2760	-0.9905
0.1502	-0.2316	0.2760	-0.9954
0.1486	-0.2314	0.2750	-1.0000
0.1475	-0.2321	0.2750	-1.0046
0.1464	-0.2328	0.2750	-1.0093
0.1454	-0.2334	0.2750	-1.0139
0.1443	-0.2341	0.2750	-1.0186
0.1432	-0.2348	0.2750	-1.0232
0.1421	-0.2354	0.2750	-1.0278
0.1410	-0.2361	0.2750	-1.0325
0.1398	-0.2368	0.2750	-1.0374
0.1387	-0.2374	0.2750	-1.0420
0.1377	-0.2381	0.2750	-1.0466
0.1365	-0.2387	0.2750	-1.0513
0.1354	-0.2393	0.2750	-1.0559
0.1343	-0.2400	0.2750	-1.0606
0.1327	-0.2397	0.2740	-1.0652
0.1316	-0.2403	0.2740	-1.0698
0.1304	-0.2410	0.2740	-1.0746
0.1293	-0.2416	0.2740	-1.0793
0.1282	-0.2422	0.2740	-1.0839
0.1270	-0.2428	0.2740	-1.0886
0.1259	-0.2433	0.2740	-1.0932
0.1248	-0.2439	0.2740	-1.0979
0.1230	-0.2437	0.2730	-1.1036
0.1225	-0.2451	0.2740	-1.1072
0.1214	-0.2456	0.2740	-1.1118
0.1202	-0.2462	0.2740	-1.1167
0.1184	-0.2460	0.2730	-1.1221
0.1173	-0.2465	0.2730	-1.1268
0.1161	-0.2471	0.2730	-1.1314
0.1149	-0.2476	0.2730	-1.1363
0.1138	-0.2482	0.2730	-1.1410
0.1126	-0.2487	0.2730	-1.1456
0.1115	-0.2492	0.2730	-1.1502
0.1103	-0.2497	0.2730	-1.1549
0.1091	-0.2502	0.2730	-1.1595
0.1080	-0.2507	0.2730	-1.1641
0.1068	-0.2512	0.2730	-1.1688
0.1057	-0.2517	0.2730	-1.1734
0.1044	-0.2522	0.2730	-1.1783
0.1032	-0.2527	0.2730	-1.1830
0.1027	-0.2540	0.2740	-1.1865
0.1015	-0.2545	0.2740	-1.1911
0.1004	-0.2550	0.2740	-1.1957
0.0991	-0.2555	0.2740	-1.2007
0.0983	-0.2568	0.2750	-1.2053
0.0967	-0.2564	0.2740	-1.2099
0.0955	-0.2568	0.2740	-1.2146
0.0944	-0.2572	0.2740	-1.2192
0.0932	-0.2577	0.2740	-1.2238
0.0923	-0.2590	0.2750	-1.2285
0.0911	-0.2595	0.2750	-1.2331
0.0898	-0.2599	0.2750	-1.2380
0.0886	-0.2603	0.2750	-1.2427
0.0874	-0.2607	0.2750	-1.2473
0.0862	-0.2611	0.2750	-1.2519
0.0853	-0.2625	0.2760	-1.2566
0.0841	-0.2629	0.2760	-1.2612
0.0829	-0.2633	0.2760	-1.2658
0.0816	-0.2637	0.2760	-1.2705
0.0804	-0.2640	0.2760	-1.2751
0.0791	-0.2644	0.2760	-1.2800
0.0779	-0.2648	0.2760	-1.2847
0.0767	-0.2651	0.2760	-1.2893
0.0754	-0.2655	0.2760	-1.2939
0.0742	-0.2658	0.2760	-1.2986
0.0735	-0.2671	0.2770	-1.3022
0.0722	-0.2674	0.2770	-1.3070
0.0710	-0.2678	0.2770	-1.3116
0.0697	-0.2681	0.2770	-1.3163
0.0685	-0.2684	0.2770	-1.3209
0.0673	-0.2687	0.2770	-1.3256
0.0660	-0.2690	0.2770	-1.3302
0.0650	-0.2703	0.2780	-1.3349
0.0637	-0.2706	0.2780	-1.3395
0.0624	-0.2709	0.2780	-1.3444
0.0614	-0.2722	0.2790	-1.3490
0.0601	-0.2724	0.2790	-1.3536
0.0586	-0.2717	0.2780	-1.3583
0.0574	-0.2720	0.2780	-1.3629
0.0563	-0.2733	0.2790	-1.3675
0.0555	-0.2745	0.2800	-1.3714
0.0541	-0.2747	0.2800	-1.3763
0.0528	-0.2750	0.2800	-1.3810
0.0516	-0.2752	0.2800	-1.3856
0.0504	-0.2764	0.2810	-1.3905
0.0491	-0.2767	0.2810	-1.3952
0.0480	-0.2779	0.2820	-1.3998
0.0466	-0.2781	0.2820	-1.4046
0.0457	-0.2793	0.2830	-1.4085
0.0444	-0.2795	0.2830	-1.4131
0.0431	-0.2797	0.2830	-1.4178
0.0419	-0.2809	0.2840	-1.4227
0.0408	-0.2821	0.2850	-1.4273
0.0394	-0.2823	0.2850	-1.4323
0.0381	-0.2824	0.2850	-1.4369
0.0371	-0.2836	0.2860	-1.4407
0.0358	-0.2838	0.2860	-1.4453
0.0344	-0.2839	0.2860	-1.4502
0.0332	-0.2851	0.2870	-1.4549
0.0319	-0.2852	0.2870	-1.4595
0.0306	-0.2864	0.2880	-1.4644
0.0292	-0.2865	0.2880	-1.4691
0.0280	-0.2876	0.2890	-1.4737
0.0266	-0.2878	0.2890	-1.4786
0.0253	-0.2879	0.2890	-1.4832
0.0243	-0.2890	0.2900	-1.4870
0.0230	-0.2901	0.2910	-1.4917
0.0216	-0.2902	0.2910	-1.4966
0.0202	-0.2903	0.2910	-1.5012
0.0189	-0.2914	0.2920	-1.5061
0.0175	-0.2915	0.2920	-1.5108
0.0165	-0.2925	0.2930	-1.5146
0.0152	-0.2936	0.2940	-1.5192
0.0137	-0.2937	0.2940	-1.5241
0.0124	-0.2937	0.2940	-1.5287
0.0110	-0.2948	0.2950	-1.5334
0.0096	-0.2958	0.2960	-1.5383
0.0083	-0.2959	0.2960	-1.5429
0.0071	-0.2969	0.2970	-1.5467
0.0058	-0.2969	0.2970	-1.5514
0.0043	-0.2980	0.2980	-1.5563
0.0029	-0.2980	0.2980	-1.5609
0.0016	-0.2990	0.2990	-1.5655
0.0004	-0.3000	0.3000	-1.5694
-0.0010	-0.3000	0.3000	-1.5742
-0.0025	-0.3010	0.3010	-1.5789
-0.0039	-0.3020	0.3020	-1.5835
-0.0053	-0.3030	0.3030	-1.5884
-0.0065	-0.3039	0.3040	-1.5923
-0.0080	-0.3039	0.3040	-1.5970
-0.0096	-0.3028	0.3030	-1.6026
-0.0111	-0.3028	0.3030	-1.6073
-0.0125	-0.3027	0.3030	-1.6122
-0.0137	-0.3047	0.3050	-1.6158
-0.0152	-0.3056	0.3060	-1.6207
-0.0167	-0.3065	0.3070	-1.6253
-0.0180	-0.3085	0.3090	-1.6291
-0.0195	-0.3084	0.3090	-1.6338
-0.0210	-0.3093	0.3100	-1.6387
-0.0225	-0.3102	0.3110	-1.6433
-0.0240	-0.3101	0.3110	-1.6482
-0.0252	-0.3110	0.3120	-1.6517
-0.0269	-0.3118	0.3130	-1.6567
-0.0284	-0.3127	0.3140	-1.6613
-0.0299	-0.3136	0.3150	-1.6659
-0.0312	-0.3145	0.3160	-1.6697
-0.0328	-0.3143	0.3160	-1.6746
-0.0342	-0.3141	0.3160	-1.6793
-0.0358	-0.3150	0.3170	-1.6839
-0.0374	-0.3158	0.3180	-1.6888
-0.0390	-0.3166	0.3190	-1.6935
-0.0404	-0.3174	0.3200	-1.6973
-0.0420	-0.3182	0.3210	-1.7020
-0.0437	-0.3190	0.3220	-1.7068
-0.0453	-0.3198	0.3230	-1.7114
-0.0466	-0.3206	0.3240	-1.7153
-0.0483	-0.3214	0.3250	-1.7199
-0.0500	-0.3221	0.3260	-1.7249
-0.0515	-0.3219	0.3260	-1.7295
-0.0532	-0.3227	0.3270	-1.7341
-0.0546	-0.3234	0.3280	-1.7379
-0.0563	-0.3241	0.3290	-1.7428
-0.0580	-0.3249	0.3300	-1.7475
-0.0597	-0.3256	0.3310	-1.7521
-0.0615	-0.3263	0.3320	-1.7570
-0.0629	-0.3270	0.3330	-1.7608
-0.0646	-0.3277	0.3340	-1.7654
-0.0665	-0.3293	0.3360	-1.7701
-0.0680	-0.3301	0.3370	-1.7740
-0.0698	-0.3307	0.3380	-1.7788
-0.0715	-0.3314	0.3390	-1.7834
-0.0733	-0.3320	0.3400	-1.7881
-0.0752	-0.3326	0.3410	-1.7930
-0.0767	-0.3333	0.3420	-1.7969
-0.0784	-0.3339	0.3430	-1.8015
-0.0802	-0.3345	0.3440	-1.8061
-0.0822	-0.3361	0.3460	-1.8108
-0.0837	-0.3367	0.3470	-1.8145
-0.0856	-0.3373	0.3480	-1.8192
-0.0874	-0.3379	0.3490	-1.8238
-0.0895	-0.3394	0.3510	-1.8285
-0.0909	-0.3401	0.3520	-1.8320
-0.0927	-0.3406	0.3530	-1.8367
-0.0948	-0.3421	0.3550	-1.8413
-0.0968	-0.3426	0.3560	-1.8461
-0.0983	-0.3432	0.3570	-1.8497
-0.0999	-0.3427	0.3570	-1.8544
-0.1018	-0.3432	0.3580	-1.8590
-0.1039	-0.3447	0.3600	-1.8636
-0.1058	-0.3462	0.3620	-1.8674
-0.1077	-0.3466	0.3630	-1.8721
-0.1096	-0.3471	0.3640	-1.8767
-0.1118	-0.3485	0.3660	-1.8813
-0.1137	-0.3500	0.3680	-1.8849
-0.1156	-0.3504	0.3690	-1.8896
-0.1180	-0.3517	0.3710	-1.8945
-0.1199	-0.3532	0.3730	-1.8980
-0.1218	-0.3536	0.3740	-1.9026
-0.1238	-0.3540	0.3750	-1.9073
-0.1258	-0.3543	0.3760	-1.9119
-0.1278	-0.3547	0.3770	-1.9165
-0.1298	-0.3550	0.3780	-1.9212
-0.1318	-0.3564	0.3800	-1.9250
-0.1342	-0.3577	0.3820	-1.9297
-0.1368	-0.3609	0.3860	-1.9332
-0.1392	-0.3622	0.3880	-1.9378
-0.1414	-0.3624	0.3890	-1.9427
-0.1434	-0.3627	0.3900	-1.9474
-0.1455	-0.3640	0.3920	-1.9509
-0.1479	-0.3652	0.3940	-1.9555
-0.1503	-0.3664	0.3960	-1.9601
-0.1521	-0.3667	0.3970	-1.9640
-0.1546	-0.3678	0.3990	-1.9687
-0.1571	-0.3690	0.4010	-1.9733
-0.1596	-0.3701	0.4030	-1.9779
-0.1617	-0.3713	0.4050	-1.9814
-0.1643	-0.3724	0.4070	-1.9863
-0.1669	-0.3734	0.4090	-1.9910
-0.1690	-0.3746	0.4110	-1.9946
-0.1720	-0.3766	0.4140	-1.9992
-0.1745	-0.3776	0.4160	-2.0038
-0.1764	-0.3778	0.4170	-2.0076
-0.1790	-0.3788	0.4190	-2.0123
-0.1821	-0.3807	0.4220	-2.0169
-0.1843	-0.3819	0.4240	-2.0204
-0.1869	-0.3828	0.4260	-2.0250
-0.1900	-0.3846	0.4290	-2.0297
-0.1928	-0.3855	0.4310	-2.0346
-0.1955	-0.3875	0.4340	-2.0382
-0.1982	-0.3883	0.4360	-2.0428
-0.2014	-0.3901	0.4390	-2.0475
-0.2038	-0.3911	0.4410	-2.0512
-0.2070	-0.3928	0.4440	-2.0559
-0.2098	-0.3936	0.4460	-2.0605
-0.2126	-0.3955	0.4490	-2.0641
-0.2159	-0.3971	0.4520	-2.0687
-0.2187	-0.3979	0.4540	-2.0734
-0.2217	-0.3996	0.4570	-2.0772
-0.2250	-0.4012	0.4600	-2.0818
-0.2283	-0.4028	0.4630	-2.0864
-0.2318	-0.4054	0.4670	-2.0902
-0.2347	-0.4060	0.4690	-2.0949
-0.2381	-0.4075	0.4720	-2.0995
-0.2406	-0.4084	0.4740	-2.1031
-0.2445	-0.4107	0.4780	-2.1077
-0.2485	-0.4130	0.4820	-2.1124
-0.2505	-0.4129	0.4830	-2.1161
-0.2540	-0.4143	0.4860	-2.1208
-0.2586	-0.4174	0.4910	-2.1254
-0.2616	-0.4190	0.4940	-2.1290
-0.2658	-0.4211	0.4980	-2.1339
-0.2694	-0.4224	0.5010	-2.1386
-0.2731	-0.4248	0.5050	-2.1421
-0.2767	-0.4261	0.5080	-2.1467
-0.2808	-0.4281	0.5120	-2.1513
-0.2847	-0.4304	0.5160	-2.1551
-0.2889	-0.4324	0.5200	-2.1598
-0.2920	-0.4327	0.5220	-2.1644
-0.2958	-0.4350	0.5260	-2.1680
-0.3000	-0.4369	0.5300	-2.1726
-0.3051	-0.4407	0.5360	-2.1764
-0.3095	-0.4425	0.5400	-2.1810
-0.3138	-0.4443	0.5440	-2.1857
-0.3179	-0.4464	0.5480	-2.1896
-0.3222	-0.4482	0.5520	-2.1942
-0.3278	-0.4515	0.5580	-2.1988
-0.3306	-0.4520	0.5600	-2.2023
-0.3351	-0.4537	0.5640	-2.2070
-0.3408	-0.4569	0.5700	-2.2116
-0.3449	-0.4588	0.5740	-2.2155
-0.3507	-0.4620	0.5800	-2.2201
-0.3561	-0.4654	0.5860	-2.2239
-0.3607	-0.4669	0.5900	-2.2285
-0.3653	-0.4684	0.5940	-2.2332
-0.3708	-0.4717	0.6000	-2.2369
-0.3767	-0.4747	0.6060	-2.2416
-0.3814	-0.4761	0.6100	-2.2462
-0.3870	-0.4793	0.6160	-2.2501
-0.3930	-0.4821	0.6220	-2.2547
-0.3991	-0.4849	0.6280	-2.2594
-0.4047	-0.4880	0.6340	-2.2632
-0.4108	-0.4907	0.6400	-2.2678
-0.4157	-0.4919	0.6440	-2.2724
-0.4227	-0.4964	0.6520	-2.2762
-0.4289	-0.4990	0.6580	-2.2808
-0.4352	-0.5015	0.6640	-2.2855
-0.4424	-0.5058	0.6720	-2.2894
-0.4487	-0.5083	0.6780	-2.2940
-0.4546	-0.5111	0.6840	-2.2978
-0.4623	-0.5149	0.6920	-2.3024
-0.4687	-0.5172	0.6980	-2.3071
-0.4761	-0.5213	0.7060	-2.3108
-0.4826	-0.5235	0.7120	-2.3155
-0.4904	-0.5271	0.7200	-2.3201
-0.4979	-0.5311	0.7280	-2.3240
-0.5059	-0.5346	0.7360	-2.3286
-0.5139	-0.5380	0.7440	-2.3333
-0.5215	-0.5418	0.7520	-2.3370
-0.5296	-0.5451	0.7600	-2.3417
-0.5386	-0.5502	0.7700	-2.3456
-0.5468	-0.5534	0.7780	-2.3502
-0.5564	-0.5580	0.7880	-2.3548
-0.5642	-0.5615	0.7960	-2.3586
-0.5753	-0.5673	0.8080	-2.3632
-0.5837	-0.5702	0.8160	-2.3679
-0.5931	-0.5749	0.8260	-2.3717
-0.6029	-0.5791	0.8360	-2.3763
-0.6138	-0.5851	0.8480	-2.3802
-0.6238	-0.5891	0.8580	-2.3848
-0.6353	-0.5944	0.8700	-2.3895
-0.6449	-0.5988	0.8800	-2.3932
-0.6550	-0.6025	0.8900	-2.3979
-0.6667	-0.6076	0.9020	-2.4025
-0.6794	-0.6144	0.9160	-2.4063
-0.6911	-0.6193	0.9280	-2.4109
-0.7045	-0.6253	0.9420	-2.4156
-0.7158	-0.6306	0.9540	-2.4194
-0.7293	-0.6365	0.9680	-2.4241
-0.7430	-0.6421	0.9820	-2.4290
-0.7574	-0.6498	0.9980	-2.4325
