x	y	r	phi
-0.5460	0.0012	0.5460	3.1395
-0.5460	0.0034	0.5460	3.1354
-0.5460	0.0057	0.5460	3.1312
-0.5459	0.0077	0.5460	3.1275
-0.5459	0.0099	0.5460	3.1234
-0.5439	0.0122	0.5440	3.1193
-0.5438	0.0143	0.5440	3.1152
-0.5458	0.0165	0.5460	3.1114
-0.5457	0.0187	0.5460	3.1073
-0.5456	0.0210	0.5460	3.1031
-0.5435	0.0229	0.5440	3.0994
-0.5434	0.0250	0.5440	3.0956
-0.5433	0.0273	0.5440	3.0915
-0.5432	0.0293	0.5440	3.0876
-0.5431	0.0315	0.5440	3.0836
-0.5450	0.0337	0.5460	3.0798
-0.5428	0.0357	0.5440	3.0759
-0.5427	0.0379	0.5440	3.0718
-0.5405	0.0399	0.5420	3.0680
-0.5424	0.0420	0.5440	3.0642
-0.5442	0.0444	0.5460	3.0601
-0.5420	0.0464	0.5440	3.0563
-0.5418	0.0485	0.5440	3.0522
-0.5416	0.0506	0.5440	3.0484
-0.5434	0.0529	0.5460	3.0446
-0.5412	0.0549	0.5440	3.0404
-0.5410	0.0570	0.5440	3.0366
-0.5408	0.0590	0.5440	3.0329
-0.5405	0.0613	0.5440	3.0287
-0.5403	0.0633	0.5440	3.0249
-0.5400	0.0656	0.5440	3.0208
-0.5398	0.0676	0.5440	3.0171
-0.5415	0.0699	0.5460	3.0132
-0.5412	0.0721	0.5460	3.0091
-0.5409	0.0742	0.5460	3.0053
-0.5406	0.0763	0.5460	3.0014
-0.5403	0.0785	0.5460	2.9974
-0.5400	0.0805	0.5460	2.9936
-0.5397	0.0828	0.5460	2.9894
-0.5394	0.0848	0.5460	2.9856
-0.5390	0.0868	0.5460	2.9819
-0.5387	0.0891	0.5460	2.9777
-0.5404	0.0908	0.5480	2.9751
-0.5400	0.0931	0.5480	2.9709
-0.5376	0.0954	0.5460	2.9660
-0.5393	0.0974	0.5480	2.9630
-0.5389	0.0994	0.5480	2.9592
-0.5385	0.1014	0.5480	2.9554
-0.5381	0.1037	0.5480	2.9513
-0.5377	0.1057	0.5480	2.9474
-0.5373	0.1078	0.5480	2.9436
-0.5369	0.1099	0.5480	2.9396
-0.5384	0.1124	0.5500	2.9358
-0.5379	0.1146	0.5500	2.9316
-0.5375	0.1167	0.5500	2.9278
-0.5370	0.1187	0.5500	2.9241
-0.5365	0.1209	0.5500	2.9199
-0.5380	0.1234	0.5520	2.9161
-0.5356	0.1250	0.5500	2.9123
-0.5351	0.1272	0.5500	2.9082
-0.5365	0.1297	0.5520	2.9044
-0.5360	0.1319	0.5520	2.9003
-0.5355	0.1340	0.5520	2.8964
-0.5350	0.1360	0.5520	2.8927
-0.5344	0.1382	0.5520	2.8886
-0.5358	0.1407	0.5540	2.8847
-0.5353	0.1428	0.5540	2.8809
-0.5347	0.1449	0.5540	2.8769
-0.5341	0.1470	0.5540	2.8731
-0.5355	0.1497	0.5560	2.8689
-0.5349	0.1518	0.5560	2.8651
-0.5343	0.1538	0.5560	2.8613
-0.5337	0.1560	0.5560	2.8572
-0.5331	0.1580	0.5560	2.8534
-0.5325	0.1601	0.5560	2.8496
-0.5337	0.1628	0.5580	2.8454
-0.5351	0.1650	0.5600	2.8425
-0.5345	0.1671	0.5600	2.8386
-0.5339	0.1691	0.5600	2.8348
-0.5332	0.1713	0.5600	2.8308
-0.5325	0.1733	0.5600	2.8269
-0.5337	0.1761	0.5620	2.8228
-0.5330	0.1781	0.5620	2.8191
-0.5323	0.1802	0.5620	2.8152
-0.5316	0.1824	0.5620	2.8111
-0.5328	0.1851	0.5640	2.8073
-0.5321	0.1871	0.5640	2.8034
-0.5313	0.1892	0.5640	2.7994
-0.5306	0.1913	0.5640	2.7956
-0.5317	0.1941	0.5660	2.7915
-0.5309	0.1962	0.5660	2.7876
-0.5320	0.1989	0.5680	2.7839
-0.5312	0.2011	0.5680	2.7798
-0.5304	0.2031	0.5680	2.7759
-0.5297	0.2051	0.5680	2.7721
-0.5307	0.2080	0.5700	2.7681
-0.5299	0.2100	0.5700	2.7642
-0.5311	0.2124	0.5720	2.7612
-0.5303	0.2144	0.5720	2.7574
-0.5294	0.2166	0.5720	2.7533
-0.5304	0.2194	0.5740	2.7495
-0.5296	0.2214	0.5740	2.7456
-0.5287	0.2235	0.5740	2.7416
-0.5297	0.2263	0.5760	2.7378
-0.5287	0.2285	0.5760	2.7336
-0.5279	0.2305	0.5760	2.7298
-0.5270	0.2325	0.5760	2.7261
-0.5279	0.2353	0.5780	2.7222
-0.5288	0.2383	0.5800	2.7181
-0.5278	0.2404	0.5800	2.7143
-0.5269	0.2424	0.5800	2.7104
-0.5260	0.2444	0.5800	2.7067
-0.5268	0.2474	0.5820	2.7026
-0.5277	0.2502	0.5840	2.6988
-0.5267	0.2523	0.5840	2.6949
-0.5278	0.2547	0.5860	2.6919
-0.5268	0.2567	0.5860	2.6881
-0.5258	0.2587	0.5860	2.6843
-0.5266	0.2616	0.5880	2.6805
-0.5255	0.2638	0.5880	2.6764
-0.5263	0.2667	0.5900	2.6726
-0.5253	0.2687	0.5900	2.6687
-0.5242	0.2707	0.5900	2.6649
-0.5249	0.2737	0.5920	2.6609
-0.5256	0.2767	0.5940	2.6570
-0.5246	0.2787	0.5940	2.6532
-0.5235	0.2807	0.5940	2.6494
-0.5241	0.2838	0.5960	2.6453
-0.5248	0.2867	0.5980	2.6415
-0.5237	0.2887	0.5980	2.6377
-0.5226	0.2908	0.5980	2.6338
-0.5234	0.2933	0.6000	2.6309
-0.5223	0.2953	0.6000	2.6270
-0.5229	0.2983	0.6020	2.6232
-0.5217	0.3004	0.6020	2.6192
-0.5223	0.3034	0.6040	2.6153
-0.5211	0.3054	0.6040	2.6115
-0.5217	0.3084	0.6060	2.6077
-0.5221	0.3116	0.6080	2.6035
-0.5209	0.3135	0.6080	2.5998
-0.5214	0.3166	0.6100	2.5960
-0.5202	0.3186	0.6100	2.5921
-0.5206	0.3217	0.6120	2.5880
-0.5194	0.3237	0.6120	2.5842
-0.5198	0.3267	0.6140	2.5804
-0.5205	0.3294	0.6160	2.5774
-0.5193	0.3314	0.6160	2.5736
-0.5197	0.3344	0.6180	2.5698
-0.5201	0.3375	0.6200	2.5660
-0.5187	0.3396	0.6200	2.5618
-0.5191	0.3427	0.6220	2.5580
-0.5178	0.3447	0.6220	2.5543
-0.5181	0.3478	0.6240	2.5504
-0.5183	0.3510	0.6260	2.5463
-0.5186	0.3541	0.6280	2.5425
-0.5189	0.3573	0.6300	2.5386
-0.5176	0.3592	0.6300	2.5349
-0.5161	0.3613	0.6300	2.5308
-0.5183	0.3651	0.6340	2.5280
-0.5185	0.3683	0.6360	2.5240
-0.5171	0.3703	0.6360	2.5201
-0.5173	0.3734	0.6380	2.5163
-0.5159	0.3754	0.6380	2.5125
-0.5161	0.3785	0.6400	2.5087
-0.5161	0.3818	0.6420	2.5046
-0.5162	0.3850	0.6440	2.5008
-0.5164	0.3882	0.6460	2.4969
-0.5149	0.3902	0.6460	2.4931
-0.5153	0.3929	0.6480	2.4901
-0.5154	0.3961	0.6500	2.4863
-0.5153	0.3994	0.6520	2.4823
-0.5154	0.4026	0.6540	2.4784
-0.5138	0.4046	0.6540	2.4746
-0.5154	0.4090	0.6580	2.4708
-0.5153	0.4124	0.6600	2.4666
-0.5137	0.4143	0.6600	2.4629
-0.5137	0.4176	0.6620	2.4591
-0.5136	0.4208	0.6640	2.4552
-0.5139	0.4236	0.6660	2.4523
-0.5138	0.4268	0.6680	2.4484
-0.5137	0.4301	0.6700	2.4446
-0.5135	0.4335	0.6720	2.4405
-0.5134	0.4367	0.6740	2.4367
-0.5117	0.4387	0.6740	2.4329
-0.5115	0.4419	0.6760	2.4291
-0.5127	0.4467	0.6800	2.4249
-0.5125	0.4500	0.6820	2.4211
-0.5128	0.4527	0.6840	2.4184
-0.5124	0.4561	0.6860	2.4143
-0.5122	0.4593	0.6880	2.4106
-0.5119	0.4626	0.6900	2.4067
-0.5116	0.4659	0.6920	2.4029
-0.5112	0.4694	0.6940	2.3988
-0.5108	0.4727	0.6960	2.3949
-0.5105	0.4760	0.6980	2.3912
-0.5102	0.4793	0.7000	2.3874
-0.5096	0.4828	0.7020	2.3832
-0.5098	0.4855	0.7040	2.3805
-0.5092	0.4890	0.7060	2.3764
-0.5102	0.4937	0.7100	2.3726
-0.5097	0.4971	0.7120	2.3688
-0.5093	0.5004	0.7140	2.3650
-0.5087	0.5039	0.7160	2.3609
-0.5080	0.5074	0.7180	2.3568
-0.5089	0.5122	0.7220	2.3529
-0.5087	0.5151	0.7240	2.3500
-0.5080	0.5186	0.7260	2.3458
-0.5087	0.5236	0.7300	2.3418
-0.5079	0.5271	0.7320	2.3377
-0.5073	0.5305	0.7340	2.3339
-0.5065	0.5340	0.7360	2.3298
-0.5071	0.5390	0.7400	2.3257
-0.5064	0.5424	0.7420	2.3219
-0.5055	0.5459	0.7440	2.3177
-0.5066	0.5504	0.7480	2.3148
-0.5056	0.5539	0.7500	2.3107
-0.5062	0.5588	0.7540	2.3069
-0.5053	0.5623	0.7560	2.3028
-0.5043	0.5659	0.7580	2.2987
-0.5048	0.5708	0.7620	2.2948
-0.5038	0.5744	0.7640	2.2908
-0.5027	0.5780	0.7660	2.2867
-0.5036	0.5825	0.7700	2.2837
-0.4979	0.5900	0.7720	2.2717
-0.4871	0.5964	0.7700	2.2556
-0.4829	0.5972	0.7680	2.2507
-0.4792	0.5976	0.7660	2.2466
-0.4744	0.5963	0.7620	2.2428
-0.4707	0.5967	0.7600	2.2387
-0.4670	0.5970	0.7580	2.2346
-0.4623	0.5957	0.7540	2.2308
-0.4586	0.5960	0.7520	2.2267
-0.4550	0.5962	0.7500	2.2226
-0.4513	0.5965	0.7480	2.2185
-0.4478	0.5966	0.7460	2.2147
-0.4424	0.5957	0.7420	2.2095
-0.4401	0.5974	0.7420	2.2057
-0.4353	0.5960	0.7380	2.2016
-0.4317	0.5961	0.7360	2.1975
-0.4282	0.5962	0.7340	2.1937
-0.4235	0.5946	0.7300	2.1897
-0.4187	0.5931	0.7260	2.1855
-0.4153	0.5930	0.7240	2.1817
-0.4128	0.5948	0.7240	2.1776
-0.4088	0.5951	0.7220	2.1727
-0.4053	0.5951	0.7200	2.1687
-0.4028	0.5968	0.7200	2.1645
-0.3983	0.5950	0.7160	2.1607
-0.3947	0.5950	0.7140	2.1566
-0.3912	0.5949	0.7120	2.1526
-0.3879	0.5947	0.7100	2.1487
-0.3843	0.5946	0.7080	2.1446
-0.3808	0.5945	0.7060	2.1406
-0.3775	0.5942	0.7040	2.1367
-0.3723	0.5928	0.7000	2.1316
-0.3690	0.5925	0.6980	2.1277
-0.3655	0.5923	0.6960	2.1236
-0.3620	0.5921	0.6940	2.1196
-0.3587	0.5918	0.6920	2.1157
-0.3563	0.5932	0.6920	2.1116
-0.3528	0.5930	0.6900	2.1075
-0.3484	0.5910	0.6860	2.1035
-0.3461	0.5923	0.6860	2.0996
-0.3437	0.5937	0.6860	2.0955
-0.3388	0.5919	0.6820	2.0906
-0.3363	0.5933	0.6820	2.0865
-0.3330	0.5929	0.6800	2.0825
-0.3297	0.5924	0.6780	2.0786
-0.3263	0.5920	0.6760	2.0745
-0.3230	0.5916	0.6740	2.0705
-0.3197	0.5911	0.6720	2.0667
-0.3173	0.5924	0.6720	2.0625
-0.3130	0.5901	0.6680	2.0584
-0.3108	0.5913	0.6680	2.0547
-0.3083	0.5926	0.6680	2.0505
-0.3050	0.5921	0.6660	2.0464
-0.3002	0.5900	0.6620	2.0415
-0.2978	0.5912	0.6620	2.0374
-0.2947	0.5905	0.6600	2.0337
-0.2923	0.5918	0.6600	2.0296
-0.2889	0.5912	0.6580	2.0254
-0.2858	0.5905	0.6560	2.0216
-0.2826	0.5898	0.6540	2.0176
-0.2801	0.5910	0.6540	2.0134
-0.2768	0.5903	0.6520	2.0093
-0.2738	0.5895	0.6500	2.0056
-0.2705	0.5888	0.6480	2.0015
-0.2681	0.5899	0.6480	1.9973
-0.2644	0.5894	0.6460	1.9924
-0.2620	0.5905	0.6460	1.9883
-0.2589	0.5896	0.6440	1.9846
-0.2557	0.5889	0.6420	1.9805
-0.2525	0.5881	0.6400	1.9763
-0.2502	0.5891	0.6400	1.9725
-0.2479	0.5901	0.6400	1.9685
-0.2456	0.5910	0.6400	1.9646
-0.2416	0.5883	0.6360	1.9605
-0.2386	0.5874	0.6340	1.9567
-0.2363	0.5883	0.6340	1.9527
-0.2331	0.5874	0.6320	1.9485
-0.2308	0.5883	0.6320	1.9447
-0.2272	0.5876	0.6300	1.9398
-0.2241	0.5867	0.6280	1.9357
-0.2219	0.5875	0.6280	1.9320
-0.2195	0.5884	0.6280	1.9278
-0.2164	0.5874	0.6260	1.9237
-0.2141	0.5882	0.6260	1.9199
-0.2104	0.5853	0.6220	1.9158
-0.2075	0.5843	0.6200	1.9120
-0.2057	0.5870	0.6220	1.9079
-0.2028	0.5859	0.6200	1.9041
-0.1998	0.5848	0.6180	1.9000
-0.1974	0.5856	0.6180	1.8959
-0.1951	0.5864	0.6180	1.8921
-0.1922	0.5853	0.6160	1.8880
-0.1886	0.5843	0.6140	1.8831
-0.1857	0.5832	0.6120	1.8790
-0.1834	0.5839	0.6120	1.8752
-0.1810	0.5846	0.6120	1.8711
-0.1782	0.5834	0.6100	1.8672
-0.1758	0.5841	0.6100	1.8632
-0.1736	0.5848	0.6100	1.8594
-0.1706	0.5836	0.6080	1.8553
-0.1683	0.5842	0.6080	1.8512
-0.1660	0.5849	0.6080	1.8474
-0.1631	0.5836	0.6060	1.8433
-0.1608	0.5843	0.6060	1.8394
-0.1580	0.5830	0.6040	1.8354
-0.1552	0.5816	0.6020	1.8316
-0.1533	0.5842	0.6040	1.8275
-0.1509	0.5848	0.6040	1.8233
-0.1482	0.5835	0.6020	1.8196
-0.1453	0.5821	0.6000	1.8155
-0.1431	0.5827	0.6000	1.8116
-0.1398	0.5814	0.5980	1.8067
-0.1374	0.5820	0.5980	1.8026
-0.1361	0.5844	0.6000	1.7996
-0.1328	0.5831	0.5980	1.7948
-0.1300	0.5817	0.5960	1.7906
-0.1277	0.5822	0.5960	1.7868
-0.1254	0.5827	0.5960	1.7828
-0.1232	0.5831	0.5960	1.7789
-0.1203	0.5817	0.5940	1.7748
-0.1183	0.5841	0.5960	1.7707
-0.1158	0.5826	0.5940	1.7670
-0.1130	0.5811	0.5920	1.7628
-0.1108	0.5815	0.5920	1.7590
-0.1080	0.5800	0.5900	1.7549
-0.1055	0.5785	0.5880	1.7511
-0.1034	0.5809	0.5900	1.7470
-0.1007	0.5793	0.5880	1.7429
-0.0969	0.5739	0.5820	1.7380
-0.0947	0.5743	0.5820	1.7342
-0.0927	0.5766	0.5840	1.7301
-0.0905	0.5770	0.5840	1.7263
-0.0881	0.5773	0.5840	1.7222
-0.0857	0.5777	0.5840	1.7181
-0.0835	0.5780	0.5840	1.7143
-0.0809	0.5764	0.5820	1.7102
-0.0787	0.5767	0.5820	1.7064
-0.0763	0.5770	0.5820	1.7023
-0.0741	0.5773	0.5820	1.6985
-0.0717	0.5776	0.5820	1.6944
-0.0694	0.5779	0.5820	1.6903
-0.0670	0.5761	0.5800	1.6865
-0.0646	0.5764	0.5800	1.6824
-0.0624	0.5766	0.5800	1.6786
-0.0600	0.5769	0.5800	1.6744
-0.0576	0.5751	0.5780	1.6707
-0.0553	0.5754	0.5780	1.6666
-0.0529	0.5756	0.5780	1.6625
-0.0507	0.5758	0.5780	1.6586
-0.0484	0.5760	0.5780	1.6546
-0.0462	0.5762	0.5780	1.6508
-0.0438	0.5763	0.5780	1.6466
-0.0414	0.5745	0.5760	1.6428
-0.0391	0.5747	0.5760	1.6388
-0.0368	0.5748	0.5760	1.6346
-0.0345	0.5750	0.5760	1.6308
-0.0322	0.5751	0.5760	1.6268
-0.0300	0.5752	0.5760	1.6230
-0.0276	0.5733	0.5740	1.6188
-0.0254	0.5734	0.5740	1.6150
-0.0231	0.5735	0.5740	1.6110
-0.0207	0.5736	0.5740	1.6068
-0.0185	0.5737	0.5740	1.6030
-0.0161	0.5738	0.5740	1.5989
-0.0140	0.5738	0.5740	1.5951
-0.0116	0.5739	0.5740	1.5910
-0.0094	0.5739	0.5740	1.5872
-0.0072	0.5740	0.5740	1.5834
-0.0049	0.5740	0.5740	1.5793
-0.0027	0.5720	0.5720	1.5755
-0.0005	0.5720	0.5720	1.5717
0.0017	0.5720	0.5720	1.5678
0.0040	0.5740	0.5740	1.5638
0.0062	0.5740	0.5740	1.5600
0.0084	0.5719	0.5720	1.5561
0.0106	0.5719	0.5720	1.5523
0.0129	0.5719	0.5720	1.5482
0.0151	0.5738	0.5740	1.5444
0.0173	0.5737	0.5740	1.5406
0.0195	0.5717	0.5720	1.5368
0.0218	0.5716	0.5720	1.5326
0.0240	0.5715	0.5720	1.5288
0.0261	0.5714	0.5720	1.5251
0.0283	0.5713	0.5720	1.5212
0.0308	0.5732	0.5740	1.5171
0.0330	0.5731	0.5740	1.5133
0.0351	0.5709	0.5720	1.5094
0.0372	0.5708	0.5720	1.5057
0.0396	0.5706	0.5720	1.5016
0.0418	0.5705	0.5720	1.4977
0.0439	0.5703	0.5720	1.4939
0.0461	0.5701	0.5720	1.4902
0.0484	0.5699	0.5720	1.4860
0.0506	0.5698	0.5720	1.4822
0.0530	0.5716	0.5740	1.4784
0.0552	0.5713	0.5740	1.4745
0.0573	0.5691	0.5720	1.4705
0.0594	0.5689	0.5720	1.4667
0.0616	0.5687	0.5720	1.4628
0.0638	0.5684	0.5720	1.4590
0.0663	0.5702	0.5740	1.4550
0.0685	0.5699	0.5740	1.4511
0.0705	0.5676	0.5720	1.4473
0.0726	0.5674	0.5720	1.4435
0.0755	0.5710	0.5760	1.4394
0.0779	0.5727	0.5780	1.4356
0.0795	0.5685	0.5740	1.4318
0.0817	0.5641	0.5700	1.4269
0.0838	0.5658	0.5720	1.4238
0.0859	0.5655	0.5720	1.4201
0.0884	0.5672	0.5740	1.4162
0.0905	0.5668	0.5740	1.4124
0.0929	0.5664	0.5740	1.4083
0.0950	0.5661	0.5740	1.4045
0.0972	0.5657	0.5740	1.4007
0.0993	0.5653	0.5740	1.3969
0.1020	0.5669	0.5760	1.3928
0.1042	0.5665	0.5760	1.3889
0.1064	0.5661	0.5760	1.3851
0.1085	0.5657	0.5760	1.3813
0.1108	0.5652	0.5760	1.3772
0.1130	0.5648	0.5760	1.3734
0.1151	0.5644	0.5760	1.3696
0.1173	0.5639	0.5760	1.3657
0.1200	0.5654	0.5780	1.3617
0.1221	0.5649	0.5780	1.3579
0.1243	0.5645	0.5780	1.3540
0.1269	0.5659	0.5800	1.3502
0.1292	0.5654	0.5800	1.3462
0.1314	0.5649	0.5800	1.3423
0.1335	0.5644	0.5800	1.3385
0.1352	0.5620	0.5780	1.3347
0.1375	0.5614	0.5780	1.3306
0.1401	0.5628	0.5800	1.3268
0.1423	0.5623	0.5800	1.3230
0.1449	0.5637	0.5820	1.3191
0.1478	0.5650	0.5840	1.3150
0.1499	0.5644	0.5840	1.3113
0.1520	0.5639	0.5840	1.3074
0.1542	0.5633	0.5840	1.3036
0.1565	0.5626	0.5840	1.2995
0.1587	0.5620	0.5840	1.2956
0.1608	0.5614	0.5840	1.2919
0.1629	0.5608	0.5840	1.2881
0.1652	0.5601	0.5840	1.2839
0.1673	0.5616	0.5860	1.2813
0.1696	0.5609	0.5860	1.2771
0.1724	0.5622	0.5880	1.2733
0.1745	0.5615	0.5880	1.2695
0.1766	0.5608	0.5880	1.2657
0.1789	0.5601	0.5880	1.2616
0.1817	0.5613	0.5900	1.2578
0.1838	0.5606	0.5900	1.2539
0.1860	0.5599	0.5900	1.2501
0.1882	0.5592	0.5900	1.2461
0.1910	0.5603	0.5920	1.2422
0.1938	0.5615	0.5940	1.2384
0.1960	0.5607	0.5940	1.2346
0.1989	0.5618	0.5960	1.2305
0.2011	0.5611	0.5960	1.2267
0.2032	0.5603	0.5960	1.2229
0.2054	0.5595	0.5960	1.2190
0.2077	0.5587	0.5960	1.2149
0.2097	0.5579	0.5960	1.2112
0.2126	0.5589	0.5980	1.2073
0.2149	0.5581	0.5980	1.2032
0.2170	0.5572	0.5980	1.1994
0.2194	0.5584	0.6000	1.1964
0.2223	0.5595	0.6020	1.1926
0.2244	0.5586	0.6020	1.1887
0.2265	0.5578	0.6020	1.1850
0.2296	0.5587	0.6040	1.1809
0.2317	0.5578	0.6040	1.1770
0.2346	0.5587	0.6060	1.1732
0.2369	0.5578	0.6060	1.1692
0.2398	0.5587	0.6080	1.1653
0.2420	0.5578	0.6080	1.1615
0.2443	0.5568	0.6080	1.1574
0.2472	0.5577	0.6100	1.1536
0.2493	0.5567	0.6100	1.1498
0.2524	0.5575	0.6120	1.1457
0.2545	0.5566	0.6120	1.1419
0.2575	0.5574	0.6140	1.1380
0.2596	0.5564	0.6140	1.1343
0.2621	0.5574	0.6160	1.1312
0.2643	0.5564	0.6160	1.1274
0.2674	0.5572	0.6180	1.1234
0.2695	0.5561	0.6180	1.1195
0.2725	0.5569	0.6200	1.1157
0.2748	0.5558	0.6200	1.1116
0.2778	0.5565	0.6220	1.1078
0.2799	0.5555	0.6220	1.1040
0.2831	0.5561	0.6240	1.0999
0.2862	0.5568	0.6260	1.0960
0.2883	0.5557	0.6260	1.0922
0.2913	0.5564	0.6280	1.0885
0.2945	0.5569	0.6300	1.0843
0.2967	0.5558	0.6300	1.0805
0.2993	0.5567	0.6320	1.0775
0.3014	0.5555	0.6320	1.0737
0.3045	0.5561	0.6340	1.0699
0.3077	0.5566	0.6360	1.0658
0.3098	0.5554	0.6360	1.0620
0.3129	0.5560	0.6380	1.0582
0.3152	0.5547	0.6380	1.0540
0.3183	0.5552	0.6400	1.0502
0.3204	0.5540	0.6400	1.0465
0.3225	0.5528	0.6400	1.0426
0.3258	0.5532	0.6420	1.0385
0.3279	0.5519	0.6420	1.0347
0.3311	0.5524	0.6440	1.0308
0.3333	0.5510	0.6440	1.0268
0.3365	0.5515	0.6460	1.0230
0.3386	0.5502	0.6460	1.0191
0.3413	0.5509	0.6480	1.0162
0.3444	0.5512	0.6500	1.0123
0.3478	0.5515	0.6520	1.0082
0.3498	0.5502	0.6520	1.0045
0.3530	0.5505	0.6540	1.0006
0.3564	0.5508	0.6560	0.9965
0.3596	0.5511	0.6580	0.9927
0.3628	0.5514	0.6600	0.9888
0.3648	0.5500	0.6600	0.9851
0.3682	0.5502	0.6620	0.9810
0.3714	0.5504	0.6640	0.9771
0.3742	0.5509	0.6660	0.9742
0.3774	0.5512	0.6680	0.9703
0.3807	0.5513	0.6700	0.9665
0.3829	0.5498	0.6700	0.9625
0.3862	0.5500	0.6720	0.9586
0.3894	0.5501	0.6740	0.9548
0.3928	0.5501	0.6760	0.9507
0.3961	0.5503	0.6780	0.9468
0.3993	0.5504	0.6800	0.9431
0.4015	0.5488	0.6800	0.9393
0.4049	0.5488	0.6820	0.9352
0.4076	0.5493	0.6840	0.9325
0.4098	0.5476	0.6840	0.9283
0.4119	0.5461	0.6840	0.9245
0.4152	0.5461	0.6860	0.9207
0.4186	0.5460	0.6880	0.9166
0.4232	0.5475	0.6920	0.9128
0.4265	0.5475	0.6940	0.9090
0.4300	0.5473	0.6960	0.9049
0.4333	0.5472	0.6980	0.9011
0.4366	0.5471	0.7000	0.8973
0.4408	0.5489	0.7040	0.8942
0.4428	0.5473	0.7040	0.8905
0.4451	0.5454	0.7040	0.8864
0.4485	0.5453	0.7060	0.8825
0.4518	0.5451	0.7080	0.8787
0.4552	0.5449	0.7100	0.8748
0.4587	0.5446	0.7120	0.8708
0.4633	0.5459	0.7160	0.8670
0.4654	0.5441	0.7160	0.8632
0.4690	0.5437	0.7180	0.8590
0.4723	0.5434	0.7200	0.8553
0.4766	0.5450	0.7240	0.8522
0.4801	0.5446	0.7260	0.8482
0.4835	0.5442	0.7280	0.8444
0.4871	0.5437	0.7300	0.8402
0.4906	0.5432	0.7320	0.8362
0.4942	0.5427	0.7340	0.8321
0.4978	0.5421	0.7360	0.8280
0.5012	0.5417	0.7380	0.8241
0.5048	0.5411	0.7400	0.8201
0.5098	0.5419	0.7440	0.8160
0.5127	0.5419	0.7460	0.8130
0.5163	0.5412	0.7480	0.8089
0.5200	0.5405	0.7500	0.8048
0.5235	0.5398	0.7520	0.8007
0.5270	0.5393	0.7540	0.7969
0.5320	0.5399	0.7580	0.7928
0.5356	0.5392	0.7600	0.7888
0.5392	0.5384	0.7620	0.7846
0.5429	0.5376	0.7640	0.7805
0.5465	0.5368	0.7660	0.7765
0.5510	0.5379	0.7700	0.7734
0.5560	0.5385	0.7740	0.7694
0.5595	0.5377	0.7760	0.7656
0.5632	0.5368	0.7780	0.7614
0.5682	0.5373	0.7820	0.7574
0.5719	0.5363	0.7840	0.7533
0.5756	0.5353	0.7860	0.7492
0.5805	0.5358	0.7900	0.7453
0.5842	0.5348	0.7920	0.7413
0.5889	0.5356	0.7960	0.7380
0.5924	0.5347	0.7980	0.7342
0.5976	0.5349	0.8020	0.7301
0.6013	0.5337	0.8040	0.7260
0.6064	0.5340	0.8080	0.7219
0.6101	0.5328	0.8100	0.7178
0.6152	0.5330	0.8140	0.7140
0.6189	0.5319	0.8160	0.7099
0.6235	0.5326	0.8200	0.7069
0.6287	0.5326	0.8240	0.7029
0.6324	0.5313	0.8260	0.6987
0.6377	0.5313	0.8300	0.6946
0.6414	0.5300	0.8320	0.6906
0.6466	0.5299	0.8360	0.6865
0.6518	0.5299	0.8400	0.6826
0.6555	0.5285	0.8420	0.6785
0.6618	0.5303	0.8480	0.6755
0.6670	0.5301	0.8520	0.6715
0.6708	0.5286	0.8540	0.6674
0.6745	0.5270	0.8560	0.6633
0.6814	0.5280	0.8620	0.6592
0.6850	0.5266	0.8640	0.6554
0.6887	0.5250	0.8660	0.6513
0.6957	0.5257	0.8720	0.6471
0.7010	0.5253	0.8760	0.6431
0.7074	0.5268	0.8820	0.6401
0.7111	0.5251	0.8840	0.6360
0.7165	0.5245	0.8880	0.6319
0.7235	0.5251	0.8940	0.6278
0.7287	0.5247	0.8980	0.6240
0.7325	0.5229	0.9000	0.6199
0.7379	0.5222	0.9040	0.6158
0.7433	0.5215	0.9080	0.6118
0.7482	0.5215	0.9120	0.6087
0.7552	0.5219	0.9180	0.6047
0.7623	0.5222	0.9240	0.6006
0.7693	0.5226	0.9300	0.5967
0.7747	0.5217	0.9340	0.5926
0.7785	0.5196	0.9360	0.5886
0.7840	0.5186	0.9400	0.5844
0.7895	0.5176	0.9440	0.5803
0.7960	0.5185	0.9500	0.5774
0.8031	0.5186	0.9560	0.5733
0.8103	0.5185	0.9620	0.5692
0.8174	0.5186	0.9680	0.5654
0.8229	0.5173	0.9720	0.5612
0.8267	0.5151	0.9740	0.5572
0.8356	0.5159	0.9820	0.5531
0.8422	0.5165	0.9880	0.5501
0.8478	0.5151	0.9920	0.5460
0.1462	-0.1590	0.2160	-0.8271
0.1447	-0.1590	0.2150	-0.8323
0.1441	-0.1596	0.2150	-0.8363
0.1420	-0.1588	0.2130	-0.8413
0.1407	-0.1586	0.2120	-0.8453
0.1392	-0.1585	0.2110	-0.8502
0.1377	-0.1585	0.2100	-0.8555
0.1371	-0.1591	0.2100	-0.8595
0.1358	-0.1589	0.2090	-0.8636
0.1344	-0.1588	0.2080	-0.8685
0.1331	-0.1586	0.2070	-0.8726
0.1316	-0.1584	0.2060	-0.8775
0.1304	-0.1582	0.2050	-0.8817
0.1289	-0.1581	0.2040	-0.8868
0.1275	-0.1580	0.2030	-0.8917
0.1268	-0.1585	0.2030	-0.8958
0.1256	-0.1582	0.2020	-0.8999
0.1242	-0.1580	0.2010	-0.9048
0.1229	-0.1578	0.2000	-0.9089
0.1215	-0.1576	0.1990	-0.9141
0.1201	-0.1574	0.1980	-0.9190
0.1195	-0.1579	0.1980	-0.9231
0.1182	-0.1576	0.1970	-0.9272
0.1168	-0.1574	0.1960	-0.9321
0.1154	-0.1572	0.1950	-0.9373
0.1148	-0.1576	0.1950	-0.9414
0.1136	-0.1573	0.1940	-0.9454
0.1122	-0.1570	0.1930	-0.9503
0.1116	-0.1575	0.1930	-0.9544
0.1102	-0.1572	0.1920	-0.9593
0.1090	-0.1568	0.1910	-0.9634
0.1084	-0.1573	0.1910	-0.9676
0.1070	-0.1570	0.1900	-0.9727
0.1064	-0.1574	0.1900	-0.9765
0.1050	-0.1571	0.1890	-0.9817
0.1038	-0.1567	0.1880	-0.9858
0.1032	-0.1572	0.1880	-0.9899
0.1019	-0.1568	0.1870	-0.9948
0.1005	-0.1565	0.1860	-1.0000
0.0993	-0.1561	0.1850	-1.0041
0.0987	-0.1565	0.1850	-1.0079
0.0981	-0.1569	0.1850	-1.0119
0.0967	-0.1565	0.1840	-1.0171
0.0961	-0.1569	0.1840	-1.0212
0.0948	-0.1565	0.1830	-1.0261
0.0935	-0.1562	0.1820	-1.0313
0.0929	-0.1565	0.1820	-1.0351
0.0917	-0.1560	0.1810	-1.0393
0.0911	-0.1564	0.1810	-1.0433
0.0905	-0.1568	0.1810	-1.0474
0.0892	-0.1563	0.1800	-1.0523
0.0879	-0.1559	0.1790	-1.0575
0.0873	-0.1563	0.1790	-1.0616
0.0860	-0.1558	0.1780	-1.0665
0.0854	-0.1562	0.1780	-1.0706
0.0843	-0.1557	0.1770	-1.0746
0.0836	-0.1560	0.1770	-1.0788
0.0824	-0.1555	0.1760	-1.0837
0.0817	-0.1559	0.1760	-1.0878
0.0805	-0.1554	0.1750	-1.0930
0.0798	-0.1557	0.1750	-1.0971
0.0786	-0.1552	0.1740	-1.1020
0.0780	-0.1555	0.1740	-1.1061
0.0774	-0.1559	0.1740	-1.1101
0.0761	-0.1553	0.1730	-1.1150
0.0755	-0.1557	0.1730	-1.1191
0.0744	-0.1551	0.1720	-1.1233
0.0738	-0.1554	0.1720	-1.1273
0.0726	-0.1548	0.1710	-1.1323
0.0720	-0.1551	0.1710	-1.1363
0.0713	-0.1554	0.1710	-1.1404
0.0701	-0.1549	0.1700	-1.1456
0.0695	-0.1551	0.1700	-1.1494
0.0683	-0.1546	0.1690	-1.1546
0.0677	-0.1549	0.1690	-1.1587
0.0665	-0.1543	0.1680	-1.1636
0.0659	-0.1545	0.1680	-1.1676
0.0653	-0.1548	0.1680	-1.1715
0.0647	-0.1551	0.1680	-1.1756
0.0635	-0.1544	0.1670	-1.1805
0.0629	-0.1547	0.1670	-1.1843
0.0618	-0.1541	0.1660	-1.1892
0.0612	-0.1543	0.1660	-1.1931
0.0606	-0.1545	0.1660	-1.1972
0.0595	-0.1539	0.1650	-1.2021
0.0589	-0.1541	0.1650	-1.2059
0.0583	-0.1544	0.1650	-1.2096
0.0573	-0.1537	0.1640	-1.2138
0.0567	-0.1539	0.1640	-1.2176
0.0561	-0.1541	0.1640	-1.2214
0.0550	-0.1534	0.1630	-1.2263
0.0544	-0.1536	0.1630	-1.2304
0.0538	-0.1539	0.1630	-1.2342
0.0532	-0.1541	0.1630	-1.2380
0.0522	-0.1534	0.1620	-1.2429
0.0515	-0.1536	0.1620	-1.2470
0.0509	-0.1538	0.1620	-1.2509
0.0499	-0.1531	0.1610	-1.2558
0.0493	-0.1533	0.1610	-1.2596
0.0487	-0.1535	0.1610	-1.2634
0.0481	-0.1536	0.1610	-1.2675
0.0470	-0.1529	0.1600	-1.2724
0.0464	-0.1531	0.1600	-1.2763
0.0459	-0.1533	0.1600	-1.2800
0.0452	-0.1535	0.1600	-1.2841
0.0442	-0.1527	0.1590	-1.2890
0.0436	-0.1529	0.1590	-1.2929
0.0430	-0.1531	0.1590	-1.2967
0.0424	-0.1532	0.1590	-1.3008
0.0414	-0.1525	0.1580	-1.3057
0.0408	-0.1526	0.1580	-1.3095
0.0402	-0.1528	0.1580	-1.3133
0.0396	-0.1530	0.1580	-1.3174
0.0386	-0.1522	0.1570	-1.3223
0.0380	-0.1523	0.1570	-1.3261
0.0374	-0.1525	0.1570	-1.3300
0.0368	-0.1526	0.1570	-1.3341
0.0362	-0.1528	0.1570	-1.3378
0.0353	-0.1520	0.1560	-1.3428
0.0347	-0.1521	0.1560	-1.3465
0.0341	-0.1522	0.1560	-1.3507
0.0335	-0.1524	0.1560	-1.3545
0.0325	-0.1515	0.1550	-1.3594
0.0319	-0.1517	0.1550	-1.3632
0.0313	-0.1518	0.1550	-1.3674
0.0307	-0.1519	0.1550	-1.3711
0.0302	-0.1520	0.1550	-1.3749
0.0295	-0.1522	0.1550	-1.3790
0.0290	-0.1523	0.1550	-1.3829
0.0280	-0.1514	0.1540	-1.3878
0.0274	-0.1515	0.1540	-1.3916
0.0269	-0.1516	0.1540	-1.3954
0.0260	-0.1508	0.1530	-1.4003
0.0253	-0.1509	0.1530	-1.4044
0.0248	-0.1510	0.1530	-1.4082
0.0242	-0.1511	0.1530	-1.4120
0.0236	-0.1512	0.1530	-1.4162
0.0230	-0.1513	0.1530	-1.4200
0.0224	-0.1513	0.1530	-1.4237
0.0218	-0.1514	0.1530	-1.4278
0.0212	-0.1515	0.1530	-1.4317
0.0203	-0.1506	0.1520	-1.4366
0.0198	-0.1507	0.1520	-1.4404
0.0191	-0.1508	0.1520	-1.4445
0.0186	-0.1509	0.1520	-1.4483
0.0180	-0.1509	0.1520	-1.4521
0.0174	-0.1510	0.1520	-1.4562
0.0165	-0.1501	0.1510	-1.4611
0.0160	-0.1502	0.1510	-1.4650
0.0154	-0.1502	0.1510	-1.4688
0.0148	-0.1503	0.1510	-1.4728
0.0142	-0.1503	0.1510	-1.4766
0.0136	-0.1504	0.1510	-1.4805
0.0130	-0.1504	0.1510	-1.4846
0.0124	-0.1505	0.1510	-1.4883
0.0119	-0.1505	0.1510	-1.4922
0.0112	-0.1506	0.1510	-1.4963
0.0107	-0.1506	0.1510	-1.5001
-0.0325	-0.1475	0.1510	-1.7879
-0.0331	-0.1473	0.1510	-1.7917
-0.0337	-0.1472	0.1510	-1.7957
-0.0342	-0.1471	0.1510	-1.7996
-0.0348	-0.1469	0.1510	-1.8037
-0.0354	-0.1468	0.1510	-1.8074
-0.0360	-0.1466	0.1510	-1.8115
-0.0366	-0.1465	0.1510	-1.8154
-0.0372	-0.1464	0.1510	-1.8195
-0.0377	-0.1462	0.1510	-1.8232
-0.0383	-0.1461	0.1510	-1.8274
-0.0389	-0.1459	0.1510	-1.8312
-0.0395	-0.1457	0.1510	-1.8353
-0.0401	-0.1466	0.1520	-1.8380
-0.0407	-0.1464	0.1520	-1.8421
-0.0413	-0.1463	0.1520	-1.8460
-0.0419	-0.1461	0.1520	-1.8500
-0.0424	-0.1460	0.1520	-1.8538
-0.0432	-0.1468	0.1530	-1.8568
-0.0438	-0.1466	0.1530	-1.8609
-0.0443	-0.1464	0.1530	-1.8647
-0.0449	-0.1463	0.1530	-1.8688
-0.0455	-0.1461	0.1530	-1.8726
-0.0461	-0.1459	0.1530	-1.8767
-0.0466	-0.1457	0.1530	-1.8806
-0.0472	-0.1455	0.1530	-1.8844
-0.0478	-0.1453	0.1530	-1.8884
-0.0483	-0.1452	0.1530	-1.8923
-0.0491	-0.1460	0.1540	-1.8952
-0.0497	-0.1458	0.1540	-1.8994
-0.0503	-0.1456	0.1540	-1.9032
-0.0509	-0.1454	0.1540	-1.9073
-0.0514	-0.1452	0.1540	-1.9111
-0.0520	-0.1450	0.1540	-1.9152
-0.0525	-0.1448	0.1540	-1.9190
-0.0533	-0.1455	0.1550	-1.9220
-0.0539	-0.1453	0.1550	-1.9261
-0.0545	-0.1451	0.1550	-1.9299
-0.0551	-0.1449	0.1550	-1.9340
-0.0556	-0.1447	0.1550	-1.9378
-0.0562	-0.1444	0.1550	-1.9419
-0.0570	-0.1452	0.1560	-1.9449
-0.0576	-0.1450	0.1560	-1.9490
-0.0582	-0.1447	0.1560	-1.9530
-0.0588	-0.1445	0.1560	-1.9572
-0.0594	-0.1443	0.1560	-1.9613
-0.0600	-0.1440	0.1560	-1.9653
-0.0608	-0.1448	0.1570	-1.9684
-0.0614	-0.1445	0.1570	-1.9724
-0.0620	-0.1443	0.1570	-1.9765
-0.0625	-0.1440	0.1570	-1.9804
-0.0631	-0.1438	0.1570	-1.9845
-0.0639	-0.1445	0.1580	-1.9875
-0.0645	-0.1442	0.1580	-1.9915
-0.0651	-0.1440	0.1580	-1.9956
-0.0657	-0.1437	0.1580	-1.9997
-0.0666	-0.1444	0.1590	-2.0027
-0.0672	-0.1441	0.1590	-2.0068
-0.0677	-0.1439	0.1590	-2.0109
-0.0683	-0.1436	0.1590	-2.0150
-0.0692	-0.1443	0.1600	-2.0180
-0.0698	-0.1440	0.1600	-2.0221
-0.0704	-0.1437	0.1600	-2.0262
-0.0709	-0.1434	0.1600	-2.0302
-0.0718	-0.1441	0.1610	-2.0333
-0.0724	-0.1438	0.1610	-2.0373
-0.0730	-0.1435	0.1610	-2.0412
-0.0736	-0.1432	0.1610	-2.0453
-0.0741	-0.1429	0.1610	-2.0494
-0.0747	-0.1426	0.1610	-2.0534
-0.0756	-0.1433	0.1620	-2.0564
-0.0762	-0.1430	0.1620	-2.0605
-0.0771	-0.1436	0.1630	-2.0635
-0.0777	-0.1433	0.1630	-2.0676
-0.0783	-0.1430	0.1630	-2.0717
-0.0792	-0.1436	0.1640	-2.0747
-0.0798	-0.1433	0.1640	-2.0788
-0.0804	-0.1430	0.1640	-2.0829
-0.0809	-0.1426	0.1640	-2.0870
-0.0820	-0.1432	0.1650	-2.0911
-0.0826	-0.1428	0.1650	-2.0949
-0.0832	-0.1425	0.1650	-2.0990
-0.0841	-0.1431	0.1660	-2.1019
-0.0847	-0.1428	0.1660	-2.1061
-0.0853	-0.1424	0.1660	-2.1102
-0.0858	-0.1421	0.1660	-2.1142
-0.0868	-0.1427	0.1670	-2.1173
-0.0874	-0.1423	0.1670	-2.1213
-0.0879	-0.1420	0.1670	-2.1254
-0.0889	-0.1426	0.1680	-2.1284
-0.0895	-0.1422	0.1680	-2.1325
-0.0901	-0.1418	0.1680	-2.1366
-0.0906	-0.1415	0.1680	-2.1407
-0.0916	-0.1420	0.1690	-2.1437
-0.0922	-0.1416	0.1690	-2.1478
-0.0932	-0.1422	0.1700	-2.1508
-0.0937	-0.1418	0.1700	-2.1549
-0.0943	-0.1414	0.1700	-2.1590
-0.0953	-0.1420	0.1710	-2.1620
-0.0959	-0.1416	0.1710	-2.1661
-0.0965	-0.1412	0.1710	-2.1702
-0.0975	-0.1417	0.1720	-2.1732
-0.0980	-0.1413	0.1720	-2.1773
-0.0986	-0.1410	0.1720	-2.1810
-0.0997	-0.1414	0.1730	-2.1852
-0.1003	-0.1410	0.1730	-2.1893
-0.1013	-0.1415	0.1740	-2.1923
-0.1019	-0.1410	0.1740	-2.1964
-0.1025	-0.1406	0.1740	-2.2004
-0.1030	-0.1402	0.1740	-2.2045
-0.1040	-0.1407	0.1750	-2.2075
-0.1051	-0.1412	0.1760	-2.2106
-0.1056	-0.1408	0.1760	-2.2146
-0.1067	-0.1412	0.1770	-2.2177
-0.1072	-0.1408	0.1770	-2.2217
-0.1078	-0.1404	0.1770	-2.2258
-0.1084	-0.1399	0.1770	-2.2299
-0.1096	-0.1403	0.1780	-2.2340
-0.1102	-0.1398	0.1780	-2.2381
-0.1107	-0.1394	0.1780	-2.2422
-0.1118	-0.1398	0.1790	-2.2452
-0.1123	-0.1394	0.1790	-2.2492
-0.1134	-0.1398	0.1800	-2.2523
-0.1144	-0.1402	0.1810	-2.2552
-0.1150	-0.1398	0.1810	-2.2594
-0.1156	-0.1393	0.1810	-2.2634
-0.1161	-0.1388	0.1810	-2.2675
-0.1173	-0.1391	0.1820	-2.2713
-0.1179	-0.1387	0.1820	-2.2755
-0.1190	-0.1390	0.1830	-2.2787
-0.1195	-0.1386	0.1830	-2.2826
-0.1201	-0.1381	0.1830	-2.2866
-0.1212	-0.1385	0.1840	-2.2896
-0.1223	-0.1388	0.1850	-2.2929
-0.1228	-0.1383	0.1850	-2.2969
-0.1234	-0.1379	0.1850	-2.3008
-0.1246	-0.1381	0.1860	-2.3046
-0.1256	-0.1385	0.1870	-2.3076
-0.1262	-0.1380	0.1870	-2.3114
-0.1273	-0.1384	0.1880	-2.3144
-0.1278	-0.1378	0.1880	-2.3185
-0.1290	-0.1381	0.1890	-2.3224
-0.1296	-0.1376	0.1890	-2.3262
-0.1307	-0.1379	0.1900	-2.3292
-0.1318	-0.1383	0.1910	-2.3321
-0.1323	-0.1378	0.1910	-2.3360
-0.1336	-0.1379	0.1920	-2.3401
-0.1341	-0.1374	0.1920	-2.3439
-0.1352	-0.1377	0.1930	-2.3469
-0.1357	-0.1372	0.1930	-2.3507
-0.1368	-0.1375	0.1940	-2.3537
-0.1374	-0.1370	0.1940	-2.3575
-0.1386	-0.1371	0.1950	-2.3616
-0.1397	-0.1375	0.1960	-2.3643
-0.1403	-0.1369	0.1960	-2.3685
-0.1414	-0.1372	0.1970	-2.3714
-0.1419	-0.1366	0.1970	-2.3753
-0.1432	-0.1368	0.1980	-2.3790
-0.1437	-0.1362	0.1980	-2.3831
-0.1448	-0.1365	0.1990	-2.3859
-0.1460	-0.1367	0.2000	-2.3889
-0.1465	-0.1361	0.2000	-2.3930
-0.1478	-0.1362	0.2010	-2.3967
-0.1489	-0.1365	0.2020	-2.3998
-0.1494	-0.1359	0.2020	-2.4036
-0.1507	-0.1360	0.2030	-2.4074
-0.1513	-0.1354	0.2030	-2.4115
-0.1524	-0.1356	0.2040	-2.4145
-0.1535	-0.1358	0.2050	-2.4173
-0.1541	-0.1352	0.2050	-2.4213
-0.1554	-0.1353	0.2060	-2.4251
-0.1559	-0.1347	0.2060	-2.4290
-0.1570	-0.1349	0.2070	-2.4319
-0.1583	-0.1349	0.2080	-2.4361
-0.1595	-0.1351	0.2090	-2.4387
-0.1600	-0.1344	0.2090	-2.4429
-0.1613	-0.1345	0.2100	-2.4467
-0.1625	-0.1346	0.2110	-2.4497
-0.1636	-0.1348	0.2120	-2.4526
-0.1642	-0.1341	0.2120	-2.4565
-0.1655	-0.1341	0.2130	-2.4603
-0.1666	-0.1343	0.2140	-2.4633
-0.1672	-0.1336	0.2140	-2.4674
-0.1685	-0.1336	0.2150	-2.4712
-0.1697	-0.1337	0.2160	-2.4742
-0.1710	-0.1337	0.2170	-2.4780
-0.1721	-0.1338	0.2180	-2.4810
-0.1727	-0.1331	0.2180	-2.4849
-0.1740	-0.1330	0.2190	-2.4890
-0.1751	-0.1331	0.2200	-2.4917
-0.1765	-0.1330	0.2210	-2.4958
-0.1777	-0.1331	0.2220	-2.4988
-0.1790	-0.1330	0.2230	-2.5026
-0.1795	-0.1323	0.2230	-2.5064
-0.1807	-0.1324	0.2240	-2.5094
-0.1820	-0.1323	0.2250	-2.5132
-0.1832	-0.1323	0.2260	-2.5162
-0.1846	-0.1321	0.2270	-2.5203
-0.1858	-0.1322	0.2280	-2.5230
-0.1871	-0.1320	0.2290	-2.5271
-0.1883	-0.1320	0.2300	-2.5301
-0.1896	-0.1319	0.2310	-2.5339
-0.1909	-0.1319	0.2320	-2.5369
-0.1922	-0.1317	0.2330	-2.5408
-0.1935	-0.1315	0.2340	-2.5446
-0.1947	-0.1315	0.2350	-2.5476
-0.1961	-0.1313	0.2360	-2.5517
-0.1973	-0.1313	0.2370	-2.5544
-0.1987	-0.1310	0.2380	-2.5585
-0.1999	-0.1310	0.2390	-2.5613
-0.2012	-0.1308	0.2400	-2.5653
-0.2026	-0.1306	0.2410	-2.5691
-0.2038	-0.1305	0.2420	-2.5721
-0.2051	-0.1302	0.2430	-2.5759
-0.2064	-0.1302	0.2440	-2.5789
-0.2078	-0.1298	0.2450	-2.5830
-0.2090	-0.1298	0.2460	-2.5858
-0.2112	-0.1300	0.2480	-2.5898
-0.2124	-0.1299	0.2490	-2.5926
-0.2138	-0.1296	0.2500	-2.5966
-0.2150	-0.1295	0.2510	-2.5997
-0.2164	-0.1292	0.2520	-2.6035
-0.2185	-0.1295	0.2540	-2.6065
-0.2199	-0.1292	0.2550	-2.6104
-0.2220	-0.1295	0.2570	-2.6133
-0.2233	-0.1292	0.2580	-2.6172
-0.2246	-0.1290	0.2590	-2.6201
-0.2259	-0.1287	0.2600	-2.6240
-0.2281	-0.1290	0.2620	-2.6269
-0.2295	-0.1285	0.2630	-2.6311
-0.2308	-0.1281	0.2640	-2.6349
-0.2330	-0.1284	0.2660	-2.6379
-0.2343	-0.1280	0.2670	-2.6417
-0.2365	-0.1282	0.2690	-2.6447
-0.2379	-0.1277	0.2700	-2.6488
-0.2391	-0.1275	0.2710	-2.6518
-0.2414	-0.1275	0.2730	-2.6556
-0.2427	-0.1273	0.2740	-2.6586
-0.2449	-0.1272	0.2760	-2.6624
-0.2462	-0.1270	0.2770	-2.6654
-0.2485	-0.1269	0.2790	-2.6695
-0.2497	-0.1267	0.2800	-2.6722
-0.2520	-0.1265	0.2820	-2.6763
-0.2533	-0.1262	0.2830	-2.6793
-0.2556	-0.1261	0.2850	-2.6831
-0.2577	-0.1263	0.2870	-2.6861
-0.2592	-0.1256	0.2880	-2.6902
-0.2613	-0.1258	0.2900	-2.6929
-0.2636	-0.1256	0.2920	-2.6970
-0.2649	-0.1252	0.2930	-2.7000
-0.2672	-0.1251	0.2950	-2.7038
-0.2694	-0.1251	0.2970	-2.7068
-0.2717	-0.1248	0.2990	-2.7109
-0.2739	-0.1249	0.3010	-2.7137
-0.2762	-0.1246	0.3030	-2.7177
-0.2775	-0.1242	0.3040	-2.7208
-0.2798	-0.1240	0.3060	-2.7245
-0.2820	-0.1239	0.3080	-2.7276
-0.2843	-0.1236	0.3100	-2.7316
-0.2865	-0.1236	0.3120	-2.7344
-0.2888	-0.1232	0.3140	-2.7384
-0.2910	-0.1231	0.3160	-2.7415
-0.2934	-0.1227	0.3180	-2.7453
-0.2956	-0.1226	0.3200	-2.7483
-0.2979	-0.1223	0.3220	-2.7522
-0.3001	-0.1221	0.3240	-2.7551
-0.3034	-0.1220	0.3270	-2.7592
-0.3056	-0.1218	0.3290	-2.7622
-0.3079	-0.1214	0.3310	-2.7661
-0.3102	-0.1212	0.3330	-2.7690
-0.3134	-0.1211	0.3360	-2.7729
-0.3156	-0.1209	0.3380	-2.7758
-0.3180	-0.1203	0.3400	-2.7800
-0.3212	-0.1204	0.3430	-2.7829
-0.3235	-0.1199	0.3450	-2.7868
-0.3267	-0.1199	0.3480	-2.7897
-0.3290	-0.1194	0.3500	-2.7936
-0.3322	-0.1194	0.3530	-2.7965
-0.3355	-0.1190	0.3560	-2.8007
-0.3377	-0.1187	0.3580	-2.8036
-0.3410	-0.1184	0.3610	-2.8075
-0.3442	-0.1183	0.3640	-2.8104
-0.3466	-0.1177	0.3660	-2.8143
-0.3498	-0.1176	0.3690	-2.8173
-0.3531	-0.1171	0.3720	-2.8214
-0.3563	-0.1170	0.3750	-2.8243
-0.3596	-0.1165	0.3780	-2.8282
-0.3628	-0.1164	0.3810	-2.8312
-0.3661	-0.1159	0.3840	-2.8350
-0.3693	-0.1157	0.3870	-2.8381
-0.3726	-0.1151	0.3900	-2.8421
-0.3768	-0.1151	0.3940	-2.8452
-0.3800	-0.1150	0.3970	-2.8478
-0.3843	-0.1145	0.4010	-2.8520
-0.3875	-0.1142	0.4040	-2.8549
-0.3908	-0.1136	0.4070	-2.8588
-0.3950	-0.1135	0.4110	-2.8617
-0.3993	-0.1130	0.4150	-2.8659
-0.4025	-0.1127	0.4180	-2.8685
-0.4068	-0.1121	0.4220	-2.8727
-0.4110	-0.1120	0.4260	-2.8756
-0.4153	-0.1114	0.4300	-2.8795
-0.4195	-0.1112	0.4340	-2.8824
-0.4238	-0.1105	0.4380	-2.8866
-0.4280	-0.1104	0.4420	-2.8893
-0.4323	-0.1096	0.4460	-2.8934
-0.4375	-0.1095	0.4510	-2.8963
-0.4418	-0.1088	0.4550	-2.9002
-0.4470	-0.1086	0.4600	-2.9032
-0.4512	-0.1082	0.4640	-2.9062
-0.4565	-0.1076	0.4690	-2.9101
-0.4617	-0.1074	0.4740	-2.9130
-0.4670	-0.1066	0.4790	-2.9172
-0.4722	-0.1063	0.4840	-2.9201
-0.4775	-0.1056	0.4890	-2.9240
-0.4827	-0.1052	0.4940	-2.9269
-0.4889	-0.1046	0.5000	-2.9308
-0.4941	-0.1042	0.5050	-2.9337
-0.5004	-0.1034	0.5110	-2.9379
-0.5056	-0.1029	0.5160	-2.9408
-0.5119	-0.1021	0.5220	-2.9447
-0.5201	-0.1022	0.5300	-2.9476
-0.5263	-0.1017	0.5360	-2.9506
-0.5306	-0.1005	0.5400	-2.9544
-0.5387	-0.1003	0.5480	-2.9575
-0.5450	-0.0992	0.5540	-2.9615
-0.5532	-0.0990	0.5620	-2.9645
-0.5839	-0.0846	0.5900	-2.9978
-0.5823	-0.0819	0.5880	-3.0019
-0.5826	-0.0796	0.5880	-3.0057
-0.5809	-0.0770	0.5860	-3.0099
-0.5812	-0.0748	0.5860	-3.0136
-0.5815	-0.0724	0.5860	-3.0177
-0.5818	-0.0702	0.5860	-3.0216
-0.5821	-0.0678	0.5860	-3.0257
-0.5804	-0.0647	0.5840	-3.0306
-0.5806	-0.0625	0.5840	-3.0344
-0.5809	-0.0601	0.5840	-3.0384
-0.5493	-0.0546	0.5520	-3.0426
-0.5495	-0.0523	0.5520	-3.0467
-0.5497	-0.0501	0.5520	-3.0507
-0.5499	-0.0480	0.5520	-3.0545
-0.5501	-0.0457	0.5520	-3.0587
-0.5483	-0.0434	0.5500	-3.0627
-0.5485	-0.0411	0.5500	-3.0668
-0.5486	-0.0390	0.5500	-3.0706
-0.5488	-0.0367	0.5500	-3.0748
-0.5489	-0.0345	0.5500	-3.0788
-0.5490	-0.0324	0.5500	-3.0826
-0.5472	-0.0300	0.5480	-3.0868
-0.5473	-0.0278	0.5480	-3.0908
-0.5494	-0.0258	0.5500	-3.0946
-0.5495	-0.0236	0.5500	-3.0987
-0.5476	-0.0212	0.5480	-3.1029
-0.5477	-0.0192	0.5480	-3.1066
-0.5477	-0.0169	0.5480	-3.1107
-0.5458	-0.0142	0.5460	-3.1156
-0.5459	-0.0119	0.5460	-3.1197
-0.5459	-0.0097	0.5460	-3.1239
-0.5459	-0.0075	0.5460	-3.1279
-0.5460	-0.0054	0.5460	-3.1317
-0.5460	-0.0031	0.5460	-3.1358
-0.5460	-0.0009	0.5460	-3.1399
