x	y	r	phi
-0.7675	0.6316	0.9940	2.4530
-0.7604	0.6309	0.9880	2.4490
-0.7526	0.6308	0.9820	2.4440
-0.7441	0.6284	0.9740	2.4403
-0.7370	0.6276	0.9680	2.4362
-0.7300	0.6265	0.9620	2.4323
-0.7214	0.6243	0.9540	2.4282
-0.7143	0.6233	0.9480	2.4242
-0.7068	0.6228	0.9420	2.4193
-0.6999	0.6215	0.9360	2.4154
-0.6928	0.6204	0.9300	2.4113
-0.6858	0.6192	0.9240	2.4072
-0.6791	0.6177	0.9180	2.4035
-0.6721	0.6165	0.9120	2.3993
-0.6647	0.6157	0.9060	2.3944
-0.6594	0.6155	0.9020	2.3906
-0.6525	0.6141	0.8960	2.3865
-0.6456	0.6126	0.8900	2.3825
-0.6389	0.6109	0.8840	2.3786
-0.6335	0.6108	0.8800	2.3745
-0.6263	0.6097	0.8740	2.3696
-0.6194	0.6080	0.8680	2.3655
-0.6143	0.6076	0.8640	2.3617
-0.6076	0.6058	0.8580	2.3576
-0.6038	0.6067	0.8560	2.3538
-0.5971	0.6049	0.8500	2.3497
-0.5913	0.6050	0.8460	2.3448
-0.5847	0.6031	0.8400	2.3407
-0.5796	0.6024	0.8360	2.3369
-0.5744	0.6019	0.8320	2.3328
-0.5680	0.5998	0.8260	2.3290
-0.5627	0.5992	0.8220	2.3248
-0.5571	0.5990	0.8180	2.3200
-0.5519	0.5983	0.8140	2.3159
-0.5469	0.5975	0.8100	2.3121
-0.5404	0.5953	0.8040	2.3080
-0.5368	0.5958	0.8020	2.3041
-0.5304	0.5935	0.7960	2.3001
-0.5248	0.5932	0.7920	2.2951
-0.5198	0.5923	0.7880	2.2911
-0.5149	0.5912	0.7840	2.2873
-0.5111	0.5918	0.7820	2.2831
-0.5061	0.5909	0.7780	2.2791
-0.5013	0.5897	0.7740	2.2753
-0.4963	0.5888	0.7700	2.2712
-0.4921	0.5896	0.7680	2.2663
-0.4873	0.5884	0.7640	2.2624
-0.4823	0.5873	0.7600	2.2583
-0.4774	0.5862	0.7560	2.2543
-0.4739	0.5865	0.7540	2.2504
-0.4690	0.5853	0.7500	2.2463
-0.4655	0.5855	0.7480	2.2425
-0.4587	0.5832	0.7420	2.2373
-0.4553	0.5834	0.7400	2.2335
-0.4517	0.5836	0.7380	2.2294
-0.4470	0.5822	0.7340	2.2256
-0.4422	0.5808	0.7300	2.2215
-0.4388	0.5809	0.7280	2.2178
-0.4352	0.5811	0.7260	2.2136
-0.4300	0.5800	0.7220	2.2087
-0.4264	0.5802	0.7200	2.2046
-0.4218	0.5786	0.7160	2.2008
-0.4183	0.5787	0.7140	2.1967
-0.4136	0.5771	0.7100	2.1926
-0.4102	0.5770	0.7080	2.1888
-0.4067	0.5771	0.7060	2.1847
-0.4016	0.5758	0.7020	2.1798
-0.3982	0.5757	0.7000	2.1760
-0.3936	0.5740	0.6960	2.1719
-0.3901	0.5740	0.6940	2.1678
-0.3868	0.5738	0.6920	2.1640
-0.3833	0.5737	0.6900	2.1598
-0.3790	0.5718	0.6860	2.1561
-0.3755	0.5717	0.6840	2.1520
-0.3716	0.5718	0.6820	2.1471
-0.3682	0.5717	0.6800	2.1430
-0.3649	0.5714	0.6780	2.1391
-0.3615	0.5712	0.6760	2.1351
-0.3572	0.5692	0.6720	2.1313
-0.3537	0.5691	0.6700	2.1269
-0.3503	0.5688	0.6680	2.1228
-0.3480	0.5702	0.6680	2.1187
-0.3446	0.5699	0.6660	2.1146
-0.3396	0.5683	0.6620	2.1094
-0.3363	0.5679	0.6600	2.1054
-0.3329	0.5676	0.6580	2.1013
-0.3294	0.5673	0.6560	2.0969
-0.3251	0.5652	0.6520	2.0928
-0.3218	0.5648	0.6500	2.0887
-0.3185	0.5643	0.6480	2.0846
-0.3146	0.5642	0.6460	2.0794
-0.3113	0.5637	0.6440	2.0754
-0.3079	0.5634	0.6420	2.0710
-0.3047	0.5628	0.6400	2.0669
-0.3005	0.5606	0.6360	2.0628
-0.2981	0.5618	0.6360	2.0587
-0.2949	0.5612	0.6340	2.0547
-0.2915	0.5607	0.6320	2.0503
-0.2879	0.5604	0.6300	2.0454
-0.2845	0.5599	0.6280	2.0410
-0.2813	0.5592	0.6260	2.0369
-0.2790	0.5604	0.6260	2.0328
-0.2758	0.5597	0.6240	2.0287
-0.2727	0.5590	0.6220	2.0247
-0.2694	0.5584	0.6200	2.0203
-0.2662	0.5577	0.6180	2.0161
-0.2640	0.5588	0.6180	2.0121
-0.2608	0.5581	0.6160	2.0080
-0.2562	0.5558	0.6120	2.0028
-0.2539	0.5568	0.6120	1.9987
-0.2509	0.5560	0.6100	1.9947
-0.2484	0.5571	0.6100	1.9902
-0.2454	0.5563	0.6080	1.9862
-0.2423	0.5555	0.6060	1.9821
-0.2392	0.5546	0.6040	1.9780
-0.2362	0.5537	0.6020	1.9739
-0.2330	0.5529	0.6000	1.9695
-0.2307	0.5539	0.6000	1.9654
-0.2270	0.5532	0.5980	1.9602
-0.2241	0.5523	0.5960	1.9562
-0.2210	0.5513	0.5940	1.9521
-0.2188	0.5522	0.5940	1.9480
-0.2157	0.5513	0.5920	1.9436
-0.2127	0.5503	0.5900	1.9395
-0.2097	0.5493	0.5880	1.9355
-0.2068	0.5483	0.5860	1.9314
-0.2045	0.5492	0.5860	1.9273
-0.2010	0.5483	0.5840	1.9221
-0.1987	0.5492	0.5840	1.9180
-0.1956	0.5481	0.5820	1.9136
-0.1934	0.5489	0.5820	1.9095
-0.1905	0.5478	0.5800	1.9055
-0.1883	0.5486	0.5800	1.9014
-0.1854	0.5475	0.5780	1.8972
-0.1830	0.5483	0.5780	1.8929
-0.1801	0.5471	0.5760	1.8888
-0.1772	0.5460	0.5740	1.8847
-0.1750	0.5467	0.5740	1.8807
-0.1722	0.5455	0.5720	1.8765
-0.1688	0.5444	0.5700	1.8714
-0.1665	0.5451	0.5700	1.8672
-0.1636	0.5439	0.5680	1.8629
-0.1608	0.5427	0.5660	1.8588
-0.1586	0.5433	0.5660	1.8548
-0.1558	0.5421	0.5640	1.8507
-0.1536	0.5427	0.5640	1.8465
-0.1507	0.5414	0.5620	1.8422
-0.1479	0.5401	0.5600	1.8381
-0.1457	0.5407	0.5600	1.8340
-0.1435	0.5413	0.5600	1.8299
-0.1413	0.5419	0.5600	1.8258
-0.1380	0.5407	0.5580	1.8206
-0.1353	0.5393	0.5560	1.8165
-0.1324	0.5379	0.5540	1.8122
-0.1302	0.5385	0.5540	1.8081
-0.1280	0.5390	0.5540	1.8040
-0.1258	0.5395	0.5540	1.7999
-0.1230	0.5381	0.5520	1.7955
-0.1208	0.5386	0.5520	1.7915
-0.1182	0.5372	0.5500	1.7874
-0.1160	0.5376	0.5500	1.7833
-0.1134	0.5361	0.5480	1.7792
-0.1110	0.5366	0.5480	1.7748
-0.1080	0.5352	0.5460	1.7699
-0.1053	0.5337	0.5440	1.7655
-0.1031	0.5341	0.5440	1.7615
-0.1005	0.5326	0.5420	1.7574
-0.0983	0.5330	0.5420	1.7532
-0.0962	0.5334	0.5420	1.7492
-0.0938	0.5338	0.5420	1.7448
-0.0917	0.5342	0.5420	1.7408
-0.0892	0.5326	0.5400	1.7367
-0.0870	0.5330	0.5400	1.7325
-0.0845	0.5313	0.5380	1.7285
-0.0822	0.5317	0.5380	1.7241
-0.0801	0.5320	0.5380	1.7203
-0.0777	0.5303	0.5360	1.7162
-0.0755	0.5307	0.5360	1.7121
-0.0726	0.5290	0.5340	1.7072
-0.0704	0.5293	0.5340	1.7031
-0.0683	0.5296	0.5340	1.6990
-0.0663	0.5299	0.5340	1.6952
-0.0639	0.5282	0.5320	1.6911
-0.0617	0.5284	0.5320	1.6870
-0.0596	0.5287	0.5320	1.6830
-0.0575	0.5289	0.5320	1.6791
-0.0551	0.5271	0.5300	1.6750
-0.0530	0.5273	0.5300	1.6709
-0.0510	0.5275	0.5300	1.6671
-0.0488	0.5277	0.5300	1.6630
-0.0463	0.5240	0.5260	1.6589
-0.0440	0.5221	0.5240	1.6549
-0.0420	0.5223	0.5240	1.6510
-0.0399	0.5225	0.5240	1.6469
-0.0378	0.5246	0.5260	1.6428
-0.0356	0.5228	0.5240	1.6388
-0.0337	0.5249	0.5260	1.6349
-0.0314	0.5231	0.5240	1.6308
-0.0288	0.5212	0.5220	1.6259
-0.0266	0.5213	0.5220	1.6218
-0.0245	0.5214	0.5220	1.6178
-0.0224	0.5215	0.5220	1.6137
-0.0204	0.5216	0.5220	1.6098
-0.0183	0.5217	0.5220	1.6058
-0.0161	0.5218	0.5220	1.6017
-0.0141	0.5218	0.5220	1.5978
-0.0120	0.5219	0.5220	1.5937
-0.0099	0.5219	0.5220	1.5897
-0.0077	0.5199	0.5200	1.5856
-0.0057	0.5180	0.5180	1.5817
-0.0036	0.5160	0.5160	1.5777
-0.0014	0.5160	0.5160	1.5736
0.0007	0.5160	0.5160	1.5695
0.0027	0.5180	0.5180	1.5656
0.0048	0.5180	0.5180	1.5616
0.0069	0.5160	0.5160	1.5575
0.0089	0.5159	0.5160	1.5536
0.0109	0.5159	0.5160	1.5496
0.0131	0.5158	0.5160	1.5455
0.0152	0.5158	0.5160	1.5414
0.0172	0.5157	0.5160	1.5375
0.0192	0.5156	0.5160	1.5335
0.0213	0.5136	0.5140	1.5294
0.0234	0.5135	0.5140	1.5253
0.0253	0.5134	0.5140	1.5215
0.0274	0.5133	0.5140	1.5174
0.0296	0.5131	0.5140	1.5133
0.0317	0.5150	0.5160	1.5092
0.0336	0.5129	0.5140	1.5054
0.0357	0.5128	0.5140	1.5013
0.0378	0.5126	0.5140	1.4972
0.0397	0.5125	0.5140	1.4934
0.0418	0.5123	0.5140	1.4893
0.0442	0.5101	0.5120	1.4844
0.0463	0.5099	0.5120	1.4803
0.0484	0.5097	0.5120	1.4762
0.0504	0.5095	0.5120	1.4721
0.0524	0.5093	0.5120	1.4683
0.0545	0.5091	0.5120	1.4642
0.0565	0.5089	0.5120	1.4602
0.0586	0.5086	0.5120	1.4560
0.0606	0.5084	0.5120	1.4522
0.0627	0.5081	0.5120	1.4481
0.0644	0.5099	0.5140	1.4451
0.0665	0.5097	0.5140	1.4411
0.0688	0.5074	0.5120	1.4361
0.0708	0.5071	0.5120	1.4321
0.0729	0.5068	0.5120	1.4279
0.0748	0.5065	0.5120	1.4241
0.0769	0.5062	0.5120	1.4201
0.0790	0.5059	0.5120	1.4160
0.0810	0.5055	0.5120	1.4118
0.0830	0.5052	0.5120	1.4080
0.0850	0.5049	0.5120	1.4040
0.0871	0.5045	0.5120	1.3999
0.0890	0.5042	0.5120	1.3960
0.0911	0.5038	0.5120	1.3920
0.0931	0.5035	0.5120	1.3879
0.0952	0.5031	0.5120	1.3837
0.0971	0.5027	0.5120	1.3799
0.0992	0.5023	0.5120	1.3759
0.1012	0.5019	0.5120	1.3718
0.1033	0.5015	0.5120	1.3676
0.1052	0.5011	0.5120	1.3639
0.1072	0.5006	0.5120	1.3598
0.1093	0.5002	0.5120	1.3557
0.1112	0.4998	0.5120	1.3518
0.1132	0.4993	0.5120	1.3478
0.1152	0.5009	0.5140	1.3447
0.1172	0.5005	0.5140	1.3407
0.1193	0.5000	0.5140	1.3366
0.1212	0.4995	0.5140	1.3327
0.1232	0.4990	0.5140	1.3287
0.1251	0.4985	0.5140	1.3249
0.1270	0.4981	0.5140	1.3210
0.1291	0.4975	0.5140	1.3169
0.1310	0.4970	0.5140	1.3131
0.1329	0.4965	0.5140	1.3093
0.1354	0.4979	0.5160	1.3052
0.1373	0.4974	0.5160	1.3014
0.1393	0.4968	0.5160	1.2974
0.1412	0.4963	0.5160	1.2935
0.1437	0.4977	0.5180	1.2897
0.1458	0.4971	0.5180	1.2856
0.1477	0.4965	0.5180	1.2817
0.1501	0.4979	0.5200	1.2780
0.1527	0.4992	0.5220	1.2739
0.1540	0.4967	0.5200	1.2700
0.1541	0.4883	0.5120	1.2652
0.1553	0.4858	0.5100	1.2613
0.1580	0.4891	0.5140	1.2583
0.1606	0.4904	0.5160	1.2542
0.1631	0.4916	0.5180	1.2504
0.1650	0.4910	0.5180	1.2466
0.1670	0.4903	0.5180	1.2425
0.1689	0.4897	0.5180	1.2387
0.1708	0.4890	0.5180	1.2349
0.1734	0.4902	0.5200	1.2307
0.1753	0.4896	0.5200	1.2270
0.1772	0.4889	0.5200	1.2232
0.1799	0.4900	0.5220	1.2190
0.1817	0.4893	0.5220	1.2152
0.1837	0.4886	0.5220	1.2112
0.1856	0.4879	0.5220	1.2073
0.1877	0.4892	0.5240	1.2044
0.1896	0.4885	0.5240	1.2005
0.1915	0.4878	0.5240	1.1967
0.1935	0.4870	0.5240	1.1926
0.1954	0.4862	0.5240	1.1887
0.1979	0.4873	0.5260	1.1850
0.1999	0.4865	0.5260	1.1809
0.2018	0.4857	0.5260	1.1770
0.2046	0.4868	0.5280	1.1729
0.2064	0.4860	0.5280	1.1692
0.2083	0.4852	0.5280	1.1653
0.2111	0.4862	0.5300	1.1612
0.2129	0.4854	0.5300	1.1574
0.2148	0.4845	0.5300	1.1536
0.2175	0.4855	0.5320	1.1495
0.2194	0.4846	0.5320	1.1457
0.2221	0.4856	0.5340	1.1419
0.2240	0.4847	0.5340	1.1378
0.2259	0.4839	0.5340	1.1340
0.2282	0.4850	0.5360	1.1309
0.2301	0.4841	0.5360	1.1272
0.2320	0.4832	0.5360	1.1231
0.2348	0.4841	0.5380	1.1192
0.2375	0.4850	0.5400	1.1154
0.2377	0.4804	0.5360	1.1114
0.2395	0.4795	0.5360	1.1075
0.2415	0.4785	0.5360	1.1034
0.2442	0.4794	0.5380	1.0996
0.2461	0.4784	0.5380	1.0957
0.2489	0.4792	0.5400	1.0917
0.2508	0.4782	0.5400	1.0879
0.2526	0.4773	0.5400	1.0840
0.2555	0.4780	0.5420	1.0799
0.2582	0.4788	0.5440	1.0762
0.2591	0.4761	0.5420	1.0723
0.2601	0.4732	0.5400	1.0682
0.2629	0.4740	0.5420	1.0644
0.2658	0.4747	0.5440	1.0604
0.2691	0.4774	0.5480	1.0576
0.2710	0.4763	0.5480	1.0536
0.2728	0.4753	0.5480	1.0497
0.2756	0.4760	0.5500	1.0459
0.2776	0.4748	0.5500	1.0418
0.2804	0.4755	0.5520	1.0379
0.2823	0.4743	0.5520	1.0339
0.2852	0.4750	0.5540	1.0301
0.2870	0.4739	0.5540	1.0262
0.2900	0.4744	0.5560	1.0221
0.2918	0.4733	0.5560	1.0184
0.2946	0.4739	0.5580	1.0145
0.2966	0.4727	0.5580	1.0104
0.2989	0.4735	0.5600	1.0077
0.3009	0.4723	0.5600	1.0036
0.3027	0.4712	0.5600	0.9998
0.3057	0.4716	0.5620	0.9957
0.3075	0.4704	0.5620	0.9919
0.3104	0.4709	0.5640	0.9881
0.3123	0.4696	0.5640	0.9840
0.3152	0.4701	0.5660	0.9801
0.3181	0.4706	0.5680	0.9764
0.3200	0.4693	0.5680	0.9723
0.3218	0.4680	0.5680	0.9684
0.3249	0.4683	0.5700	0.9643
0.3274	0.4690	0.5720	0.9613
0.3294	0.4677	0.5720	0.9572
0.3324	0.4680	0.5740	0.9532
0.3343	0.4666	0.5740	0.9491
0.3374	0.4668	0.5760	0.9449
0.3393	0.4655	0.5760	0.9409
0.3424	0.4657	0.5780	0.9368
0.3456	0.4658	0.5800	0.9325
0.3475	0.4644	0.5800	0.9283
0.3506	0.4645	0.5820	0.9242
0.3537	0.4647	0.5840	0.9202
0.3556	0.4632	0.5840	0.9161
0.3582	0.4638	0.5860	0.9131
0.3614	0.4639	0.5880	0.9090
0.3633	0.4624	0.5880	0.9049
0.3665	0.4624	0.5900	0.9005
0.3697	0.4624	0.5920	0.8964
0.3715	0.4609	0.5920	0.8924
0.3747	0.4609	0.5940	0.8883
0.3778	0.4609	0.5960	0.8841
0.3797	0.4594	0.5960	0.8801
0.3829	0.4594	0.5980	0.8760
0.3855	0.4598	0.6000	0.8730
0.3875	0.4581	0.6000	0.8686
0.3907	0.4580	0.6020	0.8645
0.3939	0.4579	0.6040	0.8605
0.3957	0.4563	0.6040	0.8563
0.3989	0.4562	0.6060	0.8522
0.4021	0.4561	0.6080	0.8482
0.4053	0.4559	0.6100	0.8441
0.4072	0.4542	0.6100	0.8400
0.4103	0.4541	0.6120	0.8359
0.4136	0.4538	0.6140	0.8318
0.4164	0.4540	0.6160	0.8285
0.4196	0.4537	0.6180	0.8244
0.4214	0.4520	0.6180	0.8204
0.4247	0.4517	0.6200	0.8163
0.4279	0.4514	0.6220	0.8121
0.4311	0.4511	0.6240	0.8081
0.4343	0.4508	0.6260	0.8040
0.4376	0.4504	0.6280	0.7999
0.4394	0.4487	0.6280	0.7958
0.4426	0.4483	0.6300	0.7917
0.4455	0.4483	0.6320	0.7885
0.4488	0.4478	0.6340	0.7843
0.4520	0.4474	0.6360	0.7802
0.4553	0.4470	0.6380	0.7762
0.4585	0.4465	0.6400	0.7721
0.4633	0.4474	0.6440	0.7679
0.4651	0.4455	0.6440	0.7639
0.4669	0.4436	0.6440	0.7598
0.4702	0.4430	0.6460	0.7557
0.4731	0.4428	0.6480	0.7524
0.4748	0.4409	0.6480	0.7484
0.4781	0.4403	0.6500	0.7443
0.4829	0.4411	0.6540	0.7401
0.4861	0.4404	0.6560	0.7361
0.4894	0.4398	0.6580	0.7320
0.4927	0.4391	0.6600	0.7279
0.4975	0.4397	0.6640	0.7238
0.5019	0.4408	0.6680	0.7206
0.5023	0.4374	0.6660	0.7165
0.5056	0.4366	0.6680	0.7123
0.5088	0.4359	0.6700	0.7083
0.5137	0.4364	0.6740	0.7042
0.5170	0.4355	0.6760	0.7001
0.5203	0.4347	0.6780	0.6960
0.5236	0.4339	0.6800	0.6919
0.5269	0.4330	0.6820	0.6878
0.5299	0.4325	0.6840	0.6845
0.5348	0.4328	0.6880	0.6804
0.5381	0.4319	0.6900	0.6764
0.5414	0.4310	0.6920	0.6723
0.5448	0.4300	0.6940	0.6681
0.5481	0.4290	0.6960	0.6641
0.5530	0.4292	0.7000	0.6600
0.5563	0.4281	0.7020	0.6559
0.5593	0.4275	0.7040	0.6526
0.5642	0.4277	0.7080	0.6486
0.5676	0.4265	0.7100	0.6445
0.5709	0.4254	0.7120	0.6403
0.5759	0.4255	0.7160	0.6363
0.5792	0.4243	0.7180	0.6322
0.5842	0.4242	0.7220	0.6281
0.5872	0.4235	0.7240	0.6248
0.5906	0.4222	0.7260	0.6207
0.5955	0.4222	0.7300	0.6167
0.5989	0.4209	0.7320	0.6125
0.6039	0.4207	0.7360	0.6084
0.6073	0.4194	0.7380	0.6044
0.6123	0.4191	0.7420	0.6003
0.6170	0.4194	0.7460	0.5970
0.6203	0.4179	0.7480	0.5929
0.6253	0.4177	0.7520	0.5889
0.6287	0.4162	0.7540	0.5847
0.6338	0.4158	0.7580	0.5806
0.6388	0.4154	0.7620	0.5766
0.6421	0.4140	0.7640	0.5728
0.6471	0.4135	0.7680	0.5686
0.6518	0.4138	0.7720	0.5657
0.6568	0.4132	0.7760	0.5615
0.6619	0.4127	0.7800	0.5575
0.6669	0.4122	0.7840	0.5537
0.6703	0.4105	0.7860	0.5495
0.6754	0.4098	0.7900	0.5454
0.6800	0.4099	0.7940	0.5425
0.6851	0.4091	0.7980	0.5383
0.6901	0.4086	0.8020	0.5346
0.6952	0.4078	0.8060	0.5305
0.7004	0.4069	0.8100	0.5263
0.7054	0.4062	0.8140	0.5225
0.7105	0.4054	0.8180	0.5185
0.7152	0.4052	0.8220	0.5154
0.7203	0.4042	0.8260	0.5114
0.7254	0.4034	0.8300	0.5076
0.7323	0.4033	0.8360	0.5034
0.7374	0.4023	0.8400	0.4994
0.7426	0.4011	0.8440	0.4953
0.7473	0.4008	0.8480	0.4923
0.7541	0.4008	0.8540	0.4885
0.7593	0.3995	0.8580	0.4844
0.7645	0.3983	0.8620	0.4803
0.7695	0.3972	0.8660	0.4765
0.7765	0.3968	0.8720	0.4724
0.7817	0.3954	0.8760	0.4682
0.7882	0.3957	0.8820	0.4653
0.7934	0.3943	0.8860	0.4612
0.8003	0.3939	0.8920	0.4574
0.8055	0.3924	0.8960	0.4533
0.8125	0.3917	0.9020	0.4492
0.8194	0.3911	0.9080	0.4453
0.8242	0.3904	0.9120	0.4424
0.8312	0.3896	0.9180	0.4383
0.8383	0.3887	0.9240	0.4342
0.8434	0.3872	0.9280	0.4304
0.8504	0.3862	0.9340	0.4263
0.8574	0.3852	0.9400	0.4222
0.8641	0.3850	0.9460	0.4192
0.8730	0.3848	0.9540	0.4151
0.8781	0.3830	0.9580	0.4113
0.8852	0.3818	0.9640	0.4072
0.8922	0.3805	0.9700	0.4031
0.8992	0.3795	0.9760	0.3993
0.9063	0.3781	0.9820	0.3952
0.9148	0.3784	0.9900	0.3922
0.9219	0.3769	0.9960	0.3881
0.5745	-0.8161	0.9980	-0.9574
0.5691	-0.8150	0.9940	-0.9612
0.5634	-0.8140	0.9900	-0.9654
0.5580	-0.8129	0.9860	-0.9692
0.5536	-0.8135	0.9840	-0.9732
0.5473	-0.8129	0.9800	-0.9782
0.5421	-0.8116	0.9760	-0.9819
0.5365	-0.8105	0.9720	-0.9861
0.5323	-0.8109	0.9700	-0.9899
0.5268	-0.8097	0.9660	-0.9940
0.5227	-0.8100	0.9640	-0.9978
0.5172	-0.8088	0.9600	-1.0019
0.5119	-0.8074	0.9560	-1.0057
0.5078	-0.8076	0.9540	-1.0096
0.5034	-0.8080	0.9520	-1.0136
0.4993	-0.8082	0.9500	-1.0174
0.4939	-0.8069	0.9460	-1.0215
0.4868	-0.8041	0.9400	-1.0264
0.4817	-0.8026	0.9360	-1.0303
0.4774	-0.8028	0.9340	-1.0343
0.4733	-0.8029	0.9320	-1.0381
0.4680	-0.8014	0.9280	-1.0422
0.4639	-0.8014	0.9260	-1.0461
0.4587	-0.7998	0.9220	-1.0501
0.4546	-0.7998	0.9200	-1.0539
0.4503	-0.8000	0.9180	-1.0581
0.4463	-0.7999	0.9160	-1.0619
0.4413	-0.7981	0.9120	-1.0657
0.4352	-0.7969	0.9080	-1.0709
0.4313	-0.7968	0.9060	-1.0746
0.4273	-0.7966	0.9040	-1.0785
0.4221	-0.7949	0.9000	-1.0826
0.4181	-0.7947	0.8980	-1.0864
0.4140	-0.7946	0.8960	-1.0905
0.4091	-0.7926	0.8920	-1.0943
0.4049	-0.7925	0.8900	-1.0984
0.4010	-0.7923	0.8880	-1.1023
0.3969	-0.7921	0.8860	-1.1063
0.3921	-0.7901	0.8820	-1.1101
0.3880	-0.7899	0.8800	-1.1142
0.3832	-0.7900	0.8780	-1.1191
0.3793	-0.7896	0.8760	-1.1230
0.3754	-0.7893	0.8740	-1.1268
0.3714	-0.7890	0.8720	-1.1308
0.3667	-0.7867	0.8680	-1.1347
0.3626	-0.7864	0.8660	-1.1388
0.3587	-0.7860	0.8640	-1.1426
0.3556	-0.7874	0.8640	-1.1467
0.3517	-0.7870	0.8620	-1.1505
0.3469	-0.7848	0.8580	-1.1546
0.3431	-0.7843	0.8560	-1.1584
0.3391	-0.7838	0.8540	-1.1625
0.3353	-0.7832	0.8520	-1.1663
0.3313	-0.7828	0.8500	-1.1704
0.3275	-0.7822	0.8480	-1.1743
0.3245	-0.7834	0.8480	-1.1781
0.3192	-0.7813	0.8440	-1.1830
0.3153	-0.7807	0.8420	-1.1870
0.3115	-0.7801	0.8400	-1.1908
0.3076	-0.7795	0.8380	-1.1950
0.3039	-0.7788	0.8360	-1.1988
0.3000	-0.7782	0.8340	-1.2028
0.2963	-0.7774	0.8320	-1.2067
0.2931	-0.7787	0.8320	-1.2108
0.2894	-0.7779	0.8300	-1.2146
0.2856	-0.7772	0.8280	-1.2187
0.2819	-0.7764	0.8260	-1.2225
0.2780	-0.7757	0.8240	-1.2266
0.2744	-0.7748	0.8220	-1.2304
0.2708	-0.7740	0.8200	-1.2342
0.2663	-0.7734	0.8180	-1.2392
0.2632	-0.7745	0.8180	-1.2432
0.2596	-0.7736	0.8160	-1.2470
0.2558	-0.7728	0.8140	-1.2512
0.2522	-0.7718	0.8120	-1.2550
0.2485	-0.7709	0.8100	-1.2590
0.2449	-0.7700	0.8080	-1.2628
0.2411	-0.7691	0.8060	-1.2670
0.2376	-0.7681	0.8040	-1.2708
0.2345	-0.7690	0.8040	-1.2748
0.2315	-0.7699	0.8040	-1.2787
0.2278	-0.7690	0.8020	-1.2828
0.2243	-0.7679	0.8000	-1.2866
0.2209	-0.7668	0.7980	-1.2904
0.2172	-0.7658	0.7960	-1.2945
0.2137	-0.7647	0.7940	-1.2983
0.2105	-0.7656	0.7940	-1.3024
0.2063	-0.7647	0.7920	-1.3073
0.2028	-0.7635	0.7900	-1.3112
0.1997	-0.7643	0.7900	-1.3152
0.1968	-0.7651	0.7900	-1.3190
0.1927	-0.7620	0.7860	-1.3232
0.1893	-0.7608	0.7840	-1.3270
0.1867	-0.7635	0.7860	-1.3310
0.1828	-0.7603	0.7820	-1.3349
0.1787	-0.7572	0.7780	-1.3390
0.1758	-0.7579	0.7780	-1.3428
0.1732	-0.7605	0.7800	-1.3468
0.1697	-0.7593	0.7780	-1.3510
0.1665	-0.7600	0.7780	-1.3551
0.1635	-0.7606	0.7780	-1.3591
0.1603	-0.7613	0.7780	-1.3632
0.1568	-0.7600	0.7760	-1.3674
0.1533	-0.7587	0.7740	-1.3714
0.1502	-0.7593	0.7740	-1.3755
0.1477	-0.7618	0.7760	-1.3793
0.1435	-0.7565	0.7700	-1.3834
0.1388	-0.7533	0.7660	-1.3885
0.1354	-0.7519	0.7640	-1.3927
0.1323	-0.7525	0.7640	-1.3968
0.1286	-0.7490	0.7600	-1.4008
0.1254	-0.7476	0.7580	-1.4046
0.1220	-0.7461	0.7560	-1.4088
0.1179	-0.7407	0.7500	-1.4129
0.1150	-0.7411	0.7500	-1.4169
0.1125	-0.7456	0.7540	-1.4210
0.1097	-0.7480	0.7560	-1.4252
0.1067	-0.7484	0.7560	-1.4292
0.1033	-0.7469	0.7540	-1.4333
0.1003	-0.7473	0.7540	-1.4374
0.0970	-0.7457	0.7520	-1.4415
0.0941	-0.7461	0.7520	-1.4453
0.0908	-0.7445	0.7500	-1.4494
0.0878	-0.7448	0.7500	-1.4534
0.0847	-0.7452	0.7500	-1.4576
0.0814	-0.7436	0.7480	-1.4617
0.0785	-0.7439	0.7480	-1.4657
0.0754	-0.7442	0.7480	-1.4698
0.0723	-0.7445	0.7480	-1.4740
0.0691	-0.7428	0.7460	-1.4780
0.0663	-0.7430	0.7460	-1.4818
0.0623	-0.7414	0.7440	-1.4870
0.0592	-0.7416	0.7440	-1.4911
0.0562	-0.7419	0.7440	-1.4952
0.0532	-0.7421	0.7440	-1.4993
0.0500	-0.7403	0.7420	-1.5034
0.0471	-0.7405	0.7420	-1.5072
0.0440	-0.7387	0.7400	-1.5113
0.0409	-0.7369	0.7380	-1.5154
0.0378	-0.7370	0.7380	-1.5195
0.0349	-0.7372	0.7380	-1.5235
0.0318	-0.7373	0.7380	-1.5277
0.0288	-0.7374	0.7380	-1.5318
0.0258	-0.7355	0.7360	-1.5358
0.0228	-0.7376	0.7380	-1.5399
0.0199	-0.7357	0.7360	-1.5438
0.0169	-0.7358	0.7360	-1.5479
0.0139	-0.7339	0.7340	-1.5519
0.0108	-0.7339	0.7340	-1.5560
0.0078	-0.7340	0.7340	-1.5602
0.0049	-0.7340	0.7340	-1.5642
0.0018	-0.7340	0.7340	-1.5683
-0.0012	-0.7320	0.7320	-1.5724
-0.0041	-0.7320	0.7320	-1.5765
-0.0072	-0.7320	0.7320	-1.5806
-0.0100	-0.7319	0.7320	-1.5844
-0.0129	-0.7319	0.7320	-1.5884
-0.0159	-0.7318	0.7320	-1.5926
-0.0189	-0.7318	0.7320	-1.5967
-0.0218	-0.7297	0.7300	-1.6007
-0.0248	-0.7296	0.7300	-1.6048
-0.0278	-0.7295	0.7300	-1.6090
-0.0308	-0.7294	0.7300	-1.6130
-0.0338	-0.7292	0.7300	-1.6171
-0.0366	-0.7291	0.7300	-1.6209
-0.0395	-0.7269	0.7280	-1.6251
-0.0424	-0.7268	0.7280	-1.6291
-0.0454	-0.7266	0.7280	-1.6332
-0.0484	-0.7264	0.7280	-1.6373
-0.0513	-0.7262	0.7280	-1.6414
-0.0543	-0.7260	0.7280	-1.6455
-0.0573	-0.7257	0.7280	-1.6496
-0.0602	-0.7255	0.7280	-1.6536
-0.0632	-0.7252	0.7280	-1.6578
-0.0662	-0.7270	0.7300	-1.6616
-0.0693	-0.7287	0.7320	-1.6656
-0.0723	-0.7284	0.7320	-1.6697
-0.0753	-0.7281	0.7320	-1.6739
-0.0782	-0.7278	0.7320	-1.6779
-0.0812	-0.7275	0.7320	-1.6820
-0.0835	-0.7212	0.7260	-1.6861
-0.0864	-0.7148	0.7200	-1.6910
-0.0893	-0.7144	0.7200	-1.6951
-0.0924	-0.7161	0.7220	-1.6992
-0.0949	-0.7178	0.7240	-1.7022
-0.0983	-0.7153	0.7220	-1.7074
-0.1012	-0.7149	0.7220	-1.7114
-0.1042	-0.7144	0.7220	-1.7156
-0.1071	-0.7140	0.7220	-1.7197
-0.1095	-0.7157	0.7240	-1.7227
-0.1125	-0.7152	0.7240	-1.7268
-0.1154	-0.7148	0.7240	-1.7308
-0.1186	-0.7162	0.7260	-1.7349
-0.1214	-0.7158	0.7260	-1.7388
-0.1243	-0.7153	0.7260	-1.7428
-0.1272	-0.7148	0.7260	-1.7469
-0.1301	-0.7142	0.7260	-1.7510
-0.1330	-0.7137	0.7260	-1.7551
-0.1360	-0.7132	0.7260	-1.7592
-0.1383	-0.7107	0.7240	-1.7630
-0.1416	-0.7121	0.7260	-1.7671
-0.1445	-0.7115	0.7260	-1.7712
-0.1478	-0.7128	0.7280	-1.7753
-0.1508	-0.7122	0.7280	-1.7794
-0.1536	-0.7116	0.7280	-1.7834
-0.1566	-0.7110	0.7280	-1.7876
-0.1593	-0.7104	0.7280	-1.7914
-0.1622	-0.7097	0.7280	-1.7954
-0.1651	-0.7090	0.7280	-1.7996
-0.1680	-0.7083	0.7280	-1.8037
-0.1709	-0.7077	0.7280	-1.8077
-0.1738	-0.7070	0.7280	-1.8118
-0.1765	-0.7063	0.7280	-1.8157
-0.1798	-0.7075	0.7300	-1.8197
-0.1827	-0.7068	0.7300	-1.8238
-0.1856	-0.7060	0.7300	-1.8279
-0.1885	-0.7052	0.7300	-1.8320
-0.1914	-0.7045	0.7300	-1.8361
-0.1946	-0.7057	0.7320	-1.8399
-0.1975	-0.7048	0.7320	-1.8440
-0.2004	-0.7040	0.7320	-1.8481
-0.2033	-0.7032	0.7320	-1.8522
-0.2062	-0.7024	0.7320	-1.8563
-0.2090	-0.7015	0.7320	-1.8603
-0.2125	-0.7026	0.7340	-1.8645
-0.2152	-0.7018	0.7340	-1.8683
-0.2180	-0.7009	0.7340	-1.8723
-0.2209	-0.7000	0.7340	-1.8764
-0.2244	-0.7010	0.7360	-1.8806
-0.2272	-0.7001	0.7360	-1.8846
-0.2301	-0.6991	0.7360	-1.8887
-0.2327	-0.6982	0.7360	-1.8925
-0.2356	-0.6973	0.7360	-1.8967
-0.2391	-0.6982	0.7380	-1.9007
-0.2420	-0.6972	0.7380	-1.9048
-0.2448	-0.6962	0.7380	-1.9089
-0.2483	-0.6971	0.7400	-1.9130
-0.2512	-0.6961	0.7400	-1.9171
-0.2538	-0.6951	0.7400	-1.9209
-0.2566	-0.6941	0.7400	-1.9250
-0.2602	-0.6949	0.7420	-1.9291
-0.2638	-0.6957	0.7440	-1.9332
-0.2666	-0.6946	0.7440	-1.9372
-0.2694	-0.6935	0.7440	-1.9413
-0.2721	-0.6925	0.7440	-1.9452
-0.2751	-0.6934	0.7460	-1.9484
-0.2779	-0.6923	0.7460	-1.9526
-0.2806	-0.6912	0.7460	-1.9564
-0.2834	-0.6901	0.7460	-1.9604
-0.2870	-0.6908	0.7480	-1.9646
-0.2898	-0.6896	0.7480	-1.9687
-0.2926	-0.6884	0.7480	-1.9727
-0.2954	-0.6872	0.7480	-1.9768
-0.2989	-0.6879	0.7500	-1.9807
-0.3016	-0.6867	0.7500	-1.9847
-0.3053	-0.6873	0.7520	-1.9888
-0.3089	-0.6878	0.7540	-1.9929
-0.3117	-0.6866	0.7540	-1.9970
-0.3153	-0.6871	0.7560	-2.0011
-0.3180	-0.6859	0.7560	-2.0049
-0.3217	-0.6864	0.7580	-2.0090
-0.3244	-0.6851	0.7580	-2.0131
-0.3281	-0.6855	0.7600	-2.0172
-0.3309	-0.6842	0.7600	-2.0213
-0.3346	-0.6846	0.7620	-2.0253
-0.3374	-0.6832	0.7620	-2.0295
-0.3400	-0.6819	0.7620	-2.0333
-0.3436	-0.6824	0.7640	-2.0373
-0.3474	-0.6827	0.7660	-2.0414
-0.3502	-0.6813	0.7660	-2.0456
-0.3529	-0.6799	0.7660	-2.0496
-0.3566	-0.6802	0.7680	-2.0537
-0.3596	-0.6809	0.7700	-2.0567
-0.3624	-0.6794	0.7700	-2.0608
-0.3661	-0.6797	0.7720	-2.0649
-0.3687	-0.6783	0.7720	-2.0687
-0.3724	-0.6785	0.7740	-2.0728
-0.3752	-0.6770	0.7740	-2.0769
-0.3789	-0.6772	0.7760	-2.0809
-0.3817	-0.6756	0.7760	-2.0851
-0.3855	-0.6758	0.7780	-2.0892
-0.3881	-0.6743	0.7780	-2.0930
-0.3918	-0.6745	0.7800	-2.0970
-0.3966	-0.6763	0.7840	-2.1012
-0.3994	-0.6747	0.7840	-2.1053
-0.4031	-0.6748	0.7860	-2.1093
-0.4069	-0.6748	0.7880	-2.1134
-0.4097	-0.6731	0.7880	-2.1176
-0.4133	-0.6733	0.7900	-2.1213
-0.4160	-0.6716	0.7900	-2.1254
-0.4188	-0.6699	0.7900	-2.1295
-0.4226	-0.6699	0.7920	-2.1336
-0.4268	-0.6719	0.7960	-2.1366
-0.4284	-0.6685	0.7940	-2.1407
-0.4311	-0.6668	0.7940	-2.1448
-0.4350	-0.6666	0.7960	-2.1489
-0.4377	-0.6649	0.7960	-2.1529
-0.4424	-0.6665	0.8000	-2.1568
-0.4452	-0.6647	0.8000	-2.1609
-0.4490	-0.6645	0.8020	-2.1650
-0.4528	-0.6644	0.8040	-2.1690
-0.4567	-0.6641	0.8060	-2.1732
-0.4594	-0.6622	0.8060	-2.1773
-0.4619	-0.6605	0.8060	-2.1810
-0.4669	-0.6619	0.8100	-2.1852
-0.4696	-0.6600	0.8100	-2.1893
-0.4723	-0.6581	0.8100	-2.1933
-0.4773	-0.6593	0.8140	-2.1974
-0.4824	-0.6606	0.8180	-2.2016
-0.4851	-0.6587	0.8180	-2.2056
-0.4883	-0.6588	0.8200	-2.2086
-0.4921	-0.6584	0.8220	-2.2127
-0.4959	-0.6581	0.8240	-2.2165
-0.4986	-0.6561	0.8240	-2.2206
-0.5024	-0.6556	0.8260	-2.2247
-0.5063	-0.6551	0.8280	-2.2288
-0.5090	-0.6530	0.8280	-2.2329
-0.5129	-0.6526	0.8300	-2.2369
-0.5168	-0.6520	0.8320	-2.2411
-0.5206	-0.6516	0.8340	-2.2449
-0.5245	-0.6510	0.8360	-2.2490
-0.5284	-0.6504	0.8380	-2.2530
-0.5323	-0.6498	0.8400	-2.2572
-0.5363	-0.6491	0.8420	-2.2613
-0.5414	-0.6500	0.8460	-2.2653
-0.5447	-0.6499	0.8480	-2.2684
-0.5473	-0.6477	0.8480	-2.2724
-0.5513	-0.6470	0.8500	-2.2765
-0.5538	-0.6449	0.8500	-2.2804
-0.5590	-0.6456	0.8540	-2.2844
-0.5630	-0.6448	0.8560	-2.2885
-0.5669	-0.6440	0.8580	-2.2926
-0.5709	-0.6432	0.8600	-2.2967
-0.5748	-0.6424	0.8620	-2.3008
-0.5800	-0.6431	0.8660	-2.3046
-0.5826	-0.6407	0.8660	-2.3087
-0.5865	-0.6398	0.8680	-2.3128
-0.5919	-0.6404	0.8720	-2.3169
-0.5959	-0.6394	0.8740	-2.3210
-0.5985	-0.6370	0.8740	-2.3250
-0.6038	-0.6374	0.8780	-2.3292
-0.6071	-0.6370	0.8800	-2.3321
-0.6111	-0.6360	0.8820	-2.3363
-0.6149	-0.6351	0.8840	-2.3401
-0.6203	-0.6355	0.8880	-2.3441
-0.6243	-0.6343	0.8900	-2.3482
-0.6283	-0.6332	0.8920	-2.3524
-0.6323	-0.6320	0.8940	-2.3564
-0.6377	-0.6322	0.8980	-2.3605
-0.6417	-0.6310	0.9000	-2.3646
-0.6456	-0.6299	0.9020	-2.3685
-0.6510	-0.6301	0.9060	-2.3725
-0.6550	-0.6288	0.9080	-2.3766
-0.6591	-0.6275	0.9100	-2.3807
-0.6624	-0.6269	0.9120	-2.3837
-0.6664	-0.6256	0.9140	-2.3877
-0.6719	-0.6256	0.9180	-2.3919
-0.6759	-0.6241	0.9200	-2.3960
-0.6799	-0.6228	0.9220	-2.4000
-0.6852	-0.6228	0.9260	-2.4038
-0.6908	-0.6227	0.9300	-2.4080
-0.6948	-0.6212	0.9320	-2.4121
-0.6988	-0.6197	0.9340	-2.4161
-0.7029	-0.6181	0.9360	-2.4202
-0.7084	-0.6179	0.9400	-2.4244
-0.7137	-0.6178	0.9440	-2.4281
-0.7188	-0.6180	0.9480	-2.4315
-0.7228	-0.6164	0.9500	-2.4355
-0.7283	-0.6162	0.9540	-2.4393
-0.7323	-0.6145	0.9560	-2.4434
-0.7379	-0.6141	0.9600	-2.4475
-0.7419	-0.6124	0.9620	-2.4516
-0.7476	-0.6118	0.9660	-2.4557
-0.7531	-0.6113	0.9700	-2.4597
-0.7586	-0.6109	0.9740	-2.4636
-0.7626	-0.6091	0.9760	-2.4677
-0.7683	-0.6084	0.9800	-2.4718
-0.7732	-0.6086	0.9840	-2.4748
-0.7773	-0.6066	0.9860	-2.4789
-0.7829	-0.6059	0.9900	-2.4829
-0.7902	-0.6064	0.9960	-2.4871
-0.5689	-0.1487	0.5880	-2.8860
-0.5714	-0.1470	0.5900	-2.8898
-0.5701	-0.1441	0.5880	-2.8940
-0.5706	-0.1418	0.5880	-2.8980
-0.5693	-0.1388	0.5860	-2.9024
-0.5699	-0.1365	0.5860	-2.9065
-0.5686	-0.1332	0.5840	-2.9114
-0.5710	-0.1318	0.5860	-2.9147
-0.5735	-0.1299	0.5880	-2.9188
-0.5759	-0.1281	0.5900	-2.9228
-0.5784	-0.1261	0.5920	-2.9269
-0.5848	-0.1250	0.5980	-2.9311
-0.5891	-0.1241	0.6020	-2.9340
-0.5955	-0.1227	0.6080	-2.9383
-0.6019	-0.1215	0.6140	-2.9425
-0.6081	-0.1208	0.6200	-2.9454
-0.6145	-0.1195	0.6260	-2.9496
-0.6189	-0.1177	0.6300	-2.9537
-0.6272	-0.1171	0.6380	-2.9569
-0.6335	-0.1157	0.6440	-2.9610
-0.6417	-0.1152	0.6520	-2.9640
-0.6481	-0.1136	0.6580	-2.9681
-0.6545	-0.1120	0.6640	-2.9722
-0.6627	-0.1111	0.6720	-2.9754
-0.6691	-0.1094	0.6780	-2.9796
-0.6773	-0.1087	0.6860	-2.9825
-0.6857	-0.1071	0.6940	-2.9867
-0.6921	-0.1052	0.7000	-2.9908
-0.7003	-0.1041	0.7080	-2.9940
-0.7086	-0.1024	0.7160	-2.9981
-0.7169	-0.1012	0.7240	-3.0013
-0.7252	-0.0993	0.7320	-3.0055
-0.7336	-0.0974	0.7400	-3.0096
-0.7438	-0.0965	0.7500	-3.0125
-0.7521	-0.0944	0.7580	-3.0167
-0.7624	-0.0926	0.7680	-3.0207
-0.7726	-0.0912	0.7780	-3.0241
-0.7711	-0.0866	0.7760	-3.0297
-0.7814	-0.0848	0.7860	-3.0335
-0.7936	-0.0837	0.7980	-3.0365
-0.8039	-0.0814	0.8080	-3.0406
-0.8142	-0.0791	0.8180	-3.0448
-0.8263	-0.0778	0.8300	-3.0477
-0.8386	-0.0755	0.8420	-3.0519
-0.8488	-0.0738	0.8520	-3.0548
-0.8611	-0.0713	0.8640	-3.0589
-0.8733	-0.0688	0.8760	-3.0630
-0.8855	-0.0670	0.8880	-3.0660
-0.8977	-0.0646	0.9000	-3.0698
-0.9119	-0.0625	0.9140	-3.0731
-0.9261	-0.0600	0.9280	-3.0769
-0.9403	-0.0570	0.9420	-3.0810
-0.9544	-0.0551	0.9560	-3.0840
-0.9706	-0.0520	0.9720	-3.0881
-0.9867	-0.0499	0.9880	-3.0911
-0.6054	-0.0261	0.6060	-3.0984
-0.6035	-0.0236	0.6040	-3.1026
-0.6036	-0.0212	0.6040	-3.1064
-0.6037	-0.0188	0.6040	-3.1104
-0.6058	-0.0166	0.6060	-3.1143
-0.6038	-0.0140	0.6040	-3.1184
-0.6039	-0.0117	0.6040	-3.1222
-0.6039	-0.0093	0.6040	-3.1263
-0.6040	-0.0069	0.6040	-3.1301
-0.6020	-0.0044	0.6020	-3.1342
-0.6020	-0.0021	0.6020	-3.1380
-0.5490	-0.0324	0.5500	-3.0826
-0.5472	-0.0300	0.5480	-3.0868
-0.5473	-0.0278	0.5480	-3.0908
-0.5494	-0.0258	0.5500	-3.0946
-0.5495	-0.0236	0.5500	-3.0987
-0.5476	-0.0212	0.5480	-3.1029
-0.5477	-0.0192	0.5480	-3.1066
-0.5477	-0.0169	0.5480	-3.1107
-0.5458	-0.0142	0.5460	-3.1156
-0.5459	-0.0119	0.5460	-3.1197
-0.5459	-0.0097	0.5460	-3.1239
-0.5459	-0.0075	0.5460	-3.1279
-0.5460	-0.0054	0.5460	-3.1317
-0.5460	-0.0031	0.5460	-3.1358
-0.5460	-0.0009	0.5460	-3.1399
