x	y	r	phi
-0.7640	0.0026	0.7640	3.1381
-0.7640	0.0058	0.7640	3.1340
-0.7640	0.0087	0.7640	3.1302
-0.7639	0.0119	0.7640	3.1261
-0.7639	0.0147	0.7640	3.1223
-0.7638	0.0179	0.7640	3.1182
-0.7637	0.0208	0.7640	3.1144
-0.7636	0.0239	0.7640	3.1102
-0.7635	0.0268	0.7640	3.1065
-0.7634	0.0300	0.7640	3.1024
-0.7633	0.0329	0.7640	3.0985
-0.7632	0.0360	0.7640	3.0944
-0.7610	0.0388	0.7620	3.0907
-0.7608	0.0419	0.7620	3.0866
-0.7607	0.0448	0.7620	3.0827
-0.7625	0.0481	0.7640	3.0786
-0.7623	0.0512	0.7640	3.0746
-0.7621	0.0541	0.7640	3.0707
-0.7619	0.0572	0.7640	3.0666
-0.7616	0.0601	0.7640	3.0628
-0.7614	0.0632	0.7640	3.0588
-0.7611	0.0661	0.7640	3.0549
-0.7609	0.0693	0.7640	3.0508
-0.7586	0.0721	0.7620	3.0468
-0.7583	0.0753	0.7620	3.0427
-0.7599	0.0786	0.7640	3.0385
-0.7596	0.0817	0.7640	3.0345
-0.7593	0.0846	0.7640	3.0307
-0.7589	0.0877	0.7640	3.0265
-0.7586	0.0908	0.7640	3.0224
-0.7582	0.0939	0.7640	3.0184
-0.7578	0.0970	0.7640	3.0143
-0.7574	0.1001	0.7640	3.0101
-0.7570	0.1032	0.7640	3.0061
-0.7566	0.1063	0.7640	3.0020
-0.7561	0.1094	0.7640	2.9979
-0.7557	0.1122	0.7640	2.9941
-0.7572	0.1157	0.7660	2.9900
-0.7587	0.1191	0.7680	2.9859
-0.7562	0.1218	0.7660	2.9819
-0.7557	0.1249	0.7660	2.9777
-0.7552	0.1281	0.7660	2.9736
-0.7547	0.1311	0.7660	2.9696
-0.7561	0.1346	0.7680	2.9655
-0.7556	0.1375	0.7680	2.9616
-0.7550	0.1406	0.7680	2.9575
-0.7545	0.1436	0.7680	2.9535
-0.7539	0.1467	0.7680	2.9494
-0.7554	0.1494	0.7700	2.9464
-0.7548	0.1525	0.7700	2.9423
-0.7541	0.1555	0.7700	2.9382
-0.7535	0.1586	0.7700	2.9341
-0.7528	0.1617	0.7700	2.9300
-0.7522	0.1647	0.7700	2.9260
-0.7515	0.1678	0.7700	2.9218
-0.7527	0.1714	0.7720	2.9177
-0.7520	0.1744	0.7720	2.9137
-0.7514	0.1773	0.7720	2.9099
-0.7506	0.1804	0.7720	2.9057
-0.7518	0.1840	0.7740	2.9016
-0.7491	0.1865	0.7720	2.8976
-0.7503	0.1901	0.7740	2.8935
-0.7514	0.1937	0.7760	2.8893
-0.7507	0.1967	0.7760	2.8853
-0.7498	0.1998	0.7760	2.8812
-0.7491	0.2027	0.7760	2.8774
-0.7482	0.2057	0.7760	2.8733
-0.7493	0.2093	0.7780	2.8692
-0.7484	0.2124	0.7780	2.8651
-0.7495	0.2160	0.7800	2.8611
-0.7486	0.2190	0.7800	2.8569
-0.7477	0.2221	0.7800	2.8528
-0.7468	0.2251	0.7800	2.8488
-0.7459	0.2282	0.7800	2.8447
-0.7469	0.2317	0.7820	2.8408
-0.7459	0.2347	0.7820	2.8367
-0.7469	0.2383	0.7840	2.8327
-0.7459	0.2414	0.7840	2.8286
-0.7468	0.2451	0.7860	2.8244
-0.7458	0.2481	0.7860	2.8204
-0.7448	0.2512	0.7860	2.8163
-0.7456	0.2549	0.7880	2.8122
-0.7446	0.2579	0.7880	2.8081
-0.7436	0.2608	0.7880	2.8043
-0.7444	0.2645	0.7900	2.8002
-0.7433	0.2675	0.7900	2.7962
-0.7441	0.2712	0.7920	2.7920
-0.7430	0.2743	0.7920	2.7879
-0.7419	0.2773	0.7920	2.7839
-0.7429	0.2803	0.7940	2.7808
-0.7436	0.2840	0.7960	2.7768
-0.7424	0.2870	0.7960	2.7727
-0.7431	0.2908	0.7980	2.7685
-0.7419	0.2938	0.7980	2.7645
-0.7407	0.2969	0.7980	2.7604
-0.7414	0.3005	0.8000	2.7566
-0.7402	0.3035	0.8000	2.7524
-0.7408	0.3073	0.8020	2.7484
-0.7395	0.3103	0.8020	2.7443
-0.7401	0.3141	0.8040	2.7402
-0.7407	0.3179	0.8060	2.7361
-0.7393	0.3210	0.8060	2.7320
-0.7380	0.3240	0.8060	2.7279
-0.7385	0.3278	0.8080	2.7239
-0.7373	0.3306	0.8080	2.7200
-0.7377	0.3345	0.8100	2.7159
-0.7382	0.3383	0.8120	2.7119
-0.7386	0.3422	0.8140	2.7078
-0.7372	0.3452	0.8140	2.7036
-0.7376	0.3490	0.8160	2.6996
-0.7361	0.3521	0.8160	2.6955
-0.7365	0.3560	0.8180	2.6914
-0.7372	0.3590	0.8200	2.6884
-0.7357	0.3621	0.8200	2.6843
-0.7361	0.3659	0.8220	2.6802
-0.7363	0.3698	0.8240	2.6761
-0.7349	0.3727	0.8240	2.6723
-0.7352	0.3765	0.8260	2.6683
-0.7336	0.3796	0.8260	2.6641
-0.7338	0.3835	0.8280	2.6600
-0.7340	0.3874	0.8300	2.6560
-0.7343	0.3911	0.8320	2.6522
-0.7327	0.3942	0.8320	2.6480
-0.7328	0.3981	0.8340	2.6439
-0.7330	0.4021	0.8360	2.6399
-0.7331	0.4060	0.8380	2.6358
-0.7332	0.4098	0.8400	2.6319
-0.7316	0.4128	0.8400	2.6279
-0.7316	0.4168	0.8420	2.6238
-0.7316	0.4208	0.8440	2.6197
-0.7300	0.4236	0.8440	2.6158
-0.7300	0.4275	0.8460	2.6118
-0.7304	0.4308	0.8480	2.6087
-0.7304	0.4347	0.8500	2.6047
-0.7303	0.4388	0.8520	2.6006
-0.7302	0.4428	0.8540	2.5965
-0.7303	0.4466	0.8560	2.5927
-0.7301	0.4507	0.8580	2.5886
-0.7300	0.4547	0.8600	2.5845
-0.7298	0.4587	0.8620	2.5804
-0.7279	0.4617	0.8620	2.5763
-0.7278	0.4656	0.8640	2.5725
-0.7276	0.4697	0.8660	2.5684
-0.7274	0.4737	0.8680	2.5643
-0.7271	0.4778	0.8700	2.5602
-0.7269	0.4817	0.8720	2.5564
-0.7266	0.4857	0.8740	2.5524
-0.7263	0.4898	0.8760	2.5482
-0.7259	0.4939	0.8780	2.5441
-0.7261	0.4972	0.8800	2.5411
-0.7257	0.5013	0.8820	2.5370
-0.7254	0.5052	0.8840	2.5333
-0.7250	0.5093	0.8860	2.5292
-0.7245	0.5135	0.8880	2.5250
-0.7240	0.5175	0.8900	2.5210
-0.7237	0.5215	0.8920	2.5172
-0.7231	0.5256	0.8940	2.5130
-0.7226	0.5298	0.8960	2.5089
-0.7237	0.5351	0.9000	2.5049
-0.7230	0.5393	0.9020	2.5008
-0.7226	0.5432	0.9040	2.4969
-0.7220	0.5473	0.9060	2.4929
-0.7213	0.5515	0.9080	2.4888
-0.7206	0.5557	0.9100	2.4847
-0.7205	0.5591	0.9120	2.4817
-0.7214	0.5645	0.9160	2.4776
-0.7208	0.5685	0.9180	2.4737
-0.7200	0.5727	0.9200	2.4697
-0.7192	0.5769	0.9220	2.4656
-0.7184	0.5811	0.9240	2.4615
-0.7154	0.5880	0.9260	2.4536
-0.7081	0.5967	0.9260	2.4413
-0.7012	0.5956	0.9200	2.4375
-0.6957	0.5958	0.9160	2.4334
-0.6903	0.5960	0.9120	2.4293
-0.6828	0.5954	0.9060	2.4245
-0.6759	0.5943	0.9000	2.4203
-0.6704	0.5944	0.8960	2.4162
-0.6650	0.5945	0.8920	2.4122
-0.6598	0.5943	0.8880	2.4083
-0.6544	0.5943	0.8840	2.4042
-0.6490	0.5943	0.8800	2.4001
-0.6431	0.5948	0.8760	2.3952
-0.6378	0.5946	0.8720	2.3912
-0.6310	0.5932	0.8660	2.3871
-0.6256	0.5930	0.8620	2.3829
-0.6219	0.5940	0.8600	2.3791
-0.6152	0.5924	0.8540	2.3751
-0.6098	0.5921	0.8500	2.3710
-0.6060	0.5932	0.8480	2.3668
-0.6002	0.5934	0.8440	2.3619
-0.5950	0.5929	0.8400	2.3579
-0.5899	0.5924	0.8360	2.3541
-0.5846	0.5920	0.8320	2.3500
-0.5808	0.5929	0.8300	2.3458
-0.5756	0.5924	0.8260	2.3418
-0.5704	0.5919	0.8220	2.3377
-0.5647	0.5918	0.8180	2.3328
-0.5595	0.5912	0.8140	2.3287
-0.5545	0.5904	0.8100	2.3248
-0.5508	0.5912	0.8080	2.3208
-0.5456	0.5905	0.8040	2.3167
-0.5405	0.5898	0.8000	2.3126
-0.5368	0.5905	0.7980	2.3085
-0.5318	0.5896	0.7940	2.3047
-0.5261	0.5894	0.7900	2.2995
-0.5225	0.5899	0.7880	2.2957
-0.5174	0.5890	0.7840	2.2916
-0.5137	0.5896	0.7820	2.2875
-0.5087	0.5887	0.7780	2.2834
-0.5049	0.5892	0.7760	2.2793
-0.5001	0.5881	0.7720	2.2756
-0.4946	0.5875	0.7680	2.2706
-0.4910	0.5880	0.7660	2.2666
-0.4874	0.5883	0.7640	2.2627
-0.4825	0.5872	0.7600	2.2586
-0.4790	0.5875	0.7580	2.2548
-0.4753	0.5879	0.7560	2.2507
-0.4706	0.5866	0.7520	2.2469
-0.4657	0.5854	0.7480	2.2428
-0.4622	0.5856	0.7460	2.2389
-0.4581	0.5863	0.7440	2.2341
-0.4545	0.5865	0.7420	2.2300
-0.4498	0.5851	0.7380	2.2262
-0.4462	0.5854	0.7360	2.2221
-0.4425	0.5856	0.7340	2.2179
-0.4379	0.5840	0.7300	2.2142
-0.4343	0.5842	0.7280	2.2101
-0.4309	0.5843	0.7260	2.2062
-0.4273	0.5844	0.7240	2.2021
-0.4221	0.5833	0.7200	2.1972
-0.4199	0.5849	0.7200	2.1934
-0.4164	0.5850	0.7180	2.1894
-0.4118	0.5833	0.7140	2.1855
-0.4082	0.5833	0.7120	2.1814
-0.4049	0.5833	0.7100	2.1776
-0.4014	0.5832	0.7080	2.1736
-0.3969	0.5815	0.7040	2.1697
-0.3945	0.5831	0.7040	2.1656
-0.3905	0.5834	0.7020	2.1607
-0.3861	0.5815	0.6980	2.1569
-0.3826	0.5814	0.6960	2.1528
-0.3791	0.5813	0.6940	2.1487
-0.3758	0.5811	0.6920	2.1449
-0.3723	0.5809	0.6900	2.1408
-0.3691	0.5806	0.6880	2.1370
-0.3656	0.5804	0.6860	2.1329
-0.3623	0.5801	0.6840	2.1291
-0.3584	0.5802	0.6820	2.1242
-0.3550	0.5800	0.6800	2.1201
-0.3517	0.5796	0.6780	2.1162
-0.3494	0.5810	0.6780	2.1122
-0.3461	0.5807	0.6760	2.1084
-0.3427	0.5804	0.6740	2.1042
-0.3395	0.5799	0.6720	2.1004
-0.3361	0.5796	0.6700	2.0964
-0.3319	0.5774	0.6660	2.0925
-0.3281	0.5773	0.6640	2.0877
-0.3248	0.5769	0.6620	2.0835
-0.3214	0.5765	0.6600	2.0794
-0.3183	0.5759	0.6580	2.0757
-0.3140	0.5737	0.6540	2.0715
-0.3118	0.5749	0.6540	2.0677
-0.3094	0.5762	0.6540	2.0636
-0.3063	0.5756	0.6520	2.0598
-0.3030	0.5751	0.6500	2.0557
-0.2999	0.5744	0.6480	2.0519
-0.2975	0.5757	0.6480	2.0478
-0.2938	0.5753	0.6460	2.0429
-0.2907	0.5747	0.6440	2.0390
-0.2874	0.5741	0.6420	2.0350
-0.2843	0.5734	0.6400	2.0312
-0.2820	0.5745	0.6400	2.0271
-0.2798	0.5756	0.6400	2.0232
-0.2766	0.5749	0.6380	2.0192
-0.2735	0.5742	0.6360	2.0154
-0.2703	0.5735	0.6340	2.0112
-0.2673	0.5727	0.6320	2.0074
-0.2649	0.5738	0.6320	2.0034
-0.2613	0.5733	0.6300	1.9985
-0.2589	0.5743	0.6300	1.9944
-0.2559	0.5735	0.6280	1.9905
-0.2527	0.5727	0.6260	1.9864
-0.2498	0.5718	0.6240	1.9827
-0.2474	0.5728	0.6240	1.9785
-0.2445	0.5719	0.6220	1.9747
-0.2413	0.5711	0.6200	1.9706
-0.2384	0.5702	0.6180	1.9669
-0.2361	0.5711	0.6180	1.9627
-0.2339	0.5720	0.6180	1.9589
-0.2308	0.5711	0.6160	1.9548
-0.2272	0.5704	0.6140	1.9499
-0.2250	0.5713	0.6140	1.9460
-0.2220	0.5703	0.6120	1.9420
-0.2198	0.5712	0.6120	1.9382
-0.2168	0.5702	0.6100	1.9341
-0.2145	0.5711	0.6100	1.9300
-0.2116	0.5700	0.6080	1.9262
-0.2085	0.5690	0.6060	1.9221
-0.2063	0.5698	0.6060	1.9182
-0.2034	0.5687	0.6040	1.9142
-0.2005	0.5676	0.6020	1.9104
-0.1982	0.5684	0.6020	1.9063
-0.1960	0.5692	0.6020	1.9024
-0.1931	0.5681	0.6000	1.8984
-0.1896	0.5671	0.5980	1.8934
-0.1875	0.5679	0.5980	1.8897
-0.1851	0.5686	0.5980	1.8856
-0.1822	0.5675	0.5960	1.8814
-0.1793	0.5663	0.5940	1.8774
-0.1769	0.5670	0.5940	1.8733
-0.1746	0.5678	0.5940	1.8692
-0.1717	0.5665	0.5920	1.8651
-0.1694	0.5672	0.5920	1.8610
-0.1665	0.5660	0.5900	1.8569
-0.1642	0.5667	0.5900	1.8529
-0.1619	0.5674	0.5900	1.8487
-0.1595	0.5680	0.5900	1.8446
-0.1567	0.5667	0.5880	1.8406
-0.1544	0.5674	0.5880	1.8365
-0.1515	0.5661	0.5860	1.8323
-0.1492	0.5667	0.5860	1.8283
-0.1459	0.5655	0.5840	1.8233
-0.1431	0.5641	0.5820	1.8193
-0.1403	0.5628	0.5800	1.8152
-0.1385	0.5653	0.5820	1.8111
-0.1362	0.5658	0.5820	1.8070
-0.1334	0.5644	0.5800	1.8029
-0.1311	0.5650	0.5800	1.7988
-0.1288	0.5655	0.5800	1.7948
-0.1260	0.5641	0.5780	1.7906
-0.1237	0.5646	0.5780	1.7865
-0.1214	0.5651	0.5780	1.7825
-0.1187	0.5636	0.5760	1.7784
-0.1165	0.5641	0.5760	1.7745
-0.1143	0.5646	0.5760	1.7705
-0.1116	0.5631	0.5740	1.7664
-0.1092	0.5635	0.5740	1.7623
-0.1070	0.5639	0.5740	1.7582
-0.1046	0.5644	0.5740	1.7541
-0.1023	0.5648	0.5740	1.7500
-0.0997	0.5632	0.5720	1.7460
-0.0974	0.5637	0.5720	1.7418
-0.0950	0.5641	0.5720	1.7377
-0.0928	0.5644	0.5720	1.7337
-0.0896	0.5629	0.5700	1.7287
-0.0874	0.5633	0.5700	1.7247
-0.0847	0.5616	0.5680	1.7206
-0.0824	0.5620	0.5680	1.7164
-0.0802	0.5623	0.5680	1.7124
-0.0778	0.5626	0.5680	1.7083
-0.0755	0.5630	0.5680	1.7042
-0.0730	0.5613	0.5660	1.7001
-0.0707	0.5616	0.5660	1.6960
-0.0684	0.5619	0.5660	1.6919
-0.0661	0.5621	0.5660	1.6879
-0.0638	0.5624	0.5660	1.6837
-0.0615	0.5627	0.5660	1.6796
-0.0590	0.5609	0.5640	1.6756
-0.0567	0.5611	0.5640	1.6715
-0.0544	0.5614	0.5640	1.6673
-0.0521	0.5616	0.5640	1.6633
-0.0498	0.5618	0.5640	1.6592
-0.0475	0.5620	0.5640	1.6551
-0.0452	0.5602	0.5620	1.6513
-0.0429	0.5604	0.5620	1.6472
-0.0406	0.5605	0.5620	1.6431
-0.0383	0.5607	0.5620	1.6391
-0.0360	0.5608	0.5620	1.6349
-0.0337	0.5610	0.5620	1.6308
-0.0313	0.5591	0.5600	1.6268
-0.0290	0.5592	0.5600	1.6227
-0.0267	0.5594	0.5600	1.6185
-0.0245	0.5595	0.5600	1.6145
-0.0222	0.5596	0.5600	1.6104
-0.0199	0.5596	0.5600	1.6063
-0.0176	0.5597	0.5600	1.6022
-0.0153	0.5598	0.5600	1.5981
-0.0130	0.5598	0.5600	1.5940
-0.0107	0.5599	0.5600	1.5900
-0.0084	0.5599	0.5600	1.5858
-0.0057	0.5580	0.5580	1.5810
-0.0034	0.5580	0.5580	1.5768
-0.0011	0.5580	0.5580	1.5727
0.0012	0.5580	0.5580	1.5687
0.0035	0.5580	0.5580	1.5646
0.0058	0.5580	0.5580	1.5604
0.0080	0.5559	0.5560	1.5564
0.0103	0.5579	0.5580	1.5523
0.0126	0.5579	0.5580	1.5482
0.0149	0.5578	0.5580	1.5441
0.0172	0.5577	0.5580	1.5400
0.0195	0.5577	0.5580	1.5359
0.0212	0.5596	0.5600	1.5329
0.0239	0.5575	0.5580	1.5280
0.0262	0.5574	0.5580	1.5239
0.0284	0.5573	0.5580	1.5199
0.0307	0.5572	0.5580	1.5158
0.0330	0.5570	0.5580	1.5116
0.0352	0.5569	0.5580	1.5076
0.0375	0.5567	0.5580	1.5035
0.0398	0.5566	0.5580	1.4994
0.0421	0.5564	0.5580	1.4953
0.0444	0.5562	0.5580	1.4912
0.0466	0.5560	0.5580	1.4871
0.0488	0.5559	0.5580	1.4833
0.0510	0.5557	0.5580	1.4792
0.0533	0.5554	0.5580	1.4751
0.0556	0.5552	0.5580	1.4710
0.0577	0.5550	0.5580	1.4673
0.0600	0.5548	0.5580	1.4631
0.0622	0.5545	0.5580	1.4590
0.0644	0.5543	0.5580	1.4552
0.0666	0.5540	0.5580	1.4511
0.0685	0.5558	0.5600	1.4481
0.0708	0.5555	0.5600	1.4441
0.0731	0.5552	0.5600	1.4399
0.0754	0.5549	0.5600	1.4358
0.0774	0.5546	0.5600	1.4321
0.0797	0.5543	0.5600	1.4279
0.0823	0.5559	0.5620	1.4238
0.0845	0.5556	0.5620	1.4198
0.0867	0.5553	0.5620	1.4160
0.0886	0.5529	0.5600	1.4118
0.0912	0.5546	0.5620	1.4078
0.0935	0.5542	0.5620	1.4037
0.0956	0.5538	0.5620	1.3999
0.0979	0.5534	0.5620	1.3957
0.1001	0.5530	0.5620	1.3917
0.1022	0.5526	0.5620	1.3879
0.1045	0.5522	0.5620	1.3837
0.1067	0.5518	0.5620	1.3797
0.1090	0.5513	0.5620	1.3756
0.1111	0.5509	0.5620	1.3718
0.1130	0.5485	0.5600	1.3676
0.1152	0.5480	0.5600	1.3636
0.1179	0.5495	0.5620	1.3595
0.1200	0.5490	0.5620	1.3557
0.1222	0.5486	0.5620	1.3516
0.1240	0.5461	0.5600	1.3475
0.1267	0.5475	0.5620	1.3434
0.1288	0.5470	0.5620	1.3395
0.1315	0.5485	0.5640	1.3355
0.1337	0.5479	0.5640	1.3314
0.1365	0.5493	0.5660	1.3273
0.1385	0.5488	0.5660	1.3235
0.1408	0.5482	0.5660	1.3194
0.1430	0.5476	0.5660	1.3153
0.1458	0.5490	0.5680	1.3113
0.1479	0.5484	0.5680	1.3074
0.1501	0.5478	0.5680	1.3033
0.1529	0.5491	0.5700	1.2992
0.1550	0.5485	0.5700	1.2954
0.1572	0.5479	0.5700	1.2913
0.1595	0.5472	0.5700	1.2872
0.1617	0.5487	0.5720	1.2842
0.1639	0.5480	0.5720	1.2801
0.1661	0.5473	0.5720	1.2761
0.1682	0.5467	0.5720	1.2722
0.1711	0.5479	0.5740	1.2681
0.1734	0.5472	0.5740	1.2640
0.1762	0.5484	0.5760	1.2600
0.1783	0.5477	0.5760	1.2561
0.1805	0.5470	0.5760	1.2520
0.1834	0.5481	0.5780	1.2480
0.1856	0.5474	0.5780	1.2439
0.1877	0.5467	0.5780	1.2400
0.1899	0.5459	0.5780	1.2360
0.1922	0.5451	0.5780	1.2319
0.1943	0.5444	0.5780	1.2280
0.1972	0.5455	0.5800	1.2239
0.2001	0.5465	0.5820	1.2199
0.2030	0.5476	0.5840	1.2158
0.2051	0.5468	0.5840	1.2119
0.2073	0.5460	0.5840	1.2079
0.2096	0.5451	0.5840	1.2038
0.2119	0.5463	0.5860	1.2008
0.2141	0.5455	0.5860	1.1967
0.2164	0.5446	0.5860	1.1926
0.2192	0.5456	0.5880	1.1887
0.2214	0.5447	0.5880	1.1847
0.2244	0.5457	0.5900	1.1806
0.2265	0.5448	0.5900	1.1768
0.2287	0.5439	0.5900	1.1727
0.2317	0.5448	0.5920	1.1686
0.2348	0.5456	0.5940	1.1645
0.2369	0.5447	0.5940	1.1606
0.2390	0.5438	0.5940	1.1566
0.2421	0.5446	0.5960	1.1525
0.2443	0.5436	0.5960	1.1484
0.2472	0.5445	0.5980	1.1446
0.2494	0.5435	0.5980	1.1405
0.2519	0.5446	0.6000	1.1375
0.2541	0.5435	0.6000	1.1334
0.2572	0.5443	0.6020	1.1293
0.2603	0.5450	0.6040	1.1253
0.2624	0.5440	0.6040	1.1214
0.2646	0.5430	0.6040	1.1173
0.2677	0.5437	0.6060	1.1133
0.2698	0.5426	0.6060	1.1095
0.2720	0.5415	0.6060	1.1053
0.2750	0.5423	0.6080	1.1015
0.2772	0.5412	0.6080	1.0975
0.2801	0.5419	0.6100	1.0936
0.2824	0.5407	0.6100	1.0895
0.2854	0.5414	0.6120	1.0857
0.2885	0.5420	0.6140	1.0816
0.2906	0.5409	0.6140	1.0778
0.2932	0.5418	0.6160	1.0747
0.2954	0.5406	0.6160	1.0707
0.2974	0.5394	0.6160	1.0669
0.3006	0.5399	0.6180	1.0628
0.3037	0.5405	0.6200	1.0589
0.3059	0.5393	0.6200	1.0549
0.3089	0.5399	0.6220	1.0511
0.3111	0.5386	0.6220	1.0469
0.3142	0.5391	0.6240	1.0431
0.3172	0.5397	0.6260	1.0394
0.3205	0.5401	0.6280	1.0352
0.3236	0.5406	0.6300	1.0314
0.3257	0.5392	0.6300	1.0274
0.3284	0.5400	0.6320	1.0243
0.3305	0.5387	0.6320	1.0205
0.3337	0.5391	0.6340	1.0165
0.3358	0.5378	0.6340	1.0126
0.3391	0.5381	0.6360	1.0085
0.3422	0.5385	0.6380	1.0047
0.3444	0.5371	0.6380	1.0006
0.3475	0.5374	0.6400	0.9968
0.3519	0.5393	0.6440	0.9927
0.3540	0.5380	0.6440	0.9888
0.3572	0.5382	0.6460	0.9848
0.3593	0.5369	0.6460	0.9810
0.3620	0.5374	0.6480	0.9780
0.3654	0.5376	0.6500	0.9739
0.3685	0.5378	0.6520	0.9701
0.3718	0.5380	0.6540	0.9660
0.3739	0.5366	0.6540	0.9622
0.3761	0.5350	0.6540	0.9581
0.3793	0.5352	0.6560	0.9542
0.3826	0.5353	0.6580	0.9502
0.3859	0.5355	0.6600	0.9464
0.3892	0.5355	0.6620	0.9422
0.3925	0.5356	0.6640	0.9384
0.3952	0.5360	0.6660	0.9354
0.3985	0.5361	0.6680	0.9316
0.4007	0.5345	0.6680	0.9275
0.4039	0.5346	0.6700	0.9237
0.4073	0.5345	0.6720	0.9196
0.4106	0.5345	0.6740	0.9158
0.4140	0.5344	0.6760	0.9117
0.4172	0.5344	0.6780	0.9079
0.4194	0.5327	0.6780	0.9038
0.4227	0.5326	0.6800	0.9000
0.4268	0.5345	0.6840	0.8970
0.4302	0.5343	0.6860	0.8929
0.4323	0.5327	0.6860	0.8890
0.4357	0.5325	0.6880	0.8850
0.4390	0.5323	0.6900	0.8812
0.4438	0.5336	0.6940	0.8771
0.4458	0.5319	0.6940	0.8732
0.4492	0.5316	0.6960	0.8692
0.4526	0.5314	0.6980	0.8654
0.4574	0.5326	0.7020	0.8612
0.4602	0.5327	0.7040	0.8583
0.4623	0.5310	0.7040	0.8544
0.4671	0.5320	0.7080	0.8503
0.4704	0.5318	0.7100	0.8466
0.4739	0.5313	0.7120	0.8424
0.4760	0.5295	0.7120	0.8386
0.4795	0.5290	0.7140	0.8345
0.4842	0.5302	0.7180	0.8307
0.4875	0.5298	0.7200	0.8269
0.4918	0.5313	0.7240	0.8239
0.4954	0.5307	0.7260	0.8198
0.4988	0.5303	0.7280	0.8160
0.5037	0.5311	0.7320	0.8119
0.5057	0.5292	0.7320	0.8081
0.5093	0.5286	0.7340	0.8040
0.5127	0.5281	0.7360	0.8002
0.5177	0.5288	0.7400	0.7960
0.5224	0.5297	0.7440	0.7923
0.5255	0.5295	0.7460	0.7892
0.5290	0.5288	0.7480	0.7852
0.5325	0.5282	0.7500	0.7814
0.5375	0.5288	0.7540	0.7772
0.5424	0.5295	0.7580	0.7734
0.5459	0.5287	0.7600	0.7694
0.5494	0.5280	0.7620	0.7656
0.5530	0.5271	0.7640	0.7614
0.5565	0.5264	0.7660	0.7576
0.5624	0.5288	0.7720	0.7546
0.5661	0.5279	0.7740	0.7505
0.5710	0.5285	0.7780	0.7468
0.5746	0.5275	0.7800	0.7426
0.5781	0.5266	0.7820	0.7388
0.5847	0.5282	0.7880	0.7347
0.5883	0.5272	0.7900	0.7307
0.5930	0.5280	0.7940	0.7274
0.5981	0.5283	0.7980	0.7236
0.6017	0.5272	0.8000	0.7194
0.6054	0.5260	0.8020	0.7153
0.6090	0.5249	0.8040	0.7113
0.6158	0.5262	0.8100	0.7072
0.6210	0.5263	0.8140	0.7030
0.6246	0.5251	0.8160	0.6990
0.6308	0.5271	0.8220	0.6960
0.6345	0.5257	0.8240	0.6919
0.6398	0.5256	0.8280	0.6878
0.6450	0.5256	0.8320	0.6838
0.6502	0.5254	0.8360	0.6796
0.6540	0.5240	0.8380	0.6755
0.6592	0.5239	0.8420	0.6715
0.6645	0.5236	0.8460	0.6674
0.6692	0.5241	0.8500	0.6644
0.6745	0.5238	0.8540	0.6603
0.6782	0.5222	0.8560	0.6562
0.6835	0.5219	0.8600	0.6521
0.6873	0.5203	0.8620	0.6480
0.6940	0.5213	0.8680	0.6442
0.6994	0.5208	0.8720	0.6401
0.7063	0.5215	0.8780	0.6360
0.7112	0.5216	0.8820	0.6328
0.7165	0.5212	0.8860	0.6289
0.7219	0.5206	0.8900	0.6248
0.7273	0.5199	0.8940	0.6207
0.7326	0.5193	0.8980	0.6167
0.7380	0.5186	0.9020	0.6125
0.7451	0.5190	0.9080	0.6084
0.7499	0.5190	0.9120	0.6054
0.7570	0.5193	0.9180	0.6013
0.7624	0.5185	0.9220	0.5973
0.7678	0.5176	0.9260	0.5932
0.7733	0.5167	0.9300	0.5890
0.7803	0.5169	0.9360	0.5850
0.7858	0.5158	0.9400	0.5809
0.7924	0.5168	0.9460	0.5779
0.7978	0.5157	0.9500	0.5738
0.8050	0.5157	0.9560	0.5698
0.8105	0.5145	0.9600	0.5657
0.8177	0.5144	0.9660	0.5615
0.8231	0.5132	0.9700	0.5575
0.8303	0.5130	0.9760	0.5534
0.8387	0.5147	0.9840	0.5504
0.8442	0.5133	0.9880	0.5463
0.8515	0.5129	0.9940	0.5422
0.7006	-0.7079	0.9960	-0.7906
0.6948	-0.7081	0.9920	-0.7949
0.6890	-0.7081	0.9880	-0.7990
0.6812	-0.7073	0.9820	-0.8042
0.6742	-0.7057	0.9760	-0.8082
0.6699	-0.7070	0.9740	-0.8123
0.6656	-0.7083	0.9720	-0.8165
0.6598	-0.7083	0.9680	-0.8208
0.6542	-0.7080	0.9640	-0.8249
0.6486	-0.7078	0.9600	-0.8290
0.6430	-0.7074	0.9560	-0.8330
0.6372	-0.7073	0.9520	-0.8375
0.6330	-0.7084	0.9500	-0.8415
0.6275	-0.7080	0.9460	-0.8456
0.6211	-0.7082	0.9420	-0.8508
0.6156	-0.7077	0.9380	-0.8549
0.6101	-0.7072	0.9340	-0.8590
0.6044	-0.7068	0.9300	-0.8633
0.5989	-0.7063	0.9260	-0.8675
0.5948	-0.7071	0.9240	-0.8715
0.5906	-0.7080	0.9220	-0.8756
0.5851	-0.7074	0.9180	-0.8797
0.5808	-0.7084	0.9160	-0.8841
0.5753	-0.7076	0.9120	-0.8882
0.5691	-0.7075	0.9080	-0.8934
0.5650	-0.7083	0.9060	-0.8975
0.5596	-0.7074	0.9020	-0.9015
0.5542	-0.7066	0.8980	-0.9056
0.5487	-0.7058	0.8940	-0.9099
0.5446	-0.7065	0.8920	-0.9141
0.5405	-0.7071	0.8900	-0.9182
0.5352	-0.7061	0.8860	-0.9222
0.5309	-0.7068	0.8840	-0.9266
0.5256	-0.7058	0.8800	-0.9307
0.5207	-0.7069	0.8780	-0.9359
0.5167	-0.7074	0.8760	-0.9399
0.5126	-0.7079	0.8740	-0.9441
0.5073	-0.7068	0.8700	-0.9482
0.5022	-0.7055	0.8660	-0.9522
0.4979	-0.7061	0.8640	-0.9566
0.4939	-0.7065	0.8620	-0.9607
0.4899	-0.7069	0.8600	-0.9648
0.4858	-0.7072	0.8580	-0.9689
0.4805	-0.7060	0.8540	-0.9732
0.4753	-0.7047	0.8500	-0.9773
0.4713	-0.7050	0.8480	-0.9815
0.4655	-0.7040	0.8440	-0.9866
0.4626	-0.7059	0.8440	-0.9907
0.4575	-0.7045	0.8400	-0.9948
0.4533	-0.7048	0.8380	-0.9992
0.4494	-0.7049	0.8360	-1.0032
0.4444	-0.7034	0.8320	-1.0073
0.4404	-0.7035	0.8300	-1.0115
0.4365	-0.7036	0.8280	-1.0155
0.4324	-0.7038	0.8260	-1.0199
0.4285	-0.7038	0.8240	-1.0239
0.4246	-0.7039	0.8220	-1.0281
0.4206	-0.7039	0.8200	-1.0322
0.4160	-0.7043	0.8180	-1.0374
0.4121	-0.7043	0.8160	-1.0414
0.4070	-0.7026	0.8120	-1.0458
0.4031	-0.7026	0.8100	-1.0499
0.3993	-0.7025	0.8080	-1.0539
0.3954	-0.7024	0.8060	-1.0581
0.3914	-0.7023	0.8040	-1.0624
0.3875	-0.7022	0.8020	-1.0665
0.3837	-0.7020	0.8000	-1.0706
0.3799	-0.7018	0.7980	-1.0746
0.3758	-0.7017	0.7960	-1.0791
0.3720	-0.7015	0.7940	-1.0832
0.3692	-0.7030	0.7940	-1.0872
0.3646	-0.7031	0.7920	-1.0924
0.3608	-0.7028	0.7900	-1.0965
0.3570	-0.7025	0.7880	-1.1006
0.3524	-0.7004	0.7840	-1.1047
0.3484	-0.7001	0.7820	-1.1091
0.3446	-0.6997	0.7800	-1.1132
0.3409	-0.6993	0.7780	-1.1172
0.3372	-0.6989	0.7760	-1.1213
0.3341	-0.7004	0.7760	-1.1257
0.3304	-0.6999	0.7740	-1.1298
0.3267	-0.6995	0.7720	-1.1339
0.3230	-0.6990	0.7700	-1.1379
0.3185	-0.6988	0.7680	-1.1431
0.3148	-0.6983	0.7660	-1.1472
0.3118	-0.6997	0.7660	-1.1516
0.3081	-0.6991	0.7640	-1.1557
0.3044	-0.6985	0.7620	-1.1598
0.3016	-0.6998	0.7620	-1.1639
0.2980	-0.6992	0.7600	-1.1679
0.2941	-0.6986	0.7580	-1.1723
0.2905	-0.6980	0.7560	-1.1764
0.2869	-0.6973	0.7540	-1.1805
0.2840	-0.6985	0.7540	-1.1846
0.2795	-0.6960	0.7500	-1.1889
0.2759	-0.6953	0.7480	-1.1931
0.2730	-0.6964	0.7480	-1.1972
0.2702	-0.6975	0.7480	-1.2012
0.2666	-0.6967	0.7460	-1.2053
0.2625	-0.6962	0.7440	-1.2102
0.2589	-0.6954	0.7420	-1.2143
0.2556	-0.6945	0.7400	-1.2182
0.2521	-0.6936	0.7380	-1.2222
0.2492	-0.6946	0.7380	-1.2263
0.2466	-0.6956	0.7380	-1.2302
0.2431	-0.6947	0.7360	-1.2342
0.2402	-0.6957	0.7360	-1.2383
0.2367	-0.6948	0.7340	-1.2424
0.2334	-0.6938	0.7320	-1.2463
0.2300	-0.6928	0.7300	-1.2503
0.2271	-0.6938	0.7300	-1.2544
0.2238	-0.6927	0.7280	-1.2582
0.2205	-0.6917	0.7260	-1.2623
0.2176	-0.6926	0.7260	-1.2664
0.2141	-0.6916	0.7240	-1.2705
0.2115	-0.6924	0.7240	-1.2744
0.2073	-0.6916	0.7220	-1.2795
0.2042	-0.6904	0.7200	-1.2833
0.2013	-0.6913	0.7200	-1.2874
0.1985	-0.6921	0.7200	-1.2915
0.1951	-0.6910	0.7180	-1.2955
0.1920	-0.6898	0.7160	-1.2994
0.1891	-0.6906	0.7160	-1.3035
0.1857	-0.6894	0.7140	-1.3076
0.1832	-0.6901	0.7140	-1.3114
0.1798	-0.6889	0.7120	-1.3155
0.1770	-0.6897	0.7120	-1.3196
0.1742	-0.6904	0.7120	-1.3236
0.1715	-0.6910	0.7120	-1.3275
0.1687	-0.6917	0.7120	-1.3316
0.1654	-0.6905	0.7100	-1.3357
0.1623	-0.6891	0.7080	-1.3395
0.1595	-0.6898	0.7080	-1.3436
0.1566	-0.6905	0.7080	-1.3477
0.1539	-0.6911	0.7080	-1.3517
0.1508	-0.6897	0.7060	-1.3556
0.1479	-0.6903	0.7060	-1.3597
0.1451	-0.6909	0.7060	-1.3638
0.1425	-0.6915	0.7060	-1.3675
0.1397	-0.6920	0.7060	-1.3717
0.1368	-0.6926	0.7060	-1.3758
0.1327	-0.6894	0.7020	-1.3807
0.1294	-0.6879	0.7000	-1.3848
0.1263	-0.6865	0.6980	-1.3888
0.1233	-0.6850	0.6960	-1.3927
0.1202	-0.6835	0.6940	-1.3968
0.1174	-0.6840	0.6940	-1.4008
0.1146	-0.6845	0.6940	-1.4049
0.1120	-0.6849	0.6940	-1.4088
0.1091	-0.6854	0.6940	-1.4129
0.1064	-0.6858	0.6940	-1.4169
0.1037	-0.6862	0.6940	-1.4208
0.1006	-0.6846	0.6920	-1.4249
0.0976	-0.6831	0.6900	-1.4289
0.0948	-0.6835	0.6900	-1.4330
0.0921	-0.6838	0.6900	-1.4369
0.0893	-0.6842	0.6900	-1.4410
0.0866	-0.6845	0.6900	-1.4450
0.0839	-0.6849	0.6900	-1.4488
0.0809	-0.6832	0.6880	-1.4530
0.0781	-0.6835	0.6880	-1.4570
0.0753	-0.6839	0.6880	-1.4611
0.0727	-0.6841	0.6880	-1.4650
0.0699	-0.6844	0.6880	-1.4691
0.0669	-0.6827	0.6860	-1.4731
0.0643	-0.6830	0.6860	-1.4769
0.0615	-0.6832	0.6860	-1.4811
0.0587	-0.6835	0.6860	-1.4851
0.0559	-0.6837	0.6860	-1.4892
0.0533	-0.6839	0.6860	-1.4930
0.0503	-0.6821	0.6840	-1.4972
0.0477	-0.6843	0.6860	-1.5012
0.0450	-0.6825	0.6840	-1.5050
0.0421	-0.6827	0.6840	-1.5091
0.0394	-0.6829	0.6840	-1.5132
0.0366	-0.6830	0.6840	-1.5173
0.0340	-0.6832	0.6840	-1.5211
0.0303	-0.6813	0.6820	-1.5263
0.0277	-0.6814	0.6820	-1.5301
0.0249	-0.6795	0.6800	-1.5342
0.0221	-0.6796	0.6800	-1.5383
0.0193	-0.6797	0.6800	-1.5424
0.0167	-0.6818	0.6820	-1.5463
0.0140	-0.6819	0.6820	-1.5503
0.0112	-0.6819	0.6820	-1.5544
0.0085	-0.6799	0.6800	-1.5582
0.0058	-0.6800	0.6800	-1.5623
0.0030	-0.6800	0.6800	-1.5664
0.0002	-0.6820	0.6820	-1.5705
-0.0023	-0.6800	0.6800	-1.5742
-0.0052	-0.6800	0.6800	-1.5784
-0.0080	-0.6800	0.6800	-1.5825
-0.0106	-0.6799	0.6800	-1.5863
-0.0133	-0.6799	0.6800	-1.5904
-0.0159	-0.6798	0.6800	-1.5942
-0.0187	-0.6797	0.6800	-1.5983
-0.0213	-0.6777	0.6780	-1.6021
-0.0239	-0.6796	0.6800	-1.6059
-0.0267	-0.6795	0.6800	-1.6100
-0.0293	-0.6794	0.6800	-1.6138
-0.0320	-0.6772	0.6780	-1.6180
-0.0346	-0.6791	0.6800	-1.6217
-0.0374	-0.6790	0.6800	-1.6258
-0.0399	-0.6768	0.6780	-1.6297
-0.0426	-0.6787	0.6800	-1.6335
-0.0453	-0.6785	0.6800	-1.6375
-0.0478	-0.6763	0.6780	-1.6414
-0.0507	-0.6781	0.6800	-1.6455
-0.0533	-0.6779	0.6800	-1.6493
-0.0559	-0.6777	0.6800	-1.6532
-0.0587	-0.6775	0.6800	-1.6572
-0.0613	-0.6772	0.6800	-1.6610
-0.0641	-0.6770	0.6800	-1.6651
-0.0665	-0.6747	0.6780	-1.6690
-0.0692	-0.6765	0.6800	-1.6727
-0.0720	-0.6762	0.6800	-1.6768
-0.0746	-0.6759	0.6800	-1.6807
-0.0773	-0.6756	0.6800	-1.6847
-0.0799	-0.6753	0.6800	-1.6885
-0.0825	-0.6750	0.6800	-1.6924
-0.0852	-0.6746	0.6800	-1.6965
-0.0878	-0.6743	0.6800	-1.7003
-0.0908	-0.6759	0.6820	-1.7043
-0.0934	-0.6756	0.6820	-1.7082
-0.0960	-0.6752	0.6820	-1.7120
-0.0985	-0.6728	0.6800	-1.7161
-0.1010	-0.6725	0.6800	-1.7199
-0.1041	-0.6740	0.6820	-1.7240
-0.1063	-0.6757	0.6840	-1.7268
-0.1090	-0.6753	0.6840	-1.7308
-0.1116	-0.6748	0.6840	-1.7346
-0.1144	-0.6744	0.6840	-1.7388
-0.1169	-0.6739	0.6840	-1.7426
-0.1197	-0.6735	0.6840	-1.7466
-0.1222	-0.6730	0.6840	-1.7505
-0.1248	-0.6725	0.6840	-1.7543
-0.1275	-0.6720	0.6840	-1.7583
-0.1305	-0.6735	0.6860	-1.7622
-0.1333	-0.6729	0.6860	-1.7663
-0.1358	-0.6724	0.6860	-1.7701
-0.1388	-0.6739	0.6880	-1.7740
-0.1415	-0.6733	0.6880	-1.7780
-0.1441	-0.6727	0.6880	-1.7818
-0.1469	-0.6721	0.6880	-1.7859
-0.1495	-0.6716	0.6880	-1.7898
-0.1524	-0.6730	0.6900	-1.7935
-0.1552	-0.6723	0.6900	-1.7976
-0.1578	-0.6717	0.6900	-1.8015
-0.1610	-0.6730	0.6920	-1.8056
-0.1640	-0.6743	0.6940	-1.8093
-0.1666	-0.6737	0.6940	-1.8132
-0.1698	-0.6750	0.6960	-1.8173
-0.1724	-0.6743	0.6960	-1.8211
-0.1751	-0.6736	0.6960	-1.8251
-0.1782	-0.6749	0.6980	-1.8290
-0.1803	-0.6722	0.6960	-1.8328
-0.1825	-0.6696	0.6940	-1.8369
-0.1851	-0.6689	0.6940	-1.8408
-0.1878	-0.6681	0.6940	-1.8448
-0.1950	-0.6639	0.6920	-1.8565
-0.0723	-0.1736	0.1880	-1.9653
-0.0721	-0.1704	0.1850	-1.9714
-0.0723	-0.1681	0.1830	-1.9771
-0.0723	-0.1659	0.1810	-1.9820
-0.0725	-0.1636	0.1790	-1.9880
-0.0729	-0.1624	0.1780	-1.9929
-0.0735	-0.1621	0.1780	-1.9968
-0.0744	-0.1628	0.1790	-1.9997
-0.0751	-0.1625	0.1790	-2.0036
-0.0760	-0.1632	0.1800	-2.0065
-0.0766	-0.1629	0.1800	-2.0107
-0.0773	-0.1626	0.1800	-2.0144
-0.0779	-0.1623	0.1800	-2.0182
-0.0788	-0.1629	0.1810	-2.0213
-0.0795	-0.1626	0.1810	-2.0253
-0.0801	-0.1623	0.1810	-2.0292
-0.0808	-0.1620	0.1810	-2.0333
-0.0818	-0.1626	0.1820	-2.0371
-0.0824	-0.1623	0.1820	-2.0409
-0.0831	-0.1619	0.1820	-2.0450
-0.0840	-0.1626	0.1830	-2.0480
-0.0847	-0.1622	0.1830	-2.0518
-0.0853	-0.1619	0.1830	-2.0556
-0.0860	-0.1616	0.1830	-2.0598
-0.0869	-0.1622	0.1840	-2.0627
-0.0876	-0.1618	0.1840	-2.0668
-0.0882	-0.1615	0.1840	-2.0709
-0.0892	-0.1621	0.1850	-2.0741
-0.0899	-0.1617	0.1850	-2.0783
-0.0906	-0.1613	0.1850	-2.0824
-0.0917	-0.1618	0.1860	-2.0864
-0.0924	-0.1614	0.1860	-2.0905
-0.0930	-0.1611	0.1860	-2.0947
-0.0940	-0.1616	0.1870	-2.0976
-0.0947	-0.1613	0.1870	-2.1017
-0.0953	-0.1609	0.1870	-2.1058
-0.0964	-0.1614	0.1880	-2.1090
-0.0970	-0.1610	0.1880	-2.1132
-0.0977	-0.1606	0.1880	-2.1173
-0.0989	-0.1611	0.1890	-2.1213
-0.0995	-0.1607	0.1890	-2.1254
-0.1005	-0.1612	0.1900	-2.1284
-0.1012	-0.1608	0.1900	-2.1325
-0.1023	-0.1613	0.1910	-2.1358
-0.1029	-0.1609	0.1910	-2.1399
-0.1036	-0.1605	0.1910	-2.1440
-0.1048	-0.1609	0.1920	-2.1481
-0.1054	-0.1605	0.1920	-2.1522
-0.1065	-0.1610	0.1930	-2.1551
-0.1072	-0.1605	0.1930	-2.1596
-0.1078	-0.1601	0.1930	-2.1636
-0.1085	-0.1596	0.1930	-2.1677
-0.1095	-0.1601	0.1940	-2.1707
-0.1102	-0.1597	0.1940	-2.1748
-0.1114	-0.1600	0.1950	-2.1789
-0.1121	-0.1596	0.1950	-2.1830
-0.1127	-0.1591	0.1950	-2.1871
-0.1138	-0.1596	0.1960	-2.1903
-0.1145	-0.1591	0.1960	-2.1945
-0.1155	-0.1596	0.1970	-2.1974
-0.1162	-0.1591	0.1970	-2.2016
-0.1174	-0.1594	0.1980	-2.2056
-0.1181	-0.1589	0.1980	-2.2097
-0.1192	-0.1594	0.1990	-2.2130
-0.1198	-0.1589	0.1990	-2.2171
-0.1205	-0.1584	0.1990	-2.2212
-0.1216	-0.1588	0.2000	-2.2242
-0.1228	-0.1591	0.2010	-2.2282
-0.1235	-0.1586	0.2010	-2.2323
-0.1241	-0.1581	0.2010	-2.2364
-0.1253	-0.1585	0.2020	-2.2397
-0.1265	-0.1587	0.2030	-2.2438
-0.1272	-0.1582	0.2030	-2.2479
-0.1278	-0.1577	0.2030	-2.2520
-0.1289	-0.1581	0.2040	-2.2550
-0.1296	-0.1576	0.2040	-2.2591
-0.1307	-0.1579	0.2050	-2.2623
-0.1314	-0.1574	0.2050	-2.2665
-0.1327	-0.1576	0.2060	-2.2705
-0.1338	-0.1580	0.2070	-2.2736
-0.1344	-0.1574	0.2070	-2.2776
-0.1357	-0.1576	0.2080	-2.2817
-0.1364	-0.1571	0.2080	-2.2858
-0.1375	-0.1574	0.2090	-2.2891
-0.1382	-0.1568	0.2090	-2.2931
-0.1395	-0.1570	0.2100	-2.2972
-0.1401	-0.1564	0.2100	-2.3014
-0.1413	-0.1567	0.2110	-2.3043
-0.1419	-0.1562	0.2110	-2.3084
-0.1431	-0.1564	0.2120	-2.3117
-0.1444	-0.1566	0.2130	-2.3158
-0.1450	-0.1560	0.2130	-2.3199
-0.1462	-0.1563	0.2140	-2.3228
-0.1475	-0.1564	0.2150	-2.3270
-0.1482	-0.1558	0.2150	-2.3314
-0.1494	-0.1560	0.2160	-2.3343
-0.1500	-0.1554	0.2160	-2.3385
-0.1513	-0.1555	0.2170	-2.3425
-0.1525	-0.1558	0.2180	-2.3456
-0.1532	-0.1551	0.2180	-2.3499
-0.1545	-0.1552	0.2190	-2.3540
-0.1551	-0.1546	0.2190	-2.3580
-0.1563	-0.1548	0.2200	-2.3611
-0.1577	-0.1549	0.2210	-2.3651
-0.1588	-0.1551	0.2220	-2.3682
-0.1602	-0.1551	0.2230	-2.3725
-0.1609	-0.1544	0.2230	-2.3766
-0.1621	-0.1546	0.2240	-2.3796
-0.1627	-0.1540	0.2240	-2.3837
-0.1640	-0.1540	0.2250	-2.3877
-0.1653	-0.1541	0.2260	-2.3911
-0.1666	-0.1541	0.2270	-2.3951
-0.1678	-0.1543	0.2280	-2.3982
-0.1685	-0.1536	0.2280	-2.4022
-0.1698	-0.1536	0.2290	-2.4063
-0.1711	-0.1537	0.2300	-2.4096
-0.1717	-0.1530	0.2300	-2.4137
-0.1731	-0.1530	0.2310	-2.4177
-0.1743	-0.1531	0.2320	-2.4208
-0.1757	-0.1531	0.2330	-2.4248
-0.1771	-0.1530	0.2340	-2.4290
-0.1783	-0.1531	0.2350	-2.4319
-0.1797	-0.1530	0.2360	-2.4361
-0.1802	-0.1523	0.2360	-2.4399
-0.1815	-0.1524	0.2370	-2.4432
-0.1829	-0.1523	0.2380	-2.4470
-0.1841	-0.1524	0.2390	-2.4500
-0.1855	-0.1523	0.2400	-2.4541
-0.1869	-0.1522	0.2410	-2.4581
-0.1881	-0.1522	0.2420	-2.4612
-0.1895	-0.1521	0.2430	-2.4652
-0.1907	-0.1522	0.2440	-2.4683
-0.1921	-0.1520	0.2450	-2.4723
-0.1934	-0.1520	0.2460	-2.4754
-0.1948	-0.1519	0.2470	-2.4791
-0.1962	-0.1517	0.2480	-2.4832
-0.1974	-0.1518	0.2490	-2.4862
-0.1988	-0.1515	0.2500	-2.4903
-0.2001	-0.1516	0.2510	-2.4933
-0.2015	-0.1513	0.2520	-2.4974
-0.2029	-0.1512	0.2530	-2.5013
-0.2042	-0.1511	0.2540	-2.5045
-0.2056	-0.1509	0.2550	-2.5083
-0.2070	-0.1507	0.2560	-2.5124
-0.2082	-0.1506	0.2570	-2.5154
-0.2097	-0.1504	0.2580	-2.5195
-0.2109	-0.1503	0.2590	-2.5225
-0.2132	-0.1506	0.2610	-2.5266
-0.2145	-0.1505	0.2620	-2.5296
-0.2159	-0.1502	0.2630	-2.5337
-0.2173	-0.1500	0.2640	-2.5375
-0.2185	-0.1499	0.2650	-2.5405
-0.2200	-0.1495	0.2660	-2.5446
-0.2221	-0.1500	0.2680	-2.5476
-0.2235	-0.1496	0.2690	-2.5517
-0.2250	-0.1493	0.2700	-2.5558
-0.2263	-0.1492	0.2710	-2.5588
-0.2285	-0.1493	0.2730	-2.5629
-0.2298	-0.1492	0.2740	-2.5659
-0.2312	-0.1488	0.2750	-2.5697
-0.2327	-0.1484	0.2760	-2.5737
-0.2348	-0.1488	0.2780	-2.5768
-0.2363	-0.1484	0.2790	-2.5808
-0.2384	-0.1487	0.2810	-2.5839
-0.2399	-0.1483	0.2820	-2.5879
-0.2412	-0.1481	0.2830	-2.5910
-0.2435	-0.1481	0.2850	-2.5950
-0.2448	-0.1479	0.2860	-2.5981
-0.2471	-0.1480	0.2880	-2.6018
-0.2485	-0.1475	0.2890	-2.6059
-0.2507	-0.1478	0.2910	-2.6089
-0.2522	-0.1473	0.2920	-2.6130
-0.2543	-0.1475	0.2940	-2.6160
-0.2558	-0.1470	0.2950	-2.6201
-0.2580	-0.1472	0.2970	-2.6231
-0.2594	-0.1466	0.2980	-2.6272
-0.2616	-0.1468	0.3000	-2.6302
-0.2640	-0.1467	0.3020	-2.6343
-0.2654	-0.1462	0.3030	-2.6382
-0.2676	-0.1463	0.3050	-2.6411
-0.2691	-0.1457	0.3060	-2.6453
-0.2713	-0.1459	0.3080	-2.6482
-0.2736	-0.1457	0.3100	-2.6523
-0.2758	-0.1458	0.3120	-2.6553
-0.2773	-0.1451	0.3130	-2.6594
-0.2797	-0.1449	0.3150	-2.6635
-0.2819	-0.1450	0.3170	-2.6664
-0.2842	-0.1448	0.3190	-2.6703
-0.2856	-0.1444	0.3200	-2.6735
-0.2879	-0.1442	0.3220	-2.6774
-0.2902	-0.1442	0.3240	-2.6804
-0.2925	-0.1439	0.3260	-2.6845
-0.2948	-0.1439	0.3280	-2.6875
-0.2971	-0.1435	0.3300	-2.6916
-0.2995	-0.1432	0.3320	-2.6957
-0.3018	-0.1432	0.3340	-2.6987
-0.3041	-0.1428	0.3360	-2.7025
-0.3064	-0.1427	0.3380	-2.7058
-0.3088	-0.1424	0.3400	-2.7096
-0.3110	-0.1423	0.3420	-2.7126
-0.3143	-0.1422	0.3450	-2.7167
-0.3166	-0.1421	0.3470	-2.7197
-0.3190	-0.1416	0.3490	-2.7238
-0.3214	-0.1411	0.3510	-2.7278
-0.3246	-0.1413	0.3540	-2.7309
-0.3270	-0.1408	0.3560	-2.7349
-0.3292	-0.1406	0.3580	-2.7380
-0.3325	-0.1405	0.3610	-2.7418
-0.3348	-0.1402	0.3630	-2.7451
-0.3381	-0.1401	0.3660	-2.7489
-0.3404	-0.1398	0.3680	-2.7519
-0.3437	-0.1396	0.3710	-2.7559
-0.3460	-0.1393	0.3730	-2.7590
-0.3494	-0.1390	0.3760	-2.7630
-0.3526	-0.1390	0.3790	-2.7661
-0.3559	-0.1387	0.3820	-2.7701
-0.3583	-0.1380	0.3840	-2.7739
-0.3615	-0.1380	0.3870	-2.7769
-0.3649	-0.1376	0.3900	-2.7810
-0.3681	-0.1376	0.3930	-2.7840
-0.3715	-0.1372	0.3960	-2.7878
-0.3747	-0.1371	0.3990	-2.7909
-0.3780	-0.1367	0.4020	-2.7946
-0.3813	-0.1366	0.4050	-2.7977
-0.3847	-0.1360	0.4080	-2.8017
-0.3879	-0.1358	0.4110	-2.8048
-0.3922	-0.1357	0.4150	-2.8085
-0.3954	-0.1354	0.4180	-2.8116
-0.3998	-0.1352	0.4220	-2.8154
-0.4030	-0.1350	0.4250	-2.8184
-0.4073	-0.1346	0.4290	-2.8225
-0.4106	-0.1343	0.4320	-2.8255
-0.4149	-0.1339	0.4360	-2.8293
-0.4191	-0.1339	0.4400	-2.8323
-0.4234	-0.1335	0.4440	-2.8361
-0.4277	-0.1335	0.4480	-2.8391
-0.4311	-0.1326	0.4510	-2.8432
-0.4354	-0.1321	0.4550	-2.8471
-0.4406	-0.1322	0.4600	-2.8500
-0.4448	-0.1321	0.4640	-2.8530
-0.4502	-0.1316	0.4690	-2.8571
-0.4543	-0.1315	0.4730	-2.8598
-0.4587	-0.1307	0.4770	-2.8639
-0.4640	-0.1303	0.4820	-2.8678
-0.4692	-0.1303	0.4870	-2.8707
-0.4736	-0.1294	0.4910	-2.8749
-0.4798	-0.1296	0.4970	-2.8778
-0.4850	-0.1296	0.5020	-2.8805
-0.4894	-0.1286	0.5060	-2.8847
-0.4957	-0.1282	0.5120	-2.8885
-0.4999	-0.1277	0.5160	-2.8915
-0.5063	-0.1271	0.5220	-2.8956
-0.5125	-0.1271	0.5280	-2.8986
-0.5188	-0.1265	0.5340	-2.9024
-0.5250	-0.1264	0.5400	-2.9054
-0.5313	-0.1258	0.5460	-2.9092
-0.5375	-0.1255	0.5520	-2.9122
-0.5439	-0.1247	0.5580	-2.9163
-0.5501	-0.1244	0.5640	-2.9193
-0.5583	-0.1244	0.5720	-2.9223
-0.5646	-0.1236	0.5780	-2.9261
-0.5710	-0.1227	0.5840	-2.9299
-0.5792	-0.1226	0.5920	-2.9330
-0.5874	-0.1225	0.6000	-2.9359
-0.5957	-0.1218	0.6080	-2.9400
-0.6039	-0.1215	0.6160	-2.9430
-0.6122	-0.1207	0.6240	-2.9469
-0.6204	-0.1204	0.6320	-2.9498
-0.6287	-0.1196	0.6400	-2.9537
-0.6389	-0.1195	0.6500	-2.9567
-0.6536	-0.1170	0.6640	-2.9645
-0.6678	-0.1174	0.6780	-2.9676
-0.6780	-0.1171	0.6880	-2.9706
-0.6883	-0.1160	0.6980	-2.9747
-0.6985	-0.1158	0.7080	-2.9774
-0.7108	-0.1148	0.7200	-2.9815
-0.7230	-0.1146	0.7320	-2.9845
-0.7353	-0.1136	0.7440	-2.9883
-0.7475	-0.1132	0.7560	-2.9913
-0.7602	-0.1090	0.7680	-2.9992
-0.8001	-0.0970	0.8060	-3.0210
-0.7985	-0.0937	0.8040	-3.0248
-0.7711	-0.0869	0.7760	-3.0294
-0.7715	-0.0837	0.7760	-3.0335
-0.7718	-0.0807	0.7760	-3.0374
-0.7701	-0.0773	0.7740	-3.0415
-0.7704	-0.0745	0.7740	-3.0452
-0.7707	-0.0713	0.7740	-3.0494
-0.7710	-0.0683	0.7740	-3.0532
-0.7693	-0.0650	0.7720	-3.0573
-0.7695	-0.0621	0.7720	-3.0611
-0.7697	-0.0589	0.7720	-3.0652
-0.7700	-0.0560	0.7720	-3.0690
-0.7702	-0.0528	0.7720	-3.0731
-0.7684	-0.0498	0.7700	-3.0769
-0.7686	-0.0466	0.7700	-3.0810
-0.7668	-0.0428	0.7680	-3.0859
-0.7670	-0.0398	0.7680	-3.0897
-0.7671	-0.0367	0.7680	-3.0938
-0.7673	-0.0337	0.7680	-3.0977
-0.7674	-0.0306	0.7680	-3.1017
-0.7655	-0.0276	0.7660	-3.1055
-0.7676	-0.0245	0.7680	-3.1097
-0.7677	-0.0216	0.7680	-3.1135
-0.7658	-0.0184	0.7660	-3.1175
-0.7658	-0.0155	0.7660	-3.1214
-0.7659	-0.0123	0.7660	-3.1255
-0.7659	-0.0094	0.7660	-3.1293
-0.7660	-0.0063	0.7660	-3.1333
-0.7660	-0.0034	0.7660	-3.1372
-0.7660	-0.0002	0.7660	-3.1413
-0.6054	-0.0261	0.6060	-3.0984
-0.6035	-0.0236	0.6040	-3.1026
-0.6036	-0.0212	0.6040	-3.1064
-0.6037	-0.0188	0.6040	-3.1104
-0.6058	-0.0166	0.6060	-3.1143
-0.6038	-0.0140	0.6040	-3.1184
-0.6039	-0.0117	0.6040	-3.1222
-0.6039	-0.0093	0.6040	-3.1263
-0.6040	-0.0069	0.6040	-3.1301
-0.6020	-0.0044	0.6020	-3.1342
-0.6020	-0.0021	0.6020	-3.1380
-0.5490	-0.0324	0.5500	-3.0826
-0.5472	-0.0300	0.5480	-3.0868
-0.5473	-0.0278	0.5480	-3.0908
-0.5494	-0.0258	0.5500	-3.0946
-0.5495	-0.0236	0.5500	-3.0987
-0.5476	-0.0212	0.5480	-3.1029
-0.5477	-0.0192	0.5480	-3.1066
-0.5477	-0.0169	0.5480	-3.1107
-0.5458	-0.0142	0.5460	-3.1156
-0.5459	-0.0119	0.5460	-3.1197
-0.5459	-0.0097	0.5460	-3.1239
-0.5459	-0.0075	0.5460	-3.1279
-0.5460	-0.0054	0.5460	-3.1317
-0.5460	-0.0031	0.5460	-3.1358
-0.5460	-0.0009	0.5460	-3.1399
