x	y	r	phi
-0.2310	0.0009	0.2310	3.1376
-0.2320	0.0017	0.2320	3.1343
-0.2330	0.0027	0.2330	3.1299
-0.2330	0.0037	0.2330	3.1256
-0.2340	0.0048	0.2340	3.1212
-0.2349	0.0056	0.2350	3.1176
-0.2359	0.0067	0.2360	3.1133
-0.2369	0.0075	0.2370	3.1098
-0.2378	0.0086	0.2380	3.1054
-0.2378	0.0096	0.2380	3.1010
-0.2388	0.0105	0.2390	3.0978
-0.2397	0.0116	0.2400	3.0934
-0.2397	0.0126	0.2400	3.0891
-0.2406	0.0137	0.2410	3.0846
-0.2426	0.0147	0.2430	3.0811
-0.2435	0.0155	0.2440	3.0778
-0.2444	0.0167	0.2450	3.0732
-0.2454	0.0176	0.2460	3.0699
-0.2463	0.0188	0.2470	3.0656
-0.2462	0.0198	0.2470	3.0612
-0.2471	0.0210	0.2480	3.0568
-0.2480	0.0220	0.2490	3.0533
-0.2489	0.0231	0.2500	3.0489
-0.2498	0.0241	0.2510	3.0456
-0.2507	0.0252	0.2520	3.0413
-0.2516	0.0264	0.2530	3.0369
-0.2525	0.0274	0.2540	3.0334
-0.2534	0.0286	0.2550	3.0290
-0.2543	0.0299	0.2560	3.0246
-0.2561	0.0310	0.2580	3.0211
-0.2570	0.0320	0.2590	3.0178
-0.2579	0.0332	0.2600	3.0135
-0.2587	0.0345	0.2610	3.0091
-0.2596	0.0355	0.2620	3.0055
-0.2604	0.0368	0.2630	3.0012
-0.2612	0.0381	0.2640	2.9968
-0.2621	0.0391	0.2650	2.9936
-0.2639	0.0405	0.2670	2.9892
-0.2647	0.0416	0.2680	2.9856
-0.2656	0.0429	0.2690	2.9813
-0.2663	0.0443	0.2700	2.9769
-0.2672	0.0454	0.2710	2.9733
-0.2689	0.0469	0.2730	2.9690
-0.2698	0.0479	0.2740	2.9658
-0.2705	0.0493	0.2750	2.9613
-0.2713	0.0506	0.2760	2.9570
-0.2731	0.0520	0.2780	2.9535
-0.2738	0.0534	0.2790	2.9491
-0.2747	0.0545	0.2800	2.9458
-0.2764	0.0560	0.2820	2.9415
-0.2772	0.0572	0.2830	2.9380
-0.2779	0.0587	0.2840	2.9335
-0.2796	0.0601	0.2860	2.9300
-0.2803	0.0615	0.2870	2.9257
-0.2810	0.0629	0.2880	2.9213
-0.2828	0.0643	0.2900	2.9180
-0.2835	0.0657	0.2910	2.9137
-0.2852	0.0672	0.2930	2.9102
-0.2859	0.0687	0.2940	2.9057
-0.2875	0.0704	0.2960	2.9014
-0.2892	0.0719	0.2980	2.8981
-0.2898	0.0734	0.2990	2.8935
-0.2915	0.0749	0.3010	2.8902
-0.2931	0.0767	0.3030	2.8858
-0.2938	0.0780	0.3040	2.8823
-0.2954	0.0797	0.3060	2.8779
-0.2960	0.0813	0.3070	2.8735
-0.2977	0.0828	0.3090	2.8703
-0.2993	0.0846	0.3110	2.8660
-0.3009	0.0863	0.3130	2.8624
-0.3015	0.0879	0.3140	2.8580
-0.3031	0.0894	0.3160	2.8547
-0.3046	0.0913	0.3180	2.8504
-0.3062	0.0929	0.3200	2.8469
-0.3077	0.0948	0.3220	2.8428
-0.3083	0.0965	0.3230	2.8383
-0.3099	0.0981	0.3250	2.8351
-0.3113	0.1000	0.3270	2.8308
-0.3129	0.1016	0.3290	2.8275
-0.3144	0.1036	0.3310	2.8234
-0.3159	0.1052	0.3330	2.8201
-0.3174	0.1072	0.3350	2.8157
-0.3189	0.1089	0.3370	2.8125
-0.3213	0.1113	0.3400	2.8081
-0.3228	0.1130	0.3420	2.8049
-0.3232	0.1147	0.3430	2.8005
-0.3246	0.1168	0.3450	2.7964
-0.3261	0.1185	0.3470	2.7931
-0.3284	0.1209	0.3500	2.7888
-0.3299	0.1227	0.3520	2.7855
-0.3322	0.1252	0.3550	2.7811
-0.3346	0.1274	0.3580	2.7778
-0.3359	0.1296	0.3600	2.7734
-0.3373	0.1314	0.3620	2.7702
-0.3396	0.1338	0.3650	2.7662
-0.3419	0.1361	0.3680	2.7629
-0.3432	0.1383	0.3700	2.7585
-0.3444	0.1405	0.3720	2.7542
-0.3467	0.1428	0.3750	2.7508
-0.3489	0.1454	0.3780	2.7468
-0.3503	0.1473	0.3800	2.7435
-0.3524	0.1500	0.3830	2.7391
-0.3547	0.1524	0.3860	2.7359
-0.3567	0.1551	0.3890	2.7314
-0.3590	0.1575	0.3920	2.7282
-0.3610	0.1602	0.3950	2.7239
-0.3632	0.1626	0.3980	2.7206
-0.3653	0.1654	0.4010	2.7165
-0.3675	0.1678	0.4040	2.7132
-0.3704	0.1711	0.4080	2.7088
-0.3725	0.1736	0.4110	2.7056
-0.3745	0.1765	0.4140	2.7012
-0.3766	0.1790	0.4170	2.6980
-0.3795	0.1824	0.4210	2.6936
-0.3816	0.1849	0.4240	2.6903
-0.3835	0.1878	0.4270	2.6862
-0.3863	0.1912	0.4310	2.6819
-0.3892	0.1943	0.4350	2.6786
-0.3910	0.1973	0.4380	2.6742
-0.3939	0.2004	0.4420	2.6709
-0.3966	0.2040	0.4460	2.6665
-0.3995	0.2071	0.4500	2.6633
-0.4022	0.2106	0.4540	2.6593
-0.4051	0.2138	0.4580	2.6560
-0.4068	0.2170	0.4610	2.6516
-0.4096	0.2202	0.4650	2.6483
-0.4139	0.2249	0.4710	2.6439
-0.4166	0.2281	0.4750	2.6407
-0.4200	0.2323	0.4800	2.6363
-0.4228	0.2357	0.4840	2.6331
-0.4261	0.2398	0.4890	2.6290
-0.4297	0.2437	0.4940	2.6257
-0.4330	0.2481	0.4990	2.6213
-0.4365	0.2520	0.5040	2.6180
-0.4388	0.2559	0.5080	2.6137
-0.4432	0.2603	0.5140	2.6105
-0.4472	0.2654	0.5200	2.6060
-0.4498	0.2689	0.5240	2.6028
-0.4538	0.2738	0.5300	2.5987
-0.4580	0.2784	0.5360	2.5954
-0.4619	0.2835	0.5420	2.5911
-0.4661	0.2882	0.5480	2.5877
-0.4699	0.2934	0.5540	2.5834
-0.4740	0.2981	0.5600	2.5802
-0.4796	0.3044	0.5680	2.5760
-0.4835	0.3093	0.5740	2.5725
-0.4873	0.3146	0.5800	2.5684
-0.4930	0.3205	0.5880	2.5651
-0.4966	0.3259	0.5940	2.5608
-0.5022	0.3320	0.6020	2.5575
-0.5074	0.3386	0.6100	2.5531
-0.5129	0.3447	0.6180	2.5499
-0.5181	0.3513	0.6260	2.5457
-0.5235	0.3577	0.6340	2.5422
-0.5286	0.3643	0.6420	2.5382
-0.5340	0.3706	0.6500	2.5349
-0.5406	0.3787	0.6600	2.5305
-0.5475	0.3862	0.6700	2.5272
-0.5539	0.3944	0.6800	2.5228
-0.5608	0.4021	0.6900	2.5196
-0.5672	0.4102	0.7000	2.5155
-0.5739	0.4181	0.7100	2.5120
-0.5802	0.4263	0.7200	2.5079
-0.5884	0.4354	0.7320	2.5046
-0.5961	0.4451	0.7440	2.5002
-0.6027	0.4531	0.7540	2.4969
-0.6119	0.4642	0.7680	2.4926
-0.6199	0.4734	0.7800	2.4894
-0.6273	0.4835	0.7920	2.4850
-0.6368	0.4941	0.8060	2.4817
-0.6476	0.5062	0.8220	2.4781
-0.6564	0.5177	0.8360	2.4737
-0.6657	0.5286	0.8500	2.4705
-0.6759	0.5415	0.8660	2.4662
-0.6864	0.5539	0.8820	2.4626
-0.6963	0.5670	0.8980	2.4582
-0.7084	0.5807	0.9160	2.4549
-0.7198	0.5952	0.9340	2.4506
-0.7330	0.6106	0.9540	2.4471
-0.7456	0.6267	0.9740	2.4427
-0.7587	0.6422	0.9940	2.4391
0.4064	0.3824	0.5580	0.7549
0.4081	0.3806	0.5580	0.7505
0.4097	0.3788	0.5580	0.7462
0.4113	0.3771	0.5580	0.7421
0.4129	0.3753	0.5580	0.7377
0.4146	0.3735	0.5580	0.7333
0.4146	0.3705	0.5560	0.7293
0.4162	0.3687	0.5560	0.7249
0.4178	0.3669	0.5560	0.7206
0.4193	0.3651	0.5560	0.7165
0.4209	0.3633	0.5560	0.7121
0.4225	0.3615	0.5560	0.7077
0.4240	0.3597	0.5560	0.7036
0.4255	0.3579	0.5560	0.6993
0.4255	0.3547	0.5540	0.6949
0.4270	0.3530	0.5540	0.6908
0.4285	0.3511	0.5540	0.6865
0.4301	0.3492	0.5540	0.6820
0.4315	0.3475	0.5540	0.6780
0.4330	0.3456	0.5540	0.6736
0.4345	0.3437	0.5540	0.6693
0.4359	0.3419	0.5540	0.6652
0.4374	0.3400	0.5540	0.6609
0.4373	0.3369	0.5520	0.6564
0.4402	0.3363	0.5540	0.6523
0.4417	0.3344	0.5540	0.6480
0.4416	0.3312	0.5520	0.6436
0.4429	0.3295	0.5520	0.6396
0.4443	0.3275	0.5520	0.6352
0.4474	0.3268	0.5540	0.6308
0.4472	0.3236	0.5520	0.6264
0.4485	0.3218	0.5520	0.6224
0.4499	0.3198	0.5520	0.6180
0.4513	0.3178	0.5520	0.6136
0.4526	0.3160	0.5520	0.6096
0.4540	0.3140	0.5520	0.6052
0.4553	0.3121	0.5520	0.6008
0.4566	0.3102	0.5520	0.5967
0.4579	0.3082	0.5520	0.5924
0.4593	0.3062	0.5520	0.5880
0.4606	0.3043	0.5520	0.5839
0.4619	0.3023	0.5520	0.5796
0.4632	0.3003	0.5520	0.5751
0.4644	0.2984	0.5520	0.5711
0.4657	0.2963	0.5520	0.5667
0.4670	0.2943	0.5520	0.5624
0.4682	0.2924	0.5520	0.5583
0.4694	0.2904	0.5520	0.5540
0.4707	0.2883	0.5520	0.5495
0.4719	0.2864	0.5520	0.5454
0.4731	0.2843	0.5520	0.5411
0.4744	0.2822	0.5520	0.5367
0.4755	0.2803	0.5520	0.5327
0.4768	0.2782	0.5520	0.5283
0.4779	0.2762	0.5520	0.5240
0.4808	0.2752	0.5540	0.5198
0.4820	0.2731	0.5540	0.5154
0.4815	0.2700	0.5520	0.5111
0.4826	0.2680	0.5520	0.5070
0.4855	0.2669	0.5540	0.5027
0.4866	0.2648	0.5540	0.4983
0.4877	0.2628	0.5540	0.4942
0.4889	0.2606	0.5540	0.4898
0.4900	0.2585	0.5540	0.4855
0.4911	0.2564	0.5540	0.4811
0.4922	0.2543	0.5540	0.4770
0.4933	0.2522	0.5540	0.4727
0.4962	0.2509	0.5560	0.4682
0.4972	0.2489	0.5560	0.4642
0.4983	0.2467	0.5560	0.4598
0.4993	0.2446	0.5560	0.4555
0.5003	0.2425	0.5560	0.4514
0.5014	0.2404	0.5560	0.4471
0.5024	0.2382	0.5560	0.4426
0.5034	0.2361	0.5560	0.4385
0.5044	0.2339	0.5560	0.4342
0.5054	0.2317	0.5560	0.4298
0.5082	0.2305	0.5580	0.4258
0.5092	0.2282	0.5580	0.4214
0.5102	0.2260	0.5580	0.4171
0.5111	0.2239	0.5580	0.4129
0.5121	0.2217	0.5580	0.4085
0.5130	0.2195	0.5580	0.4042
0.5156	0.2186	0.5600	0.4009
0.5165	0.2163	0.5600	0.3965
0.5174	0.2142	0.5600	0.3925
0.5202	0.2127	0.5620	0.3881
0.5211	0.2104	0.5620	0.3838
0.5220	0.2081	0.5620	0.3794
0.5229	0.2059	0.5620	0.3751
0.5238	0.2036	0.5620	0.3706
0.5247	0.2014	0.5620	0.3665
0.5274	0.1998	0.5640	0.3622
0.5283	0.1975	0.5640	0.3578
0.5310	0.1959	0.5660	0.3535
0.5319	0.1936	0.5660	0.3491
0.5327	0.1913	0.5660	0.3448
0.5335	0.1891	0.5660	0.3406
0.5362	0.1875	0.5680	0.3363
0.5370	0.1851	0.5680	0.3319
0.5378	0.1828	0.5680	0.3276
0.5386	0.1804	0.5680	0.3232
0.5413	0.1787	0.5700	0.3189
0.5420	0.1763	0.5700	0.3145
0.5428	0.1741	0.5700	0.3103
0.5453	0.1727	0.5720	0.3068
0.5460	0.1706	0.5720	0.3028
0.5467	0.1681	0.5720	0.2984
0.5474	0.1658	0.5720	0.2940
0.5501	0.1639	0.5740	0.2896
0.5508	0.1616	0.5740	0.2853
0.5534	0.1597	0.5760	0.2809
0.5541	0.1573	0.5760	0.2766
0.5548	0.1550	0.5760	0.2725
0.5573	0.1531	0.5780	0.2682
0.5580	0.1507	0.5780	0.2637
0.5587	0.1483	0.5780	0.2594
0.5612	0.1463	0.5800	0.2550
0.5619	0.1439	0.5800	0.2507
0.5644	0.1421	0.5820	0.2466
0.5650	0.1396	0.5820	0.2422
0.5656	0.1371	0.5820	0.2379
0.5682	0.1351	0.5840	0.2335
0.5687	0.1326	0.5840	0.2291
0.5693	0.1301	0.5840	0.2247
0.5717	0.1287	0.5860	0.2215
0.5722	0.1263	0.5860	0.2172
0.5747	0.1242	0.5880	0.2127
0.5753	0.1218	0.5880	0.2086
0.5777	0.1197	0.5900	0.2043
0.5783	0.1172	0.5900	0.1999
0.5807	0.1150	0.5920	0.1956
0.5812	0.1125	0.5920	0.1912
0.5837	0.1103	0.5940	0.1869
0.5841	0.1078	0.5940	0.1824
0.5846	0.1054	0.5940	0.1784
0.5870	0.1032	0.5960	0.1740
0.5874	0.1007	0.5960	0.1697
0.5899	0.0984	0.5980	0.1653
0.5921	0.0968	0.6000	0.1620
0.5926	0.0942	0.6000	0.1577
0.5949	0.0919	0.6020	0.1533
0.5953	0.0894	0.6020	0.1490
0.5977	0.0870	0.6040	0.1446
0.5981	0.0846	0.6040	0.1405
0.5984	0.0820	0.6040	0.1361
0.6007	0.0796	0.6060	0.1317
0.6031	0.0773	0.6080	0.1274
0.6054	0.0748	0.6100	0.1230
0.6057	0.0722	0.6100	0.1187
0.6080	0.0700	0.6120	0.1146
0.6083	0.0673	0.6120	0.1103
0.6106	0.0649	0.6140	0.1058
0.6108	0.0622	0.6140	0.1015
0.6130	0.0604	0.6160	0.0982
0.6133	0.0577	0.6160	0.0939
0.6155	0.0552	0.6180	0.0895
0.6178	0.0527	0.6200	0.0851
0.6180	0.0500	0.6200	0.0807
0.6202	0.0477	0.6220	0.0767
0.6224	0.0451	0.6240	0.0723
0.6226	0.0424	0.6240	0.0680
0.6247	0.0398	0.6260	0.0636
0.6269	0.0372	0.6280	0.0593
0.6271	0.0344	0.6280	0.0548
0.6292	0.0318	0.6300	0.0505
0.6313	0.0299	0.6320	0.0473
0.6314	0.0271	0.6320	0.0429
0.6335	0.0246	0.6340	0.0387
0.6356	0.0219	0.6360	0.0344
0.6357	0.0191	0.6360	0.0300
0.6378	0.0164	0.6380	0.0257
0.6399	0.0136	0.6400	0.0213
0.6399	0.0109	0.6400	0.0170
0.6419	0.0081	0.6420	0.0126
0.6440	0.0055	0.6440	0.0085
0.6460	0.0027	0.6460	0.0041
0.6480	0.0006	0.6480	0.0009
0.6480	-0.0022	0.6480	-0.0035
0.6500	-0.0051	0.6500	-0.0079
0.6520	-0.0080	0.6520	-0.0123
0.6539	-0.0108	0.6540	-0.0166
0.6559	-0.0138	0.6560	-0.0210
0.6558	-0.0166	0.6560	-0.0253
0.6577	-0.0196	0.6580	-0.0297
0.6596	-0.0225	0.6600	-0.0340
0.6615	-0.0254	0.6620	-0.0384
0.6634	-0.0284	0.6640	-0.0428
0.6653	-0.0306	0.6660	-0.0460
0.6672	-0.0337	0.6680	-0.0504
0.6670	-0.0366	0.6680	-0.0547
0.6688	-0.0396	0.6700	-0.0592
0.6706	-0.0426	0.6720	-0.0635
0.6724	-0.0457	0.6740	-0.0679
0.6742	-0.0488	0.6760	-0.0722
0.6760	-0.0519	0.6780	-0.0766
0.6778	-0.0548	0.6800	-0.0806
0.6795	-0.0579	0.6820	-0.0850
0.6813	-0.0605	0.6840	-0.0886
0.6830	-0.0636	0.6860	-0.0929
0.6847	-0.0668	0.6880	-0.0973
0.6864	-0.0700	0.6900	-0.1016
0.6881	-0.0730	0.6920	-0.1057
0.6878	-0.0761	0.6920	-0.1102
0.6895	-0.0793	0.6940	-0.1145
0.6951	-0.0830	0.7000	-0.1189
0.6967	-0.0863	0.7020	-0.1232
0.6963	-0.0893	0.7020	-0.1276
0.6980	-0.0921	0.7040	-0.1312
0.6996	-0.0951	0.7060	-0.1352
0.7031	-0.0988	0.7100	-0.1396
0.7046	-0.1021	0.7120	-0.1439
0.7062	-0.1055	0.7140	-0.1483
0.7077	-0.1089	0.7160	-0.1526
0.7092	-0.1123	0.7180	-0.1570
0.7126	-0.1160	0.7220	-0.1614
0.7121	-0.1191	0.7220	-0.1658
0.7157	-0.1221	0.7260	-0.1690
0.7171	-0.1256	0.7280	-0.1734
0.7185	-0.1291	0.7300	-0.1778
0.7199	-0.1326	0.7320	-0.1822
0.7232	-0.1365	0.7360	-0.1865
0.7246	-0.1400	0.7380	-0.1909
0.7279	-0.1439	0.7420	-0.1952
0.7292	-0.1475	0.7440	-0.1996
0.7307	-0.1503	0.7460	-0.2029
0.7340	-0.1543	0.7500	-0.2072
0.7352	-0.1579	0.7520	-0.2116
0.7384	-0.1620	0.7560	-0.2159
0.7397	-0.1657	0.7580	-0.2203
0.7429	-0.1697	0.7620	-0.2246
0.7440	-0.1735	0.7640	-0.2290
0.7452	-0.1771	0.7660	-0.2334
0.7485	-0.1805	0.7700	-0.2366
0.7516	-0.1848	0.7740	-0.2410
0.7527	-0.1886	0.7760	-0.2454
0.7558	-0.1928	0.7800	-0.2498
0.7569	-0.1966	0.7820	-0.2542
0.7599	-0.2009	0.7860	-0.2585
0.7629	-0.2053	0.7900	-0.2629
0.7639	-0.2091	0.7920	-0.2672
0.7671	-0.2127	0.7960	-0.2705
0.7700	-0.2171	0.8000	-0.2749
0.7709	-0.2210	0.8020	-0.2792
0.7738	-0.2255	0.8060	-0.2836
0.7767	-0.2300	0.8100	-0.2879
0.7776	-0.2340	0.8120	-0.2923
0.7804	-0.2385	0.8160	-0.2966
0.7834	-0.2422	0.8200	-0.2999
0.7861	-0.2469	0.8240	-0.3043
0.7848	-0.2577	0.8260	-0.3173
0.7851	-0.2693	0.8300	-0.3305
0.7820	-0.2721	0.8280	-0.3348
0.7770	-0.2742	0.8240	-0.3392
0.7739	-0.2769	0.8220	-0.3436
0.7687	-0.2796	0.8180	-0.3488
0.7657	-0.2822	0.8160	-0.3531
0.7607	-0.2842	0.8120	-0.3575
0.7576	-0.2867	0.8100	-0.3618
0.7525	-0.2886	0.8060	-0.3662
0.7494	-0.2912	0.8040	-0.3706
0.7444	-0.2930	0.8000	-0.3750
0.7413	-0.2955	0.7980	-0.3793
0.7381	-0.2980	0.7960	-0.3837
0.7351	-0.3002	0.7940	-0.3877
0.7297	-0.3027	0.7900	-0.3932
0.7265	-0.3051	0.7880	-0.3976
0.7234	-0.3075	0.7860	-0.4019
0.7202	-0.3099	0.7840	-0.4063
0.7152	-0.3114	0.7800	-0.4106
0.7119	-0.3137	0.7780	-0.4150
0.7088	-0.3160	0.7760	-0.4194
0.7037	-0.3174	0.7720	-0.4238
0.7006	-0.3194	0.7700	-0.4278
0.6992	-0.3225	0.7700	-0.4322
0.6939	-0.3245	0.7660	-0.4374
0.6906	-0.3267	0.7640	-0.4418
0.6875	-0.3286	0.7620	-0.4458
0.6843	-0.3307	0.7600	-0.4502
0.6792	-0.3319	0.7560	-0.4545
0.6779	-0.3347	0.7560	-0.4587
0.6728	-0.3359	0.7520	-0.4630
0.6697	-0.3377	0.7500	-0.4671
0.6664	-0.3398	0.7480	-0.4715
0.6631	-0.3417	0.7460	-0.4758
0.6617	-0.3445	0.7460	-0.4799
0.6563	-0.3462	0.7420	-0.4854
0.6531	-0.3479	0.7400	-0.4894
0.6498	-0.3498	0.7380	-0.4938
0.6466	-0.3515	0.7360	-0.4979
0.6433	-0.3534	0.7340	-0.5023
0.6401	-0.3552	0.7320	-0.5066
0.6386	-0.3578	0.7320	-0.5107
0.6335	-0.3586	0.7280	-0.5151
0.6320	-0.3614	0.7280	-0.5194
0.6287	-0.3630	0.7260	-0.5236
0.6233	-0.3644	0.7220	-0.5290
0.6218	-0.3669	0.7220	-0.5331
0.6202	-0.3696	0.7220	-0.5375
0.6152	-0.3701	0.7180	-0.5416
0.6136	-0.3728	0.7180	-0.5459
0.6103	-0.3744	0.7160	-0.5503
0.6071	-0.3758	0.7140	-0.5543
0.6037	-0.3775	0.7120	-0.5588
0.6004	-0.3790	0.7100	-0.5631
0.5971	-0.3804	0.7080	-0.5672
0.5955	-0.3830	0.7080	-0.5715
0.5921	-0.3845	0.7060	-0.5759
0.5889	-0.3858	0.7040	-0.5800
0.5852	-0.3878	0.7020	-0.5852
0.5818	-0.3892	0.7000	-0.5895
0.5801	-0.3917	0.7000	-0.5939
0.5769	-0.3929	0.6980	-0.5980
0.5751	-0.3955	0.6980	-0.6024
0.5718	-0.3968	0.6960	-0.6067
0.5685	-0.3980	0.6940	-0.6108
0.5651	-0.3994	0.6920	-0.6152
0.5635	-0.4017	0.6920	-0.6192
0.5601	-0.4030	0.6900	-0.6237
0.5567	-0.4042	0.6880	-0.6280
0.5551	-0.4065	0.6880	-0.6321
0.5517	-0.4077	0.6860	-0.6364
0.5483	-0.4089	0.6840	-0.6408
0.5446	-0.4106	0.6820	-0.6460
0.5429	-0.4128	0.6820	-0.6501
0.5395	-0.4139	0.6800	-0.6544
0.5377	-0.4163	0.6800	-0.6588
0.5344	-0.4172	0.6780	-0.6629
0.5326	-0.4196	0.6780	-0.6673
0.5292	-0.4206	0.6760	-0.6716
0.5275	-0.4228	0.6760	-0.6757
0.5240	-0.4239	0.6740	-0.6801
0.5206	-0.4249	0.6720	-0.6844
0.5189	-0.4270	0.6720	-0.6886
0.5170	-0.4292	0.6720	-0.6929
0.5137	-0.4301	0.6700	-0.6970
0.5103	-0.4310	0.6680	-0.7013
0.5084	-0.4333	0.6680	-0.7057
0.5051	-0.4340	0.6660	-0.7098
0.5033	-0.4362	0.6660	-0.7142
0.4995	-0.4375	0.6640	-0.7193
0.4976	-0.4397	0.6640	-0.7238
0.4943	-0.4404	0.6620	-0.7278
0.4923	-0.4425	0.6620	-0.7322
0.4889	-0.4433	0.6600	-0.7365
0.4871	-0.4453	0.6600	-0.7406
0.4837	-0.4461	0.6580	-0.7450
0.4817	-0.4482	0.6580	-0.7493
0.4784	-0.4488	0.6560	-0.7535
0.4765	-0.4509	0.6560	-0.7578
0.4731	-0.4516	0.6540	-0.7622
0.4712	-0.4535	0.6540	-0.7662
0.4692	-0.4556	0.6540	-0.7706
0.4659	-0.4561	0.6520	-0.7748
0.4639	-0.4581	0.6520	-0.7791
0.4605	-0.4587	0.6500	-0.7835
0.4586	-0.4606	0.6500	-0.7875
0.4566	-0.4626	0.6500	-0.7919
0.4532	-0.4631	0.6480	-0.7962
0.4513	-0.4650	0.6480	-0.8004
0.4475	-0.4659	0.6460	-0.8055
0.4454	-0.4679	0.6460	-0.8099
0.4434	-0.4698	0.6460	-0.8143
0.4401	-0.4701	0.6440	-0.8184
0.4381	-0.4720	0.6440	-0.8227
0.4360	-0.4740	0.6440	-0.8271
0.4341	-0.4757	0.6440	-0.8311
0.4306	-0.4761	0.6420	-0.8355
0.4286	-0.4780	0.6420	-0.8399
0.4266	-0.4798	0.6420	-0.8440
0.4232	-0.4801	0.6400	-0.8484
0.4212	-0.4818	0.6400	-0.8524
0.4191	-0.4837	0.6400	-0.8568
0.4157	-0.4840	0.6380	-0.8611
0.4137	-0.4857	0.6380	-0.8653
0.4116	-0.4875	0.6380	-0.8696
0.4082	-0.4877	0.6360	-0.8740
0.4062	-0.4894	0.6360	-0.8781
0.4040	-0.4912	0.6360	-0.8824
0.4007	-0.4913	0.6340	-0.8865
0.3986	-0.4930	0.6340	-0.8909
0.3952	-0.4932	0.6320	-0.8953
0.3945	-0.4964	0.6340	-0.8993
0.3923	-0.4981	0.6340	-0.9037
0.3888	-0.4982	0.6320	-0.9081
0.3868	-0.4998	0.6320	-0.9121
0.3830	-0.5002	0.6300	-0.9173
0.3826	-0.5030	0.6320	-0.9206
0.3804	-0.5047	0.6320	-0.9250
0.3766	-0.5051	0.6300	-0.9302
0.3744	-0.5067	0.6300	-0.9345
0.3709	-0.5067	0.6280	-0.9389
0.3700	-0.5099	0.6300	-0.9430
0.3678	-0.5115	0.6300	-0.9473
0.3646	-0.5114	0.6280	-0.9515
0.3623	-0.5129	0.6280	-0.9558
0.3601	-0.5145	0.6280	-0.9602
0.3580	-0.5160	0.6280	-0.9642
0.3557	-0.5175	0.6280	-0.9686
0.3524	-0.5174	0.6260	-0.9729
0.3502	-0.5189	0.6260	-0.9770
0.3479	-0.5204	0.6260	-0.9815
0.3458	-0.5218	0.6260	-0.9855
0.3435	-0.5233	0.6260	-0.9899
0.3413	-0.5248	0.6260	-0.9942
0.3391	-0.5262	0.6260	-0.9983
0.3357	-0.5260	0.6240	-1.0027
0.3334	-0.5274	0.6240	-1.0071
0.3313	-0.5288	0.6240	-1.0112
0.3290	-0.5302	0.6240	-1.0155
0.3268	-0.5316	0.6240	-1.0196
0.3245	-0.5330	0.6240	-1.0239
0.3221	-0.5344	0.6240	-1.0283
0.3199	-0.5357	0.6240	-1.0325
0.3176	-0.5371	0.6240	-1.0368
0.3142	-0.5368	0.6220	-1.0412
0.3121	-0.5381	0.6220	-1.0452
0.3097	-0.5394	0.6220	-1.0496
0.3075	-0.5407	0.6220	-1.0537
0.3051	-0.5420	0.6220	-1.0581
0.3028	-0.5433	0.6220	-1.0624
0.3005	-0.5446	0.6220	-1.0665
0.2981	-0.5459	0.6220	-1.0709
0.2967	-0.5489	0.6240	-1.0752
0.2945	-0.5501	0.6240	-1.0793
0.2912	-0.5496	0.6220	-1.0837
0.2889	-0.5508	0.6220	-1.0878
0.2865	-0.5521	0.6220	-1.0922
0.2841	-0.5533	0.6220	-1.0965
0.2818	-0.5545	0.6220	-1.1006
0.2794	-0.5557	0.6220	-1.1049
0.2769	-0.5569	0.6220	-1.1094
0.2747	-0.5581	0.6220	-1.1134
0.2722	-0.5593	0.6220	-1.1178
0.2708	-0.5622	0.6240	-1.1219
0.2684	-0.5633	0.6240	-1.1262
0.2650	-0.5627	0.6220	-1.1306
0.2628	-0.5638	0.6220	-1.1347
0.2603	-0.5649	0.6220	-1.1391
0.2587	-0.5679	0.6240	-1.1434
0.2563	-0.5689	0.6240	-1.1475
0.2530	-0.5682	0.6220	-1.1518
0.2515	-0.5711	0.6240	-1.1560
0.2490	-0.5722	0.6240	-1.1604
0.2465	-0.5732	0.6240	-1.1647
0.2441	-0.5743	0.6240	-1.1688
0.2417	-0.5753	0.6240	-1.1731
0.2391	-0.5764	0.6240	-1.1775
0.2368	-0.5773	0.6240	-1.1815
0.2343	-0.5784	0.6240	-1.1860
0.2326	-0.5812	0.6260	-1.1901
0.2301	-0.5822	0.6260	-1.1944
0.2275	-0.5832	0.6260	-1.1988
0.2252	-0.5841	0.6260	-1.2028
0.2226	-0.5851	0.6260	-1.2072
0.2201	-0.5860	0.6260	-1.2116
0.2184	-0.5888	0.6280	-1.2157
0.2158	-0.5898	0.6280	-1.2201
0.2127	-0.5888	0.6260	-1.2241
0.2108	-0.5916	0.6280	-1.2285
0.2082	-0.5925	0.6280	-1.2328
0.2058	-0.5933	0.6280	-1.2370
0.2039	-0.5961	0.6300	-1.2413
0.2012	-0.5970	0.6300	-1.2457
0.1988	-0.5978	0.6300	-1.2498
0.1962	-0.5987	0.6300	-1.2541
0.1934	-0.5996	0.6300	-1.2587
0.1908	-0.6004	0.6300	-1.2631
0.1882	-0.6012	0.6300	-1.2675
0.1866	-0.6038	0.6320	-1.2710
0.1840	-0.6046	0.6320	-1.2754
0.1814	-0.6054	0.6320	-1.2797
0.1791	-0.6082	0.6340	-1.2844
0.1765	-0.6089	0.6340	-1.2887
0.1738	-0.6097	0.6340	-1.2931
0.1711	-0.6105	0.6340	-1.2975
0.1683	-0.6113	0.6340	-1.3022
0.1662	-0.6139	0.6360	-1.3065
0.1635	-0.6146	0.6360	-1.3109
0.1606	-0.6154	0.6360	-1.3155
0.1525	-0.6174	0.6360	-1.3286
0.1377	-0.5963	0.6120	-1.3439
0.1351	-0.5969	0.6120	-1.3482
0.1306	-0.5897	0.6040	-1.3529
0.1253	-0.5806	0.5940	-1.3583
0.1211	-0.5734	0.5860	-1.3627
0.1159	-0.5642	0.5760	-1.3681
0.1109	-0.5550	0.5660	-1.3736
0.1065	-0.5477	0.5580	-1.3788
0.1025	-0.5404	0.5500	-1.3834
0.0982	-0.5330	0.5420	-1.3885
0.0939	-0.5257	0.5340	-1.3940
0.0901	-0.5182	0.5260	-1.3987
0.0861	-0.5108	0.5180	-1.4039
0.0823	-0.5053	0.5120	-1.4093
0.0790	-0.4998	0.5060	-1.4139
0.0754	-0.4933	0.4990	-1.4191
0.0721	-0.4867	0.4920	-1.4237
0.0686	-0.4811	0.4860	-1.4292
0.0651	-0.4745	0.4790	-1.4344
0.0621	-0.4689	0.4730	-1.4391
0.0591	-0.4643	0.4680	-1.4442
0.0559	-0.4596	0.4630	-1.4497
0.0531	-0.4539	0.4570	-1.4543
0.0501	-0.4482	0.4510	-1.4595
0.0471	-0.4435	0.4460	-1.4650
0.0447	-0.4387	0.4410	-1.4693
0.0418	-0.4340	0.4360	-1.4747
0.0390	-0.4292	0.4310	-1.4802
0.0367	-0.4244	0.4260	-1.4846
0.0339	-0.4196	0.4210	-1.4901
0.0313	-0.4148	0.4160	-1.4954
0.0292	-0.4110	0.4120	-1.4998
0.0267	-0.4071	0.4080	-1.5053
0.0242	-0.4023	0.4030	-1.5108
0.0222	-0.3984	0.3990	-1.5151
0.0198	-0.3945	0.3950	-1.5206
0.0179	-0.3906	0.3910	-1.5250
0.0156	-0.3867	0.3870	-1.5304
0.0134	-0.3828	0.3830	-1.5358
0.0116	-0.3798	0.3800	-1.5402
0.0094	-0.3759	0.3760	-1.5457
0.0073	-0.3719	0.3720	-1.5511
0.0057	-0.3690	0.3690	-1.5555
0.0036	-0.3650	0.3650	-1.5609
0.0019	-0.3620	0.3620	-1.5655
-0.0000	-0.3590	0.3590	-1.5708
-0.0019	-0.3550	0.3550	-1.5762
-0.0034	-0.3520	0.3520	-1.5806
-0.0053	-0.3490	0.3490	-1.5860
-0.0072	-0.3459	0.3460	-1.5915
-0.0086	-0.3429	0.3430	-1.5958
-0.0104	-0.3398	0.3400	-1.6013
-0.0118	-0.3368	0.3370	-1.6057
-0.0134	-0.3337	0.3340	-1.6111
-0.0152	-0.3317	0.3320	-1.6165
-0.0165	-0.3286	0.3290	-1.6209
-0.0182	-0.3265	0.3270	-1.6264
-0.0195	-0.3234	0.3240	-1.6310
-0.0210	-0.3203	0.3210	-1.6362
-0.0226	-0.3182	0.3190	-1.6416
-0.0239	-0.3161	0.3170	-1.6462
-0.0253	-0.3130	0.3140	-1.6514
-0.0267	-0.3098	0.3110	-1.6569
-0.0280	-0.3077	0.3090	-1.6616
-0.0294	-0.3056	0.3070	-1.6668
-0.0306	-0.3035	0.3050	-1.6714
-0.0320	-0.3013	0.3030	-1.6765
-0.0331	-0.2982	0.3000	-1.6812
-0.0344	-0.2960	0.2980	-1.6866
-0.0356	-0.2949	0.2970	-1.6910
-0.0370	-0.2927	0.2950	-1.6965
-0.0380	-0.2905	0.2930	-1.7008
-0.0393	-0.2883	0.2910	-1.7063
-0.0406	-0.2861	0.2890	-1.7117
-0.0416	-0.2840	0.2870	-1.7161
-0.0428	-0.2818	0.2850	-1.7215
-0.0436	-0.2796	0.2830	-1.7256
-0.0449	-0.2784	0.2820	-1.7308
-0.0458	-0.2762	0.2800	-1.7352
-0.0469	-0.2740	0.2780	-1.7404
-0.0480	-0.2718	0.2760	-1.7456
-0.0487	-0.2696	0.2740	-1.7496
-0.0498	-0.2674	0.2720	-1.7549
-0.0508	-0.2652	0.2700	-1.7601
-0.0517	-0.2640	0.2690	-1.7644
-0.0527	-0.2617	0.2670	-1.7695
-0.0536	-0.2605	0.2660	-1.7737
-0.0545	-0.2583	0.2640	-1.7788
-0.0554	-0.2571	0.2630	-1.7832
-0.0563	-0.2548	0.2610	-1.7883
-0.0572	-0.2536	0.2600	-1.7925
-0.0580	-0.2514	0.2580	-1.7976
-0.0589	-0.2502	0.2570	-1.8020
-0.0597	-0.2479	0.2550	-1.8072
-0.0605	-0.2467	0.2540	-1.8112
-0.0615	-0.2454	0.2530	-1.8164
-0.0621	-0.2432	0.2510	-1.8208
-0.0631	-0.2419	0.2500	-1.8260
-0.0639	-0.2407	0.2490	-1.8301
-0.0646	-0.2384	0.2470	-1.8353
-0.0653	-0.2372	0.2460	-1.8396
-0.0663	-0.2359	0.2450	-1.8448
-0.0670	-0.2336	0.2430	-1.8500
-0.0676	-0.2324	0.2420	-1.8541
-0.0686	-0.2310	0.2410	-1.8593
-0.0693	-0.2298	0.2400	-1.8636
-0.0699	-0.2285	0.2390	-1.8677
-0.0705	-0.2263	0.2370	-1.8729
-0.0715	-0.2260	0.2370	-1.8773
-0.0724	-0.2246	0.2360	-1.8825
-0.0729	-0.2224	0.2340	-1.8877
-0.0735	-0.2211	0.2330	-1.8917
-0.0741	-0.2198	0.2320	-1.8961
-0.0750	-0.2185	0.2310	-1.9013
-0.0755	-0.2172	0.2300	-1.9054
-0.0763	-0.2159	0.2290	-1.9106
-0.0773	-0.2156	0.2290	-1.9149
-0.0777	-0.2133	0.2270	-1.9201
-0.0782	-0.2120	0.2260	-1.9242
-0.0790	-0.2107	0.2250	-1.9294
-0.0795	-0.2094	0.2240	-1.9337
-0.0804	-0.2091	0.2240	-1.9378
-0.0811	-0.2077	0.2230	-1.9430
-0.0816	-0.2064	0.2220	-1.9474
-0.0823	-0.2051	0.2210	-1.9526
-0.0828	-0.2038	0.2200	-1.9566
-0.0835	-0.2025	0.2190	-1.9618
-0.0844	-0.2021	0.2190	-1.9662
-0.0848	-0.2008	0.2180	-1.9703
-0.0854	-0.1995	0.2170	-1.9755
-0.0857	-0.1972	0.2150	-1.9807
-0.0865	-0.1968	0.2150	-1.9850
-0.0869	-0.1955	0.2140	-1.9891
-0.0878	-0.1952	0.2140	-1.9934
-0.0884	-0.1938	0.2130	-1.9986
-0.0885	-0.1915	0.2110	-2.0038
-0.0893	-0.1912	0.2110	-2.0079
-0.0901	-0.1908	0.2110	-2.0120
-0.0907	-0.1894	0.2100	-2.0175
-0.0915	-0.1890	0.2100	-2.0215
-0.0918	-0.1878	0.2090	-2.0256
-0.0926	-0.1873	0.2090	-2.0300
-0.0932	-0.1860	0.2080	-2.0352
-0.0935	-0.1847	0.2070	-2.0392
-0.0943	-0.1843	0.2070	-2.0436
-0.0943	-0.1820	0.2050	-2.0488
-0.0950	-0.1816	0.2050	-2.0528
-0.0955	-0.1803	0.2040	-2.0581
-0.0963	-0.1798	0.2040	-2.0624
-0.0970	-0.1794	0.2040	-2.0666
-0.0975	-0.1781	0.2030	-2.0717
-0.0978	-0.1768	0.2020	-2.0761
-0.0982	-0.1754	0.2010	-2.0812
-0.0989	-0.1750	0.2010	-2.0854
-0.0992	-0.1737	0.2000	-2.0897
-0.0996	-0.1723	0.1990	-2.0949
-0.1003	-0.1719	0.1990	-2.0990
-0.1010	-0.1714	0.1990	-2.1034
-0.1014	-0.1701	0.1980	-2.1086
-0.1016	-0.1688	0.1970	-2.1126
-0.1023	-0.1683	0.1970	-2.1170
-0.1027	-0.1670	0.1960	-2.1222
-0.1034	-0.1665	0.1960	-2.1263
-0.1037	-0.1651	0.1950	-2.1315
-0.1044	-0.1647	0.1950	-2.1358
-0.1045	-0.1634	0.1940	-2.1399
-0.1052	-0.1630	0.1940	-2.1442
-0.1059	-0.1625	0.1940	-2.1483
-0.1062	-0.1611	0.1930	-2.1535
-0.1069	-0.1607	0.1930	-2.1576
-0.1072	-0.1593	0.1920	-2.1631
-0.1073	-0.1580	0.1910	-2.1671
-0.1080	-0.1576	0.1910	-2.1715
-0.1082	-0.1562	0.1900	-2.1767
-0.1089	-0.1557	0.1900	-2.1808
-0.1095	-0.1553	0.1900	-2.1852
-0.1097	-0.1539	0.1890	-2.1903
-0.1104	-0.1534	0.1890	-2.1947
-0.1110	-0.1529	0.1890	-2.1988
-0.1111	-0.1516	0.1880	-2.2032
-0.1113	-0.1503	0.1870	-2.2084
-0.1120	-0.1498	0.1870	-2.2127
-0.1121	-0.1484	0.1860	-2.2178
-0.1128	-0.1479	0.1860	-2.2223
-0.1134	-0.1474	0.1860	-2.2264
-0.1134	-0.1462	0.1850	-2.2307
-0.1140	-0.1457	0.1850	-2.2348
-0.1146	-0.1452	0.1850	-2.2391
-0.1148	-0.1438	0.1840	-2.2443
-0.1154	-0.1433	0.1840	-2.2487
-0.1155	-0.1419	0.1830	-2.2539
-0.1161	-0.1414	0.1830	-2.2582
-0.1167	-0.1410	0.1830	-2.2623
-0.1168	-0.1396	0.1820	-2.2675
-0.1174	-0.1391	0.1820	-2.2719
-0.1180	-0.1386	0.1820	-2.2762
-0.1179	-0.1373	0.1810	-2.2804
-0.1185	-0.1368	0.1810	-2.2847
-0.1191	-0.1363	0.1810	-2.2888
-0.1192	-0.1349	0.1800	-2.2943
-0.1197	-0.1344	0.1800	-2.2983
-0.1203	-0.1339	0.1800	-2.3027
-0.1208	-0.1334	0.1800	-2.3068
-0.1209	-0.1320	0.1790	-2.3123
-0.1214	-0.1315	0.1790	-2.3163
-0.1214	-0.1302	0.1780	-2.3215
-0.1220	-0.1296	0.1780	-2.3259
-0.1226	-0.1291	0.1780	-2.3302
-0.1231	-0.1286	0.1780	-2.3343
-0.1229	-0.1273	0.1770	-2.3386
-0.1235	-0.1268	0.1770	-2.3428
-0.1240	-0.1263	0.1770	-2.3472
-0.1246	-0.1257	0.1770	-2.3515
-0.1245	-0.1244	0.1760	-2.3567
-0.1250	-0.1239	0.1760	-2.3608
-0.1250	-0.1225	0.1750	-2.3663
-0.1255	-0.1220	0.1750	-2.3703
-0.1260	-0.1214	0.1750	-2.3747
-0.1259	-0.1201	0.1740	-2.3799
-0.1270	-0.1204	0.1750	-2.3831
-0.1269	-0.1190	0.1740	-2.3883
-0.1274	-0.1185	0.1740	-2.3927
-0.1279	-0.1179	0.1740	-2.3967
-0.1284	-0.1174	0.1740	-2.4012
-0.1289	-0.1169	0.1740	-2.4053
-0.1288	-0.1155	0.1730	-2.4107
-0.1293	-0.1150	0.1730	-2.4148
-0.1298	-0.1144	0.1730	-2.4192
-0.1295	-0.1132	0.1720	-2.4232
-0.1300	-0.1126	0.1720	-2.4276
-0.1305	-0.1121	0.1720	-2.4319
-0.1309	-0.1115	0.1720	-2.4361
-0.1314	-0.1110	0.1720	-2.4404
-0.1319	-0.1104	0.1720	-2.4445
-0.1317	-0.1091	0.1710	-2.4500
-0.1322	-0.1085	0.1710	-2.4541
-0.1326	-0.1079	0.1710	-2.4584
-0.1331	-0.1074	0.1710	-2.4625
-0.1335	-0.1068	0.1710	-2.4668
-0.1340	-0.1062	0.1710	-2.4712
-0.1338	-0.1049	0.1700	-2.4764
-0.1342	-0.1044	0.1700	-2.4805
-0.1340	-0.1030	0.1690	-2.4859
-0.1344	-0.1025	0.1690	-2.4900
-0.1348	-0.1019	0.1690	-2.4944
-0.1352	-0.1013	0.1690	-2.4985
-0.1357	-0.1008	0.1690	-2.5029
-0.1361	-0.1002	0.1690	-2.5072
-0.1365	-0.0996	0.1690	-2.5113
-0.1370	-0.0990	0.1690	-2.5157
-0.1374	-0.0984	0.1690	-2.5198
-0.1378	-0.0978	0.1690	-2.5242
-0.1382	-0.0972	0.1690	-2.5285
-0.1379	-0.0960	0.1680	-2.5337
-0.1383	-0.0954	0.1680	-2.5378
-0.1387	-0.0948	0.1680	-2.5421
-0.1391	-0.0942	0.1680	-2.5465
-0.1395	-0.0936	0.1680	-2.5506
-0.1399	-0.0930	0.1680	-2.5549
-0.1403	-0.0924	0.1680	-2.5591
-0.1407	-0.0918	0.1680	-2.5634
-0.1411	-0.0912	0.1680	-2.5678
-0.1407	-0.0899	0.1670	-2.5730
-0.1411	-0.0893	0.1670	-2.5771
-0.1415	-0.0887	0.1670	-2.5814
-0.1419	-0.0881	0.1670	-2.5858
-0.1422	-0.0875	0.1670	-2.5898
-0.1426	-0.0869	0.1670	-2.5942
-0.1430	-0.0863	0.1670	-2.5986
-0.1434	-0.0857	0.1670	-2.6030
-0.1437	-0.0850	0.1670	-2.6073
-0.1441	-0.0844	0.1670	-2.6120
-0.1445	-0.0837	0.1670	-2.6163
-0.1449	-0.0831	0.1670	-2.6207
-0.1452	-0.0825	0.1670	-2.6250
-0.1456	-0.0818	0.1670	-2.6296
-0.1459	-0.0812	0.1670	-2.6340
-0.1463	-0.0805	0.1670	-2.6384
-0.1466	-0.0799	0.1670	-2.6428
-0.1470	-0.0792	0.1670	-2.6474
-0.1474	-0.0786	0.1670	-2.6518
-0.1477	-0.0779	0.1670	-2.6561
-0.1480	-0.0773	0.1670	-2.6605
-0.1484	-0.0766	0.1670	-2.6651
-0.1479	-0.0754	0.1660	-2.6703
-0.1483	-0.0747	0.1660	-2.6750
-0.1486	-0.0740	0.1660	-2.6793
-0.1489	-0.0734	0.1660	-2.6837
-0.1492	-0.0727	0.1660	-2.6880
-0.1496	-0.0720	0.1660	-2.6927
-0.1499	-0.0714	0.1660	-2.6970
-0.1502	-0.0707	0.1660	-2.7014
-0.1505	-0.0701	0.1660	-2.7058
-0.1508	-0.0694	0.1660	-2.7104
-0.1511	-0.0687	0.1660	-2.7148
-0.1514	-0.0681	0.1660	-2.7191
-0.1517	-0.0674	0.1660	-2.7235
-0.1520	-0.0667	0.1660	-2.7278
-0.1523	-0.0660	0.1660	-2.7325
-0.1526	-0.0654	0.1660	-2.7368
-0.1529	-0.0647	0.1660	-2.7412
-0.1531	-0.0640	0.1660	-2.7455
-0.1534	-0.0633	0.1660	-2.7502
-0.1537	-0.0627	0.1660	-2.7546
-0.1540	-0.0620	0.1660	-2.7590
-0.1543	-0.0613	0.1660	-2.7633
-0.1545	-0.0606	0.1660	-2.7680
-0.1548	-0.0599	0.1660	-2.7723
-0.1551	-0.0592	0.1660	-2.7767
-0.1553	-0.0586	0.1660	-2.7810
-0.1565	-0.0584	0.1670	-2.7846
-0.1567	-0.0577	0.1670	-2.7890
-0.1570	-0.0570	0.1670	-2.7933
-0.1572	-0.0563	0.1670	-2.7980
-0.1575	-0.0556	0.1670	-2.8023
-0.1577	-0.0549	0.1670	-2.8067
-0.1580	-0.0542	0.1670	-2.8110
-0.1582	-0.0535	0.1670	-2.8156
-0.1584	-0.0528	0.1670	-2.8200
-0.1587	-0.0521	0.1670	-2.8243
-0.1589	-0.0514	0.1670	-2.8288
-0.1591	-0.0507	0.1670	-2.8334
-0.1594	-0.0500	0.1670	-2.8378
-0.1596	-0.0493	0.1670	-2.8421
-0.1598	-0.0486	0.1670	-2.8465
-0.1600	-0.0478	0.1670	-2.8511
-0.1602	-0.0471	0.1670	-2.8555
-0.1604	-0.0464	0.1670	-2.8598
-0.1606	-0.0457	0.1670	-2.8642
-0.1608	-0.0450	0.1670	-2.8688
-0.1610	-0.0443	0.1670	-2.8732
-0.1612	-0.0436	0.1670	-2.8776
-0.1614	-0.0429	0.1670	-2.8820
-0.1625	-0.0426	0.1680	-2.8855
-0.1627	-0.0419	0.1680	-2.8898
-0.1629	-0.0411	0.1680	-2.8942
-0.1631	-0.0404	0.1680	-2.8988
-0.1632	-0.0397	0.1680	-2.9032
-0.1634	-0.0390	0.1680	-2.9076
-0.1636	-0.0383	0.1680	-2.9119
-0.1638	-0.0375	0.1680	-2.9166
-0.1639	-0.0368	0.1680	-2.9209
-0.1641	-0.0361	0.1680	-2.9253
-0.1652	-0.0357	0.1690	-2.9288
-0.1653	-0.0350	0.1690	-2.9332
-0.1655	-0.0342	0.1690	-2.9376
-0.1656	-0.0335	0.1690	-2.9419
-0.1658	-0.0327	0.1690	-2.9466
-0.1659	-0.0320	0.1690	-2.9509
-0.1670	-0.0317	0.1700	-2.9542
-0.1672	-0.0309	0.1700	-2.9589
-0.1673	-0.0302	0.1700	-2.9632
-0.1684	-0.0298	0.1710	-2.9667
-0.1685	-0.0290	0.1710	-2.9711
-0.1686	-0.0283	0.1710	-2.9754
-0.1688	-0.0275	0.1710	-2.9799
-0.1689	-0.0268	0.1710	-2.9845
-0.1690	-0.0260	0.1710	-2.9889
-0.1691	-0.0253	0.1710	-2.9932
-0.1692	-0.0245	0.1710	-2.9976
-0.1693	-0.0238	0.1710	-3.0019
-0.1694	-0.0230	0.1710	-3.0066
-0.1705	-0.0226	0.1720	-3.0099
-0.1706	-0.0218	0.1720	-3.0145
-0.1707	-0.0211	0.1720	-3.0186
-0.1718	-0.0205	0.1730	-3.0226
-0.1719	-0.0198	0.1730	-3.0267
-0.1719	-0.0191	0.1730	-3.0309
-0.1720	-0.0184	0.1730	-3.0352
-0.1721	-0.0177	0.1730	-3.0393
-0.1722	-0.0170	0.1730	-3.0434
-0.1732	-0.0165	0.1740	-3.0467
-0.1733	-0.0158	0.1740	-3.0507
-0.1733	-0.0151	0.1740	-3.0548
-0.1734	-0.0144	0.1740	-3.0589
-0.1735	-0.0137	0.1740	-3.0630
-0.1745	-0.0132	0.1750	-3.0662
-0.1746	-0.0125	0.1750	-3.0704
-0.1746	-0.0117	0.1750	-3.0745
-0.1747	-0.0110	0.1750	-3.0785
-0.1757	-0.0105	0.1760	-3.0819
-0.1757	-0.0098	0.1760	-3.0859
-0.1758	-0.0091	0.1760	-3.0900
-0.1758	-0.0083	0.1760	-3.0943
-0.1758	-0.0076	0.1760	-3.0984
-0.1769	-0.0071	0.1770	-3.1014
-0.2238	-0.0082	0.2240	-3.1048
-0.1769	-0.0064	0.1770	-3.1055
-0.2249	-0.0073	0.2250	-3.1091
-0.1769	-0.0056	0.1770	-3.1100
-0.2249	-0.0063	0.2250	-3.1135
-0.1769	-0.0049	0.1770	-3.1140
-0.2259	-0.0056	0.2260	-3.1168
-0.1780	-0.0042	0.1780	-3.1181
-0.2270	-0.0047	0.2270	-3.1211
-0.1780	-0.0034	0.1780	-3.1222
-0.2270	-0.0036	0.2270	-3.1258
-0.1780	-0.0027	0.1780	-3.1263
-0.2280	-0.0029	0.2280	-3.1290
-0.1780	-0.0019	0.1780	-3.1307
-0.2280	-0.0019	0.2280	-3.1333
-0.2290	-0.0009	0.2290	-3.1378
-0.2300	-0.0001	0.2300	-3.1413
