x	y	r	phi
-0.5460	0.0013	0.5460	3.1392
-0.5440	0.0038	0.5440	3.1346
-0.5440	0.0064	0.5440	3.1299
-0.5419	0.0088	0.5420	3.1253
-0.5419	0.0114	0.5420	3.1206
-0.5398	0.0138	0.5400	3.1160
-0.5398	0.0162	0.5400	3.1117
-0.5377	0.0186	0.5380	3.1070
-0.5376	0.0211	0.5380	3.1024
-0.5355	0.0235	0.5360	3.0978
-0.5354	0.0260	0.5360	3.0931
-0.5332	0.0288	0.5340	3.0876
-0.5331	0.0313	0.5340	3.0830
-0.5329	0.0337	0.5340	3.0784
-0.5328	0.0362	0.5340	3.0737
-0.5306	0.0385	0.5320	3.0691
-0.5304	0.0410	0.5320	3.0645
-0.5282	0.0433	0.5300	3.0598
-0.5280	0.0456	0.5300	3.0555
-0.5278	0.0481	0.5300	3.0508
-0.5256	0.0503	0.5280	3.0462
-0.5254	0.0527	0.5280	3.0416
-0.5231	0.0550	0.5260	3.0369
-0.5229	0.0574	0.5260	3.0323
-0.5226	0.0598	0.5260	3.0277
-0.5203	0.0618	0.5240	3.0233
-0.5200	0.0642	0.5240	3.0187
-0.5197	0.0667	0.5240	3.0140
-0.5194	0.0691	0.5240	3.0094
-0.5191	0.0715	0.5240	3.0048
-0.5167	0.0740	0.5220	2.9993
-0.5144	0.0762	0.5200	2.9946
-0.5160	0.0788	0.5220	2.9900
-0.5137	0.0809	0.5200	2.9854
-0.5133	0.0833	0.5200	2.9807
-0.5129	0.0857	0.5200	2.9761
-0.5125	0.0880	0.5200	2.9715
-0.5101	0.0899	0.5180	2.9671
-0.5097	0.0923	0.5180	2.9625
-0.5093	0.0947	0.5180	2.9578
-0.5088	0.0970	0.5180	2.9532
-0.5064	0.0990	0.5160	2.9486
-0.5059	0.1013	0.5160	2.9439
-0.5055	0.1037	0.5160	2.9393
-0.5050	0.1059	0.5160	2.9349
-0.5045	0.1082	0.5160	2.9303
-0.5021	0.1101	0.5140	2.9257
-0.5015	0.1125	0.5140	2.9210
-0.5010	0.1148	0.5140	2.9164
-0.5005	0.1171	0.5140	2.9118
-0.4999	0.1194	0.5140	2.9071
-0.4994	0.1217	0.5140	2.9025
-0.4968	0.1240	0.5120	2.8970
-0.4962	0.1263	0.5120	2.8924
-0.4956	0.1286	0.5120	2.8877
-0.4971	0.1309	0.5140	2.8842
-0.4944	0.1331	0.5120	2.8787
-0.4938	0.1355	0.5120	2.8738
-0.4931	0.1377	0.5120	2.8692
-0.4924	0.1401	0.5120	2.8643
-0.4918	0.1425	0.5120	2.8596
-0.4911	0.1447	0.5120	2.8550
-0.4904	0.1471	0.5120	2.8501
-0.4878	0.1488	0.5100	2.8454
-0.4880	0.1515	0.5110	2.8405
-0.4873	0.1538	0.5110	2.8359
-0.4866	0.1560	0.5110	2.8313
-0.4858	0.1584	0.5110	2.8264
-0.4851	0.1607	0.5110	2.8218
-0.4843	0.1630	0.5110	2.8169
-0.4835	0.1653	0.5110	2.8122
-0.4828	0.1675	0.5110	2.8076
-0.4810	0.1696	0.5100	2.8027
-0.4802	0.1718	0.5100	2.7980
-0.4803	0.1745	0.5110	2.7931
-0.4795	0.1767	0.5110	2.7885
-0.4787	0.1789	0.5110	2.7839
-0.4778	0.1813	0.5110	2.7789
-0.4769	0.1835	0.5110	2.7743
-0.4760	0.1858	0.5110	2.7694
-0.4751	0.1881	0.5110	2.7647
-0.4733	0.1899	0.5100	2.7601
-0.4743	0.1929	0.5120	2.7552
-0.4734	0.1951	0.5120	2.7506
-0.4705	0.1967	0.5100	2.7456
-0.4715	0.1996	0.5120	2.7410
-0.4705	0.2018	0.5120	2.7364
-0.4695	0.2042	0.5120	2.7314
-0.4686	0.2063	0.5120	2.7268
-0.4676	0.2086	0.5120	2.7220
-0.4666	0.2108	0.5120	2.7174
-0.4656	0.2129	0.5120	2.7127
-0.4646	0.2152	0.5120	2.7078
-0.4636	0.2174	0.5120	2.7032
-0.4645	0.2200	0.5140	2.6993
-0.4635	0.2222	0.5140	2.6946
-0.4624	0.2244	0.5140	2.6897
-0.4614	0.2266	0.5140	2.6851
-0.4603	0.2288	0.5140	2.6802
-0.4592	0.2310	0.5140	2.6756
-0.4581	0.2331	0.5140	2.6709
-0.4587	0.2362	0.5160	2.6661
-0.4576	0.2384	0.5160	2.6614
-0.4583	0.2414	0.5180	2.6568
-0.4571	0.2437	0.5180	2.6519
-0.4542	0.2448	0.5160	2.6473
-0.4548	0.2480	0.5180	2.6423
-0.4536	0.2501	0.5180	2.6377
-0.4542	0.2532	0.5200	2.6331
-0.4529	0.2554	0.5200	2.6281
-0.4500	0.2565	0.5180	2.6235
-0.4505	0.2597	0.5200	2.6186
-0.4493	0.2618	0.5200	2.6139
-0.4498	0.2649	0.5220	2.6093
-0.4485	0.2671	0.5220	2.6044
-0.4472	0.2692	0.5220	2.5998
-0.4459	0.2714	0.5220	2.5948
-0.4466	0.2740	0.5240	2.5913
-0.4453	0.2762	0.5240	2.5864
-0.4440	0.2783	0.5240	2.5818
-0.4443	0.2815	0.5260	2.5769
-0.4430	0.2836	0.5260	2.5722
-0.4417	0.2856	0.5260	2.5676
-0.4420	0.2889	0.5280	2.5627
-0.4406	0.2909	0.5280	2.5580
-0.4392	0.2931	0.5280	2.5531
-0.4395	0.2962	0.5300	2.5485
-0.4381	0.2983	0.5300	2.5438
-0.4383	0.3016	0.5320	2.5389
-0.4352	0.3024	0.5300	2.5343
-0.4338	0.3046	0.5300	2.5294
-0.4340	0.3077	0.5320	2.5247
-0.4342	0.3109	0.5340	2.5201
-0.4326	0.3130	0.5340	2.5152
-0.4330	0.3159	0.5360	2.5114
-0.4316	0.3178	0.5360	2.5068
-0.4301	0.3199	0.5360	2.5021
-0.4301	0.3232	0.5380	2.4972
-0.4286	0.3251	0.5380	2.4926
-0.4286	0.3285	0.5400	2.4877
-0.4271	0.3305	0.5400	2.4830
-0.4271	0.3337	0.5420	2.4784
-0.4255	0.3357	0.5420	2.4735
-0.4239	0.3377	0.5420	2.4688
-0.4239	0.3409	0.5440	2.4642
-0.4238	0.3443	0.5460	2.4594
-0.4222	0.3463	0.5460	2.4547
-0.4205	0.3483	0.5460	2.4498
-0.4208	0.3511	0.5480	2.4462
-0.4206	0.3544	0.5500	2.4413
-0.4189	0.3564	0.5500	2.4367
-0.4172	0.3584	0.5500	2.4317
-0.4170	0.3617	0.5520	2.4271
-0.4168	0.3649	0.5540	2.4225
-0.4151	0.3669	0.5540	2.4178
-0.4134	0.3688	0.5540	2.4132
-0.4132	0.3720	0.5560	2.4086
-0.4131	0.3752	0.5580	2.4042
-0.4113	0.3771	0.5580	2.3996
-0.4113	0.3800	0.5600	2.3958
-0.4096	0.3819	0.5600	2.3912
-0.4094	0.3851	0.5620	2.3868
-0.4054	0.3921	0.5640	2.3729
-0.3861	0.3917	0.5500	2.3489
-0.3797	0.3895	0.5440	2.3434
-0.3737	0.3870	0.5380	2.3387
-0.3674	0.3848	0.5320	2.3331
-0.3628	0.3836	0.5280	2.3284
-0.3566	0.3812	0.5220	2.3229
-0.3522	0.3799	0.5180	2.3183
-0.3460	0.3774	0.5120	2.3129
-0.3402	0.3745	0.5060	2.3083
-0.3358	0.3731	0.5020	2.3037
-0.3304	0.3713	0.4970	2.2979
-0.3260	0.3699	0.4930	2.2932
-0.3207	0.3678	0.4880	2.2878
-0.3163	0.3663	0.4840	2.2831
-0.3117	0.3650	0.4800	2.2777
-0.3068	0.3626	0.4750	2.2731
-0.3022	0.3613	0.4710	2.2673
-0.2980	0.3596	0.4670	2.2627
-0.2934	0.3581	0.4630	2.2573
-0.2893	0.3564	0.4590	2.2527
-0.2848	0.3548	0.4550	2.2472
-0.2807	0.3530	0.4510	2.2425
-0.2772	0.3520	0.4480	2.2379
-0.2727	0.3504	0.4440	2.2321
-0.2693	0.3492	0.4410	2.2278
-0.2649	0.3476	0.4370	2.2221
-0.2615	0.3464	0.4340	2.2175
-0.2572	0.3446	0.4300	2.2120
-0.2538	0.3434	0.4270	2.2073
-0.2495	0.3416	0.4230	2.2016
-0.2462	0.3403	0.4200	2.1972
-0.2429	0.3389	0.4170	2.1926
-0.2392	0.3379	0.4140	2.1869
-0.2359	0.3365	0.4110	2.1823
-0.2324	0.3353	0.4080	2.1768
-0.2291	0.3340	0.4050	2.1721
-0.2256	0.3327	0.4020	2.1667
-0.2230	0.3321	0.4000	2.1621
-0.2198	0.3306	0.3970	2.1574
-0.2162	0.3294	0.3940	2.1517
-0.2136	0.3287	0.3920	2.1471
-0.2102	0.3273	0.3890	2.1416
-0.2071	0.3258	0.3860	2.1370
-0.2042	0.3252	0.3840	2.1316
-0.2011	0.3236	0.3810	2.1269
-0.1986	0.3228	0.3790	2.1223
-0.1957	0.3222	0.3770	2.1165
-0.1927	0.3205	0.3740	2.1122
-0.1899	0.3199	0.3720	2.1064
-0.1869	0.3182	0.3690	2.1018
-0.1841	0.3175	0.3670	2.0964
-0.1816	0.3166	0.3650	2.0917
-0.1792	0.3157	0.3630	2.0871
-0.1765	0.3149	0.3610	2.0816
-0.1741	0.3140	0.3590	2.0770
-0.1708	0.3123	0.3560	2.0713
-0.1684	0.3114	0.3540	2.0667
-0.1665	0.3113	0.3530	2.0620
-0.1639	0.3104	0.3510	2.0565
-0.1615	0.3094	0.3490	2.0519
-0.1592	0.3083	0.3470	2.0473
-0.1566	0.3074	0.3450	2.0418
-0.1542	0.3064	0.3430	2.0371
-0.1516	0.3055	0.3410	2.0315
-0.1494	0.3043	0.3390	2.0271
-0.1471	0.3032	0.3370	2.0225
-0.1449	0.3031	0.3360	2.0167
-0.1427	0.3020	0.3340	2.0121
-0.1409	0.3017	0.3330	2.0077
-0.1384	0.3007	0.3310	2.0020
-0.1361	0.2995	0.3290	1.9973
-0.1343	0.2992	0.3280	1.9927
-0.1319	0.2981	0.3260	1.9873
-0.1301	0.2978	0.3250	1.9827
-0.1276	0.2967	0.3230	1.9769
-0.1259	0.2964	0.3220	1.9725
-0.1238	0.2951	0.3200	1.9679
-0.1217	0.2949	0.3190	1.9622
-0.1199	0.2945	0.3180	1.9576
-0.1179	0.2932	0.3160	1.9531
-0.1159	0.2929	0.3150	1.9475
-0.1138	0.2916	0.3130	1.9428
-0.1120	0.2912	0.3120	1.9379
-0.1100	0.2909	0.3110	1.9324
-0.1079	0.2895	0.3090	1.9275
-0.1062	0.2891	0.3080	1.9229
-0.1043	0.2887	0.3070	1.9175
-0.1026	0.2883	0.3060	1.9126
-0.1009	0.2878	0.3050	1.9079
-0.0992	0.2874	0.3040	1.9033
-0.0969	0.2860	0.3020	1.8975
-0.0953	0.2855	0.3010	1.8929
-0.0936	0.2850	0.3000	1.8882
-0.0917	0.2846	0.2990	1.8826
-0.0901	0.2841	0.2980	1.8779
-0.0885	0.2835	0.2970	1.8733
-0.0865	0.2831	0.2960	1.8675
-0.0850	0.2825	0.2950	1.8629
-0.0834	0.2819	0.2940	1.8583
-0.0818	0.2814	0.2930	1.8536
-0.0799	0.2809	0.2920	1.8479
-0.0783	0.2803	0.2910	1.8433
-0.0768	0.2797	0.2900	1.8387
-0.0749	0.2791	0.2890	1.8329
-0.0733	0.2785	0.2880	1.8283
-0.0717	0.2779	0.2870	1.8233
-0.0702	0.2773	0.2860	1.8187
-0.0684	0.2767	0.2850	1.8133
-0.0668	0.2760	0.2840	1.8084
-0.0656	0.2763	0.2840	1.8038
-0.0640	0.2757	0.2830	1.7991
-0.0623	0.2750	0.2820	1.7934
-0.0608	0.2744	0.2810	1.7887
-0.0593	0.2737	0.2800	1.7841
-0.0580	0.2739	0.2800	1.7794
-0.0562	0.2733	0.2790	1.7738
-0.0548	0.2726	0.2780	1.7691
-0.0533	0.2718	0.2770	1.7645
-0.0516	0.2711	0.2760	1.7587
-0.0503	0.2714	0.2760	1.7541
-0.0489	0.2706	0.2750	1.7495
-0.0475	0.2709	0.2750	1.7445
-0.0461	0.2701	0.2740	1.7399
-0.0444	0.2694	0.2730	1.7342
-0.0430	0.2686	0.2720	1.7296
-0.0418	0.2688	0.2720	1.7250
-0.0404	0.2680	0.2710	1.7203
-0.0391	0.2682	0.2710	1.7157
-0.0374	0.2674	0.2700	1.7099
-0.0361	0.2666	0.2690	1.7053
-0.0348	0.2667	0.2690	1.7006
-0.0335	0.2659	0.2680	1.6960
-0.0322	0.2661	0.2680	1.6911
-0.0309	0.2662	0.2680	1.6865
-0.0293	0.2654	0.2670	1.6808
-0.0279	0.2645	0.2660	1.6761
-0.0266	0.2637	0.2650	1.6715
-0.0254	0.2638	0.2650	1.6669
-0.0238	0.2629	0.2640	1.6611
-0.0226	0.2630	0.2640	1.6565
-0.0213	0.2621	0.2630	1.6518
-0.0201	0.2622	0.2630	1.6472
-0.0189	0.2623	0.2630	1.6426
-0.0175	0.2614	0.2620	1.6376
-0.0160	0.2605	0.2610	1.6322
-0.0147	0.2606	0.2610	1.6273
-0.0135	0.2597	0.2600	1.6227
-0.0123	0.2597	0.2600	1.6181
-0.0110	0.2588	0.2590	1.6134
-0.0098	0.2588	0.2590	1.6088
-0.0086	0.2589	0.2590	1.6042
-0.0071	0.2579	0.2580	1.5984
-0.0059	0.2579	0.2580	1.5937
-0.0047	0.2580	0.2580	1.5891
-0.0034	0.2570	0.2570	1.5842
-0.0020	0.2560	0.2560	1.5788
-0.0008	0.2560	0.2560	1.5739
0.0004	0.2550	0.2550	1.5692
0.0016	0.2550	0.2550	1.5646
0.0028	0.2550	0.2550	1.5600
0.0040	0.2550	0.2550	1.5553
0.0051	0.2539	0.2540	1.5507
0.0064	0.2539	0.2540	1.5458
0.0075	0.2539	0.2540	1.5411
0.0087	0.2539	0.2540	1.5365
0.0101	0.2528	0.2530	1.5307
0.0113	0.2517	0.2520	1.5261
0.0124	0.2517	0.2520	1.5215
0.0136	0.2516	0.2520	1.5168
0.0148	0.2516	0.2520	1.5122
0.0158	0.2505	0.2510	1.5076
0.0172	0.2514	0.2520	1.5026
0.0182	0.2503	0.2510	1.4980
0.0194	0.2502	0.2510	1.4934
0.0206	0.2502	0.2510	1.4887
0.0219	0.2490	0.2500	1.4831
0.0231	0.2489	0.2500	1.4784
0.0242	0.2488	0.2500	1.4738
0.0253	0.2477	0.2490	1.4692
0.0266	0.2466	0.2480	1.4634
0.0276	0.2475	0.2490	1.4599
0.0288	0.2483	0.2500	1.4552
0.0300	0.2482	0.2500	1.4506
0.0311	0.2481	0.2500	1.4460
0.0322	0.2469	0.2490	1.4411
0.0334	0.2457	0.2480	1.4356
0.0344	0.2446	0.2470	1.4309
0.0356	0.2444	0.2470	1.4263
0.0368	0.2452	0.2480	1.4217
0.0380	0.2451	0.2480	1.4170
0.0390	0.2439	0.2470	1.4124
0.0401	0.2437	0.2470	1.4075
0.0413	0.2435	0.2470	1.4028
0.0422	0.2423	0.2460	1.3982
0.0434	0.2421	0.2460	1.3936
0.0445	0.2419	0.2460	1.3889
0.0456	0.2417	0.2460	1.3843
0.0467	0.2415	0.2460	1.3797
0.0479	0.2413	0.2460	1.3750
0.0490	0.2411	0.2460	1.3704
0.0501	0.2408	0.2460	1.3657
0.0512	0.2406	0.2460	1.3611
0.0523	0.2404	0.2460	1.3565
0.0535	0.2391	0.2450	1.3508
0.0546	0.2388	0.2450	1.3462
0.0557	0.2386	0.2450	1.3415
0.0568	0.2383	0.2450	1.3369
0.0579	0.2381	0.2450	1.3323
0.0590	0.2378	0.2450	1.3276
0.0601	0.2375	0.2450	1.3230
0.0612	0.2372	0.2450	1.3184
0.0623	0.2369	0.2450	1.3137
0.0635	0.2366	0.2450	1.3088
0.0646	0.2363	0.2450	1.3042
0.0657	0.2360	0.2450	1.2995
0.0667	0.2357	0.2450	1.2949
0.0678	0.2354	0.2450	1.2903
0.0689	0.2351	0.2450	1.2856
0.0700	0.2348	0.2450	1.2810
0.0711	0.2345	0.2450	1.2763
0.0722	0.2341	0.2450	1.2717
0.0733	0.2338	0.2450	1.2671
0.0744	0.2334	0.2450	1.2624
0.0754	0.2331	0.2450	1.2578
0.0765	0.2327	0.2450	1.2532
0.0776	0.2324	0.2450	1.2485
0.0787	0.2320	0.2450	1.2439
0.0797	0.2317	0.2450	1.2393
0.0810	0.2323	0.2460	1.2354
0.0820	0.2309	0.2450	1.2297
0.0830	0.2305	0.2450	1.2251
0.0841	0.2301	0.2450	1.2204
0.0853	0.2307	0.2460	1.2168
0.0863	0.2304	0.2460	1.2122
0.0874	0.2300	0.2460	1.2076
0.0885	0.2295	0.2460	1.2029
0.0895	0.2291	0.2460	1.1983
0.0906	0.2287	0.2460	1.1937
0.0917	0.2283	0.2460	1.1890
0.0928	0.2278	0.2460	1.1841
0.0942	0.2283	0.2470	1.1795
0.0953	0.2279	0.2470	1.1748
0.0963	0.2274	0.2470	1.1702
0.0974	0.2270	0.2470	1.1656
0.0984	0.2265	0.2470	1.1609
0.0995	0.2261	0.2470	1.1563
0.1009	0.2265	0.2480	1.1517
0.1021	0.2271	0.2490	1.1482
0.1033	0.2266	0.2490	1.1432
0.1043	0.2261	0.2490	1.1386
0.1053	0.2256	0.2490	1.1340
0.1064	0.2251	0.2490	1.1293
0.1074	0.2246	0.2490	1.1247
0.1085	0.2241	0.2490	1.1201
0.1095	0.2236	0.2490	1.1154
0.1110	0.2240	0.2500	1.1108
0.1120	0.2235	0.2500	1.1062
0.1131	0.2230	0.2500	1.1015
0.1141	0.2224	0.2500	1.0969
0.1154	0.2229	0.2510	1.0931
0.1164	0.2224	0.2510	1.0885
0.1175	0.2218	0.2510	1.0838
0.1185	0.2213	0.2510	1.0792
0.1200	0.2216	0.2520	1.0746
0.1210	0.2210	0.2520	1.0699
0.1216	0.2196	0.2510	1.0653
0.1231	0.2199	0.2520	1.0607
0.1246	0.2202	0.2530	1.0560
0.1256	0.2196	0.2530	1.0514
0.1266	0.2190	0.2530	1.0467
0.1279	0.2194	0.2540	1.0429
0.1290	0.2188	0.2540	1.0382
0.1300	0.2182	0.2540	1.0336
0.1309	0.2176	0.2540	1.0292
0.1325	0.2179	0.2550	1.0246
0.1335	0.2173	0.2550	1.0200
0.1350	0.2175	0.2560	1.0153
0.1359	0.2169	0.2560	1.0110
0.1370	0.2163	0.2560	1.0063
0.1382	0.2167	0.2570	1.0028
0.1393	0.2160	0.2570	0.9981
0.1403	0.2154	0.2570	0.9935
0.1418	0.2155	0.2580	0.9888
0.1427	0.2149	0.2580	0.9845
0.1437	0.2143	0.2580	0.9799
0.1450	0.2146	0.2590	0.9764
0.1461	0.2139	0.2590	0.9717
0.1470	0.2132	0.2590	0.9671
0.1486	0.2134	0.2600	0.9625
0.1501	0.2135	0.2610	0.9581
0.1515	0.2138	0.2620	0.9542
0.1524	0.2131	0.2620	0.9499
0.1534	0.2124	0.2620	0.9452
0.1550	0.2125	0.2630	0.9406
0.1560	0.2118	0.2630	0.9360
0.1570	0.2110	0.2630	0.9313
0.1585	0.2112	0.2640	0.9270
0.1595	0.2104	0.2640	0.9223
0.1604	0.2097	0.2640	0.9177
0.1618	0.2099	0.2650	0.9142
0.1627	0.2091	0.2650	0.9096
0.1643	0.2092	0.2660	0.9051
0.1659	0.2092	0.2670	0.9005
0.1668	0.2085	0.2670	0.8958
0.1682	0.2087	0.2680	0.8924
0.1692	0.2079	0.2680	0.8877
0.1708	0.2079	0.2690	0.8831
0.1717	0.2071	0.2690	0.8784
0.1733	0.2071	0.2700	0.8741
0.1746	0.2072	0.2710	0.8705
0.1756	0.2064	0.2710	0.8659
0.1772	0.2064	0.2720	0.8612
0.1788	0.2063	0.2730	0.8566
0.1798	0.2055	0.2730	0.8520
0.1811	0.2056	0.2740	0.8485
0.1821	0.2047	0.2740	0.8438
0.1837	0.2047	0.2750	0.8395
0.1846	0.2038	0.2750	0.8348
0.1862	0.2037	0.2760	0.8302
0.1876	0.2038	0.2770	0.8266
0.1886	0.2029	0.2770	0.8220
0.1902	0.2028	0.2780	0.8173
0.1911	0.2019	0.2780	0.8130
0.1932	0.2027	0.2800	0.8095
0.1941	0.2018	0.2800	0.8048
0.1957	0.2016	0.2810	0.8002
0.1967	0.2007	0.2810	0.7956
0.1983	0.2005	0.2820	0.7909
0.1997	0.2005	0.2830	0.7873
0.2014	0.2003	0.2840	0.7827
0.2022	0.1994	0.2840	0.7784
0.2039	0.1992	0.2850	0.7737
0.2053	0.1991	0.2860	0.7702
0.2069	0.1989	0.2870	0.7656
0.2086	0.1986	0.2880	0.7609
0.2102	0.1983	0.2890	0.7563
0.2111	0.1974	0.2890	0.7519
0.2126	0.1973	0.2900	0.7481
0.2142	0.1970	0.2910	0.7437
0.2158	0.1967	0.2920	0.7391
0.2172	0.1966	0.2930	0.7355
0.2189	0.1963	0.2940	0.7309
0.2198	0.1952	0.2940	0.7262
0.2215	0.1949	0.2950	0.7216
0.2237	0.1954	0.2970	0.7181
0.2245	0.1944	0.2970	0.7137
0.2262	0.1940	0.2980	0.7091
0.2278	0.1936	0.2990	0.7045
0.2293	0.1935	0.3000	0.7009
0.2309	0.1930	0.3010	0.6962
0.2326	0.1926	0.3020	0.6916
0.2351	0.1911	0.3030	0.6826
0.2383	0.1887	0.3040	0.6698
0.2436	0.1767	0.3010	0.6276
0.2414	0.1731	0.2970	0.6221
0.2415	0.1712	0.2960	0.6167
0.2406	0.1689	0.2940	0.6120
0.2400	0.1664	0.2920	0.6063
0.2399	0.1647	0.2910	0.6016
0.2392	0.1622	0.2890	0.5960
0.2391	0.1605	0.2880	0.5913
0.2382	0.1583	0.2860	0.5867
0.2383	0.1564	0.2850	0.5809
0.2373	0.1542	0.2830	0.5763
0.2365	0.1518	0.2810	0.5705
0.2363	0.1501	0.2800	0.5659
0.2364	0.1482	0.2790	0.5602
0.2362	0.1466	0.2780	0.5556
0.2361	0.1449	0.2770	0.5506
0.2351	0.1426	0.2750	0.5452
0.2342	0.1402	0.2730	0.5395
0.2340	0.1386	0.2720	0.5348
0.2338	0.1370	0.2710	0.5299
0.2329	0.1346	0.2690	0.5242
0.2326	0.1331	0.2680	0.5195
0.2325	0.1312	0.2670	0.5138
0.2331	0.1302	0.2670	0.5092
0.2320	0.1281	0.2650	0.5046
0.2310	0.1258	0.2630	0.4988
0.2306	0.1243	0.2620	0.4942
0.2312	0.1232	0.2620	0.4895
0.2302	0.1210	0.2600	0.4839
0.2298	0.1194	0.2590	0.4792
0.2296	0.1176	0.2580	0.4734
0.2293	0.1161	0.2570	0.4688
0.2290	0.1144	0.2560	0.4631
0.2287	0.1129	0.2550	0.4585
0.2275	0.1107	0.2530	0.4527
0.2280	0.1096	0.2530	0.4481
0.2277	0.1081	0.2520	0.4432
0.2272	0.1066	0.2510	0.4385
0.2269	0.1049	0.2500	0.4329
0.2274	0.1038	0.2500	0.4282
0.2262	0.1017	0.2480	0.4225
0.2258	0.1002	0.2470	0.4178
0.2253	0.0988	0.2460	0.4132
0.2258	0.0977	0.2460	0.4085
0.2254	0.0961	0.2450	0.4029
0.2249	0.0946	0.2440	0.3982
0.2245	0.0929	0.2430	0.3925
0.2240	0.0915	0.2420	0.3878
0.2236	0.0899	0.2410	0.3822
0.2231	0.0885	0.2400	0.3775
0.2226	0.0870	0.2390	0.3726
0.2230	0.0860	0.2390	0.3680
0.2226	0.0843	0.2380	0.3622
0.2229	0.0833	0.2380	0.3576
0.2224	0.0819	0.2370	0.3529
0.2219	0.0803	0.2360	0.3472
0.2213	0.0789	0.2350	0.3426
0.2209	0.0773	0.2340	0.3368
0.2203	0.0760	0.2330	0.3322
0.2206	0.0750	0.2330	0.3276
0.2210	0.0739	0.2330	0.3226
0.2204	0.0725	0.2320	0.3180
0.2207	0.0715	0.2320	0.3134
0.2202	0.0700	0.2310	0.3077
0.2195	0.0686	0.2300	0.3031
0.2190	0.0671	0.2290	0.2973
0.2183	0.0658	0.2280	0.2927
0.2196	0.0650	0.2290	0.2880
0.2189	0.0637	0.2280	0.2831
0.2183	0.0622	0.2270	0.2777
0.2186	0.0612	0.2270	0.2728
0.2179	0.0599	0.2260	0.2682
0.2173	0.0584	0.2250	0.2624
0.2176	0.0573	0.2250	0.2577
0.2169	0.0561	0.2240	0.2531
0.2171	0.0551	0.2240	0.2485
0.2174	0.0540	0.2240	0.2436
0.2176	0.0530	0.2240	0.2389
0.2179	0.0520	0.2240	0.2343
0.2162	0.0503	0.2220	0.2286
0.2155	0.0488	0.2210	0.2228
0.2148	0.0476	0.2200	0.2182
0.2150	0.0466	0.2200	0.2136
0.2152	0.0456	0.2200	0.2089
0.2145	0.0442	0.2190	0.2033
0.2147	0.0432	0.2190	0.1986
0.2149	0.0421	0.2190	0.1937
0.2151	0.0412	0.2190	0.1891
0.2153	0.0401	0.2190	0.1844
0.2145	0.0390	0.2180	0.1798
0.2147	0.0380	0.2180	0.1752
0.2139	0.0366	0.2170	0.1694
0.2131	0.0354	0.2160	0.1648
0.2132	0.0344	0.2160	0.1598
0.2134	0.0334	0.2160	0.1552
0.2126	0.0320	0.2150	0.1495
0.2118	0.0309	0.2140	0.1449
0.2119	0.0299	0.2140	0.1403
0.2120	0.0289	0.2140	0.1356
0.2122	0.0279	0.2140	0.1307
0.2123	0.0269	0.2140	0.1263
0.2124	0.0260	0.2140	0.1217
0.2125	0.0251	0.2140	0.1173
0.2117	0.0238	0.2130	0.1119
0.2108	0.0227	0.2120	0.1072
0.2109	0.0217	0.2120	0.1026
0.2110	0.0208	0.2120	0.0982
0.2111	0.0198	0.2120	0.0936
0.2112	0.0189	0.2120	0.0893
0.2103	0.0177	0.2110	0.0838
0.2103	0.0167	0.2110	0.0791
0.2104	0.0157	0.2110	0.0745
0.2105	0.0148	0.2110	0.0702
0.2096	0.0136	0.2100	0.0647
0.2096	0.0126	0.2100	0.0600
0.2097	0.0117	0.2100	0.0557
0.2097	0.0107	0.2100	0.0510
0.2088	0.0097	0.2090	0.0464
0.2088	0.0088	0.2090	0.0421
0.2089	0.0078	0.2090	0.0374
0.2079	0.0066	0.2080	0.0319
0.2079	0.0057	0.2080	0.0276
0.2079	0.0048	0.2080	0.0229
0.2080	0.0039	0.2080	0.0186
0.2080	0.0029	0.2080	0.0140
0.2080	0.0019	0.2080	0.0093
0.2080	0.0010	0.2080	0.0050
0.2080	0.0001	0.2080	0.0003
0.2070	-0.0008	0.2070	-0.0040
0.2070	-0.0018	0.2070	-0.0087
0.2070	-0.0027	0.2070	-0.0130
0.2070	-0.0037	0.2070	-0.0176
0.2059	-0.0048	0.2060	-0.0231
0.2059	-0.0057	0.2060	-0.0278
0.2059	-0.0066	0.2060	-0.0321
0.2059	-0.0076	0.2060	-0.0368
0.2058	-0.0085	0.2060	-0.0411
0.2058	-0.0094	0.2060	-0.0457
0.2057	-0.0104	0.2060	-0.0504
0.2057	-0.0113	0.2060	-0.0547
0.2046	-0.0122	0.2050	-0.0594
0.2046	-0.0131	0.2050	-0.0638
0.2045	-0.0140	0.2050	-0.0684
0.2045	-0.0149	0.2050	-0.0728
0.2044	-0.0158	0.2050	-0.0774
0.2043	-0.0167	0.2050	-0.0818
0.2042	-0.0177	0.2050	-0.0864
0.2042	-0.0186	0.2050	-0.0911
0.2041	-0.0195	0.2050	-0.0954
0.2030	-0.0205	0.2040	-0.1009
0.2029	-0.0215	0.2040	-0.1055
0.2028	-0.0224	0.2040	-0.1099
0.2027	-0.0233	0.2040	-0.1145
0.2026	-0.0243	0.2040	-0.1192
0.2024	-0.0251	0.2040	-0.1235
0.2023	-0.0261	0.2040	-0.1281
0.2022	-0.0270	0.2040	-0.1325
0.2021	-0.0279	0.2040	-0.1371
0.2020	-0.0288	0.2040	-0.1415
0.2018	-0.0297	0.2040	-0.1461
0.2017	-0.0306	0.2040	-0.1507
0.2016	-0.0315	0.2040	-0.1551
0.2014	-0.0324	0.2040	-0.1597
0.2013	-0.0333	0.2040	-0.1641
0.2011	-0.0343	0.2040	-0.1687
0.2009	-0.0351	0.2040	-0.1731
0.2008	-0.0361	0.2040	-0.1778
0.2016	-0.0370	0.2050	-0.1813
0.2015	-0.0379	0.2050	-0.1857
0.2003	-0.0388	0.2040	-0.1914
0.2001	-0.0397	0.2040	-0.1958
0.1999	-0.0406	0.2040	-0.2004
0.1997	-0.0415	0.2040	-0.2048
0.1995	-0.0424	0.2040	-0.2094
0.2004	-0.0433	0.2050	-0.2129
0.2002	-0.0442	0.2050	-0.2173
0.2000	-0.0451	0.2050	-0.2219
0.1998	-0.0460	0.2050	-0.2263
0.1996	-0.0469	0.2050	-0.2310
0.1993	-0.0478	0.2050	-0.2356
0.1991	-0.0487	0.2050	-0.2400
0.1989	-0.0496	0.2050	-0.2446
0.1987	-0.0505	0.2050	-0.2489
0.1984	-0.0514	0.2050	-0.2536
0.1992	-0.0525	0.2060	-0.2579
0.1989	-0.0535	0.2060	-0.2626
0.1987	-0.0544	0.2060	-0.2672
0.1984	-0.0553	0.2060	-0.2716
0.1982	-0.0562	0.2060	-0.2762
0.1970	-0.0568	0.2050	-0.2805
0.1977	-0.0580	0.2060	-0.2852
0.1974	-0.0588	0.2060	-0.2895
0.1971	-0.0597	0.2060	-0.2942
0.1969	-0.0606	0.2060	-0.2986
0.1966	-0.0615	0.2060	-0.3032
0.1973	-0.0625	0.2070	-0.3068
0.1970	-0.0634	0.2070	-0.3114
0.1967	-0.0644	0.2070	-0.3163
0.1964	-0.0653	0.2070	-0.3209
0.1961	-0.0662	0.2070	-0.3256
0.1958	-0.0672	0.2070	-0.3305
0.1964	-0.0684	0.2080	-0.3351
0.1961	-0.0693	0.2080	-0.3398
0.1958	-0.0702	0.2080	-0.3444
0.1965	-0.0713	0.2090	-0.3482
0.1961	-0.0723	0.2090	-0.3531
0.1958	-0.0732	0.2090	-0.3577
0.1954	-0.0741	0.2090	-0.3624
0.1951	-0.0750	0.2090	-0.3670
0.1947	-0.0759	0.2090	-0.3719
0.1944	-0.0769	0.2090	-0.3766
0.1949	-0.0781	0.2100	-0.3812
0.1945	-0.0791	0.2100	-0.3861
0.1942	-0.0800	0.2100	-0.3908
0.1938	-0.0809	0.2100	-0.3954
0.1944	-0.0820	0.2110	-0.3992
0.1940	-0.0829	0.2110	-0.4038
0.1936	-0.0839	0.2110	-0.4087
0.1932	-0.0848	0.2110	-0.4134
0.1938	-0.0859	0.2120	-0.4172
0.1934	-0.0868	0.2120	-0.4218
0.1930	-0.0877	0.2120	-0.4264
0.1935	-0.0891	0.2130	-0.4313
0.1931	-0.0900	0.2130	-0.4360
0.1927	-0.0908	0.2130	-0.4406
0.1932	-0.0920	0.2140	-0.4445
0.1928	-0.0929	0.2140	-0.4491
0.1923	-0.0939	0.2140	-0.4541
0.1919	-0.0947	0.2140	-0.4587
0.1914	-0.0956	0.2140	-0.4633
0.1910	-0.0966	0.2140	-0.4682
0.1914	-0.0979	0.2150	-0.4728
0.1910	-0.0988	0.2150	-0.4775
0.1905	-0.0997	0.2150	-0.4821
0.1900	-0.1006	0.2150	-0.4870
0.1905	-0.1018	0.2160	-0.4906
0.1909	-0.1032	0.2170	-0.4955
0.1904	-0.1041	0.2170	-0.5001
0.1909	-0.1053	0.2180	-0.5039
0.1904	-0.1061	0.2180	-0.5085
0.1908	-0.1075	0.2190	-0.5132
0.1903	-0.1085	0.2190	-0.5181
0.1898	-0.1093	0.2190	-0.5227
0.1892	-0.1102	0.2190	-0.5274
0.1887	-0.1111	0.2190	-0.5323
0.1882	-0.1120	0.2190	-0.5369
0.1886	-0.1132	0.2200	-0.5407
0.1881	-0.1141	0.2200	-0.5453
0.1884	-0.1155	0.2210	-0.5500
0.1888	-0.1168	0.2220	-0.5539
0.1883	-0.1176	0.2220	-0.5585
0.1885	-0.1191	0.2230	-0.5634
0.1871	-0.1194	0.2220	-0.5680
0.1874	-0.1208	0.2230	-0.5727
0.1878	-0.1221	0.2240	-0.5765
0.1881	-0.1235	0.2250	-0.5811
0.1875	-0.1244	0.2250	-0.5860
0.1869	-0.1253	0.2250	-0.5907
0.1872	-0.1266	0.2260	-0.5944
0.1875	-0.1280	0.2270	-0.5991
0.1869	-0.1289	0.2270	-0.6037
0.1862	-0.1298	0.2270	-0.6086
0.1856	-0.1307	0.2270	-0.6133
0.1860	-0.1319	0.2280	-0.6170
0.1853	-0.1328	0.2280	-0.6217
0.1855	-0.1342	0.2290	-0.6263
0.1866	-0.1361	0.2310	-0.6302
0.1869	-0.1374	0.2320	-0.6340
0.1863	-0.1383	0.2320	-0.6386
0.1856	-0.1392	0.2320	-0.6433
0.1849	-0.1401	0.2320	-0.6482
0.1851	-0.1415	0.2330	-0.6528
0.1844	-0.1424	0.2330	-0.6574
0.1845	-0.1439	0.2340	-0.6624
0.1848	-0.1452	0.2350	-0.6659
0.1832	-0.1456	0.2340	-0.6716
0.1842	-0.1476	0.2360	-0.6754
0.1844	-0.1489	0.2370	-0.6793
0.1837	-0.1497	0.2370	-0.6839
0.1838	-0.1512	0.2380	-0.6886
0.1830	-0.1521	0.2380	-0.6935
0.1833	-0.1534	0.2390	-0.6970
0.1833	-0.1550	0.2400	-0.7019
0.1833	-0.1565	0.2410	-0.7065
0.1826	-0.1573	0.2410	-0.7112
0.1827	-0.1587	0.2420	-0.7150
0.1820	-0.1595	0.2420	-0.7196
0.1820	-0.1611	0.2430	-0.7245
0.1821	-0.1624	0.2440	-0.7281
0.1821	-0.1639	0.2450	-0.7330
0.1822	-0.1652	0.2460	-0.7365
0.1814	-0.1661	0.2460	-0.7415
0.1814	-0.1676	0.2470	-0.7458
0.1814	-0.1691	0.2480	-0.7504
0.1815	-0.1704	0.2490	-0.7540
0.1807	-0.1713	0.2490	-0.7586
0.1806	-0.1728	0.2500	-0.7633
0.1808	-0.1742	0.2510	-0.7668
0.1807	-0.1756	0.2520	-0.7712
0.1806	-0.1772	0.2530	-0.7758
0.1798	-0.1780	0.2530	-0.7804
0.1799	-0.1793	0.2540	-0.7840
0.1797	-0.1809	0.2550	-0.7887
0.1796	-0.1824	0.2560	-0.7930
0.1788	-0.1832	0.2560	-0.7977
0.1788	-0.1846	0.2570	-0.8011
0.1787	-0.1861	0.2580	-0.8058
0.1787	-0.1875	0.2590	-0.8094
0.1785	-0.1890	0.2600	-0.8140
0.1784	-0.1905	0.2610	-0.8184
0.1775	-0.1914	0.2610	-0.8230
0.1775	-0.1927	0.2620	-0.8265
0.1773	-0.1943	0.2630	-0.8311
0.1779	-0.1964	0.2650	-0.8347
0.1770	-0.1972	0.2650	-0.8394
0.1768	-0.1987	0.2660	-0.8437
0.1765	-0.2003	0.2670	-0.8484
0.1771	-0.2024	0.2690	-0.8519
0.1769	-0.2040	0.2700	-0.8565
0.1768	-0.2054	0.2710	-0.8601
0.1765	-0.2070	0.2720	-0.8647
0.1762	-0.2085	0.2730	-0.8691
0.1761	-0.2099	0.2740	-0.8729
0.1758	-0.2115	0.2750	-0.8772
0.1763	-0.2136	0.2770	-0.8808
0.1760	-0.2152	0.2780	-0.8854
0.1756	-0.2168	0.2790	-0.8901
0.1754	-0.2182	0.2800	-0.8936
0.1751	-0.2198	0.2810	-0.8982
0.1755	-0.2220	0.2830	-0.9018
0.1752	-0.2236	0.2840	-0.9062
0.1747	-0.2251	0.2850	-0.9108
0.1745	-0.2266	0.2860	-0.9143
0.1747	-0.2290	0.2880	-0.9190
0.1742	-0.2306	0.2890	-0.9236
0.1740	-0.2320	0.2900	-0.9272
0.1741	-0.2344	0.2920	-0.9318
0.1739	-0.2358	0.2930	-0.9353
0.1735	-0.2374	0.2940	-0.9397
0.1735	-0.2398	0.2960	-0.9444
0.1733	-0.2412	0.2970	-0.9479
0.1733	-0.2436	0.2990	-0.9525
0.1730	-0.2451	0.3000	-0.9561
0.1730	-0.2475	0.3020	-0.9607
0.1725	-0.2491	0.3030	-0.9651
0.1727	-0.2514	0.3050	-0.9689
0.1722	-0.2530	0.3060	-0.9732
0.1724	-0.2552	0.3080	-0.9768
0.1717	-0.2569	0.3090	-0.9815
0.1717	-0.2593	0.3110	-0.9861
0.1718	-0.2616	0.3130	-0.9896
0.1712	-0.2632	0.3140	-0.9942
0.1713	-0.2655	0.3160	-0.9978
0.1712	-0.2680	0.3180	-1.0022
0.1705	-0.2696	0.3190	-1.0068
0.1706	-0.2719	0.3210	-1.0103
0.1704	-0.2744	0.3230	-1.0150
0.1705	-0.2767	0.3250	-1.0186
0.1697	-0.2783	0.3260	-1.0232
0.1698	-0.2806	0.3280	-1.0267
0.1695	-0.2831	0.3300	-1.0313
0.1693	-0.2856	0.3320	-1.0357
0.1693	-0.2879	0.3340	-1.0393
0.1690	-0.2904	0.3360	-1.0439
0.1689	-0.2928	0.3380	-1.0474
0.1686	-0.2953	0.3400	-1.0520
0.1685	-0.2976	0.3420	-1.0556
0.1681	-0.3001	0.3440	-1.0603
0.1678	-0.3026	0.3460	-1.0646
0.1676	-0.3050	0.3480	-1.0684
0.1677	-0.3084	0.3510	-1.0728
0.1675	-0.3107	0.3530	-1.0764
0.1670	-0.3133	0.3550	-1.0810
0.1668	-0.3156	0.3570	-1.0845
0.1668	-0.3190	0.3600	-1.0891
0.1666	-0.3214	0.3620	-1.0927
0.1660	-0.3240	0.3640	-1.0974
0.1658	-0.3274	0.3670	-1.1020
0.1656	-0.3298	0.3690	-1.1055
0.1655	-0.3332	0.3720	-1.1098
0.1656	-0.3364	0.3750	-1.1134
0.1649	-0.3390	0.3770	-1.1181
0.1650	-0.3423	0.3800	-1.1216
0.1643	-0.3449	0.3820	-1.1262
0.1643	-0.3482	0.3850	-1.1298
0.1640	-0.3516	0.3880	-1.1344
0.1632	-0.3542	0.3900	-1.1391
0.1632	-0.3575	0.3930	-1.1426
0.1628	-0.3610	0.3960	-1.1472
0.1627	-0.3643	0.3990	-1.1508
0.1622	-0.3678	0.4020	-1.1554
0.1620	-0.3712	0.4050	-1.1592
0.1615	-0.3747	0.4080	-1.1639
0.1613	-0.3780	0.4110	-1.1675
0.1611	-0.3824	0.4150	-1.1721
0.1608	-0.3858	0.4180	-1.1759
0.1602	-0.3893	0.4210	-1.1805
0.1603	-0.3936	0.4250	-1.1840
0.1596	-0.3971	0.4280	-1.1886
0.1588	-0.4007	0.4310	-1.1933
0.1588	-0.4050	0.4350	-1.1972
0.1583	-0.4094	0.4390	-1.2018
0.1583	-0.4137	0.4430	-1.2053
0.1575	-0.4173	0.4460	-1.2099
0.1573	-0.4216	0.4500	-1.2138
0.1567	-0.4261	0.4540	-1.2184
0.1566	-0.4304	0.4580	-1.2219
0.1559	-0.4349	0.4620	-1.2266
0.1556	-0.4393	0.4660	-1.2304
0.1552	-0.4447	0.4710	-1.2350
0.1549	-0.4490	0.4750	-1.2386
0.1541	-0.4535	0.4790	-1.2432
0.1540	-0.4589	0.4840	-1.2470
0.1531	-0.4634	0.4880	-1.2517
0.1530	-0.4686	0.4930	-1.2552
0.1524	-0.4741	0.4980	-1.2599
0.1520	-0.4795	0.5030	-1.2637
0.1513	-0.4849	0.5080	-1.2683
0.1511	-0.4902	0.5130	-1.2719
0.1503	-0.4957	0.5180	-1.2765
0.1491	-0.5003	0.5220	-1.2812
0.1489	-0.5066	0.5280	-1.2850
0.1482	-0.5130	0.5340	-1.2896
0.1480	-0.5193	0.5400	-1.2931
0.1472	-0.5258	0.5460	-1.2977
0.1468	-0.5321	0.5520	-1.3016
0.1459	-0.5386	0.5580	-1.3062
0.1456	-0.5449	0.5640	-1.3097
0.1445	-0.5514	0.5700	-1.3144
0.1439	-0.5577	0.5760	-1.3183
0.1433	-0.5661	0.5840	-1.3229
0.1428	-0.5725	0.5900	-1.3264
0.1420	-0.5809	0.5980	-1.3310
0.1412	-0.5873	0.6040	-1.3349
0.1403	-0.5957	0.6120	-1.3395
0.1400	-0.6040	0.6200	-1.3430
0.1389	-0.6124	0.6280	-1.3477
0.1383	-0.6208	0.6360	-1.3515
0.1372	-0.6292	0.6440	-1.3561
0.1366	-0.6375	0.6520	-1.3597
0.1357	-0.6479	0.6620	-1.3643
0.1349	-0.6563	0.6700	-1.3681
0.1338	-0.6667	0.6800	-1.3727
0.1334	-0.6770	0.6900	-1.3763
0.1321	-0.6874	0.7000	-1.3810
0.1313	-0.6978	0.7100	-1.3848
0.1299	-0.7082	0.7200	-1.3894
0.1295	-0.7205	0.7320	-1.3930
0.1279	-0.7309	0.7420	-1.3976
0.1271	-0.7432	0.7540	-1.4014
0.1257	-0.7556	0.7660	-1.4060
0.1252	-0.7699	0.7800	-1.4095
0.1245	-0.7842	0.7940	-1.4134
0.1226	-0.7966	0.8060	-1.4181
0.1219	-0.8109	0.8200	-1.4216
0.1204	-0.8273	0.8360	-1.4262
0.1192	-0.8416	0.8500	-1.4301
0.1173	-0.8560	0.8640	-1.4347
0.1163	-0.8723	0.8800	-1.4382
0.1146	-0.8907	0.8980	-1.4428
0.1132	-0.9070	0.9140	-1.4466
0.1111	-0.9254	0.9320	-1.4513
0.1101	-0.9456	0.9520	-1.4549
0.1077	-0.9640	0.9700	-1.4595
0.1064	-0.9863	0.9920	-1.4633
-0.5314	-0.4464	0.6940	-2.4429
-0.5319	-0.4427	0.6920	-2.4475
-0.5310	-0.4375	0.6880	-2.4525
-0.5315	-0.4338	0.6860	-2.4571
-0.5308	-0.4282	0.6820	-2.4628
-0.5313	-0.4243	0.6800	-2.4677
-0.5302	-0.4194	0.6760	-2.4723
-0.5306	-0.4156	0.6740	-2.4772
-0.5294	-0.4106	0.6700	-2.4819
-0.5298	-0.4068	0.6680	-2.4868
-0.5301	-0.4032	0.6660	-2.4914
-0.5292	-0.3977	0.6620	-2.4971
-0.5296	-0.3939	0.6600	-2.5020
-0.5298	-0.3902	0.6580	-2.5067
-0.5283	-0.3854	0.6540	-2.5113
-0.5286	-0.3817	0.6520	-2.5162
-0.5288	-0.3780	0.6500	-2.5209
-0.5276	-0.3727	0.6460	-2.5266
-0.5278	-0.3690	0.6440	-2.5315
-0.5279	-0.3654	0.6420	-2.5361
-0.5280	-0.3617	0.6400	-2.5410
-0.5264	-0.3570	0.6360	-2.5456
-0.5265	-0.3532	0.6340	-2.5506
-0.5264	-0.3497	0.6320	-2.5552
-0.5268	-0.3456	0.6300	-2.5610
-0.5268	-0.3419	0.6280	-2.5659
-0.5267	-0.3384	0.6260	-2.5705
-0.5266	-0.3347	0.6240	-2.5754
-0.5248	-0.3301	0.6200	-2.5801
-0.5263	-0.3277	0.6200	-2.5847
-0.5245	-0.3230	0.6160	-2.5896
-0.5246	-0.3190	0.6140	-2.5953
-0.5261	-0.3166	0.6140	-2.5999
-0.5242	-0.3119	0.6100	-2.6049
-0.5239	-0.3085	0.6080	-2.6095
-0.5237	-0.3049	0.6060	-2.6144
-0.5251	-0.3024	0.6060	-2.6191
-0.5249	-0.2989	0.6040	-2.6240
-0.5228	-0.2945	0.6000	-2.6286
-0.5242	-0.2919	0.6000	-2.6335
-0.5241	-0.2879	0.5980	-2.6392
-0.5237	-0.2846	0.5960	-2.6438
-0.5233	-0.2810	0.5940	-2.6488
-0.5228	-0.2777	0.5920	-2.6534
-0.5224	-0.2742	0.5900	-2.6583
-0.5219	-0.2708	0.5880	-2.6630
-0.5232	-0.2684	0.5880	-2.6676
-0.5227	-0.2649	0.5860	-2.6725
-0.5224	-0.2610	0.5840	-2.6782
-0.5218	-0.2577	0.5820	-2.6828
-0.5213	-0.2543	0.5800	-2.6877
-0.5207	-0.2510	0.5780	-2.6924
-0.5219	-0.2484	0.5780	-2.6973
-0.5212	-0.2452	0.5760	-2.7019
-0.5206	-0.2418	0.5740	-2.7068
-0.5217	-0.2393	0.5740	-2.7115
-0.5211	-0.2360	0.5720	-2.7164
-0.5206	-0.2321	0.5700	-2.7221
-0.5198	-0.2289	0.5680	-2.7267
-0.5209	-0.2264	0.5680	-2.7316
-0.5202	-0.2231	0.5660	-2.7363
-0.5193	-0.2200	0.5640	-2.7409
-0.5204	-0.2174	0.5640	-2.7458
-0.5196	-0.2142	0.5620	-2.7505
-0.5206	-0.2117	0.5620	-2.7554
-0.5197	-0.2085	0.5600	-2.7600
-0.5191	-0.2048	0.5580	-2.7658
-0.5200	-0.2023	0.5580	-2.7707
-0.5191	-0.1992	0.5560	-2.7753
-0.5182	-0.1959	0.5540	-2.7802
-0.5191	-0.1935	0.5540	-2.7848
-0.5182	-0.1902	0.5520	-2.7897
-0.5191	-0.1878	0.5520	-2.7944
-0.5181	-0.1846	0.5500	-2.7993
-0.5171	-0.1815	0.5480	-2.8039
-0.5179	-0.1792	0.5480	-2.8085
-0.5170	-0.1755	0.5460	-2.8143
-0.5179	-0.1730	0.5460	-2.8192
-0.5187	-0.1706	0.5460	-2.8239
-0.5176	-0.1674	0.5440	-2.8288
-0.5184	-0.1650	0.5440	-2.8334
-0.5173	-0.1619	0.5420	-2.8382
-0.5161	-0.1589	0.5400	-2.8429
-0.5169	-0.1564	0.5400	-2.8478
-0.5176	-0.1540	0.5400	-2.8524
-0.5164	-0.1508	0.5380	-2.8574
-0.5171	-0.1485	0.5380	-2.8620
-0.5159	-0.1454	0.5360	-2.8669
-0.5166	-0.1430	0.5360	-2.8716
-0.5172	-0.1406	0.5360	-2.8762
-0.5161	-0.1371	0.5340	-2.8820
-0.5168	-0.1346	0.5340	-2.8869
-0.5154	-0.1317	0.5320	-2.8915
-0.5161	-0.1292	0.5320	-2.8963
-0.5147	-0.1263	0.5300	-2.9010
-0.5154	-0.1237	0.5300	-2.9059
-0.5159	-0.1214	0.5300	-2.9105
-0.5145	-0.1185	0.5280	-2.9152
-0.5150	-0.1163	0.5280	-2.9195
-0.5156	-0.1139	0.5280	-2.9242
-0.5141	-0.1112	0.5260	-2.9286
-0.5146	-0.1088	0.5260	-2.9332
-0.5131	-0.1062	0.5240	-2.9376
-0.5136	-0.1038	0.5240	-2.9422
-0.5141	-0.1015	0.5240	-2.9466
-0.5145	-0.0992	0.5240	-2.9512
-0.5150	-0.0969	0.5240	-2.9556
-0.5135	-0.0938	0.5220	-2.9610
-0.5139	-0.0914	0.5220	-2.9657
-0.5124	-0.0888	0.5200	-2.9700
-0.5128	-0.0864	0.5200	-2.9747
-0.5131	-0.0842	0.5200	-2.9790
-0.5116	-0.0815	0.5180	-2.9837
-0.5119	-0.0792	0.5180	-2.9880
-0.5123	-0.0769	0.5180	-2.9926
-0.5126	-0.0746	0.5180	-2.9970
-0.5129	-0.0724	0.5180	-3.0013
-0.5113	-0.0697	0.5160	-3.0060
-0.5116	-0.0675	0.5160	-3.0103
-0.5119	-0.0651	0.5160	-3.0150
-0.5121	-0.0629	0.5160	-3.0194
-0.5124	-0.0605	0.5160	-3.0241
-0.5107	-0.0581	0.5140	-3.0284
-0.5110	-0.0557	0.5140	-3.0330
-0.5112	-0.0535	0.5140	-3.0374
-0.5690	-0.0581	0.5720	-3.0399
-0.5115	-0.0511	0.5140	-3.0420
-0.5674	-0.0547	0.5700	-3.0455
-0.5676	-0.0520	0.5700	-3.0502
-0.5659	-0.0492	0.5680	-3.0548
-0.5641	-0.0465	0.5660	-3.0594
-0.5643	-0.0440	0.5660	-3.0638
-0.5625	-0.0412	0.5640	-3.0684
-0.5607	-0.0384	0.5620	-3.0731
-0.5589	-0.0357	0.5600	-3.0777
-0.5590	-0.0332	0.5600	-3.0823
-0.5572	-0.0300	0.5580	-3.0878
-0.5573	-0.0274	0.5580	-3.0925
-0.5554	-0.0247	0.5560	-3.0971
-0.5536	-0.0221	0.5540	-3.1017
-0.5537	-0.0195	0.5540	-3.1064
-0.5517	-0.0169	0.5520	-3.1110
-0.5498	-0.0144	0.5500	-3.1153
-0.5499	-0.0119	0.5500	-3.1200
-0.5499	-0.0093	0.5500	-3.1246
-0.5480	-0.0067	0.5480	-3.1293
-0.5480	-0.0042	0.5480	-3.1339
-0.5460	-0.0012	0.5460	-3.1394
