x	y	r	phi
-0.6580	0.0001	0.6580	3.1414
-0.6560	0.0028	0.6560	3.1373
-0.6560	0.0055	0.6560	3.1332
-0.6539	0.0082	0.6540	3.1291
-0.6519	0.0110	0.6520	3.1247
-0.6519	0.0137	0.6520	3.1206
-0.6498	0.0163	0.6500	3.1166
-0.6477	0.0189	0.6480	3.1124
-0.6476	0.0216	0.6480	3.1083
-0.6455	0.0248	0.6460	3.1031
-0.6434	0.0273	0.6440	3.0991
-0.6433	0.0300	0.6440	3.0950
-0.6412	0.0325	0.6420	3.0909
-0.6390	0.0350	0.6400	3.0868
-0.6369	0.0375	0.6380	3.0827
-0.6367	0.0402	0.6380	3.0786
-0.6366	0.0427	0.6380	3.0746
-0.6344	0.0454	0.6360	3.0702
-0.6322	0.0477	0.6340	3.0663
-0.6320	0.0500	0.6340	3.0626
-0.6298	0.0525	0.6320	3.0585
-0.6276	0.0552	0.6300	3.0539
-0.6254	0.0576	0.6280	3.0497
-0.6251	0.0600	0.6280	3.0459
-0.6249	0.0624	0.6280	3.0421
-0.6226	0.0647	0.6260	3.0380
-0.6204	0.0669	0.6240	3.0342
-0.6201	0.0693	0.6240	3.0304
-0.6179	0.0716	0.6220	3.0263
-0.6156	0.0737	0.6200	3.0224
-0.6153	0.0760	0.6200	3.0187
-0.6150	0.0785	0.6200	3.0146
-0.6147	0.0809	0.6200	3.0107
-0.6144	0.0833	0.6200	3.0069
-0.6140	0.0857	0.6200	3.0029
-0.6098	0.0875	0.6160	2.9990
-0.6054	0.0899	0.6120	2.9941
-0.6030	0.0919	0.6100	2.9903
-0.6046	0.0947	0.6120	2.9862
-0.6043	0.0970	0.6120	2.9823
-0.6019	0.0990	0.6100	2.9786
-0.5995	0.1011	0.6080	2.9745
-0.5991	0.1034	0.6080	2.9706
-0.5987	0.1057	0.6080	2.9668
-0.5964	0.1077	0.6060	2.9630
-0.5959	0.1101	0.6060	2.9590
-0.5935	0.1120	0.6040	2.9551
-0.5911	0.1139	0.6020	2.9513
-0.5907	0.1163	0.6020	2.9472
-0.5902	0.1185	0.6020	2.9434
-0.5898	0.1208	0.6020	2.9396
-0.5893	0.1232	0.6020	2.9355
-0.5868	0.1251	0.6000	2.9316
-0.5843	0.1275	0.5980	2.9267
-0.5838	0.1297	0.5980	2.9229
-0.5832	0.1321	0.5980	2.9189
-0.5808	0.1339	0.5960	2.9150
-0.5803	0.1361	0.5960	2.9112
-0.5777	0.1380	0.5940	2.9071
-0.5772	0.1402	0.5940	2.9033
-0.5767	0.1424	0.5940	2.8995
-0.5741	0.1443	0.5920	2.8954
-0.5736	0.1465	0.5920	2.8916
-0.5730	0.1487	0.5920	2.8877
-0.5725	0.1509	0.5920	2.8839
-0.5699	0.1527	0.5900	2.8799
-0.5693	0.1549	0.5900	2.8760
-0.5668	0.1565	0.5880	2.8722
-0.5662	0.1588	0.5880	2.8682
-0.5655	0.1610	0.5880	2.8643
-0.5630	0.1626	0.5860	2.8605
-0.5623	0.1649	0.5860	2.8564
-0.5617	0.1670	0.5860	2.8525
-0.5590	0.1692	0.5840	2.8476
-0.5583	0.1713	0.5840	2.8438
-0.5576	0.1736	0.5840	2.8398
-0.5569	0.1757	0.5840	2.8359
-0.5563	0.1779	0.5840	2.8321
-0.5555	0.1802	0.5840	2.8280
-0.5529	0.1816	0.5820	2.8243
-0.5522	0.1837	0.5820	2.8204
-0.5496	0.1854	0.5800	2.8163
-0.5489	0.1875	0.5800	2.8125
-0.5481	0.1896	0.5800	2.8086
-0.5474	0.1918	0.5800	2.8046
-0.5466	0.1939	0.5800	2.8008
-0.5459	0.1960	0.5800	2.7969
-0.5433	0.1974	0.5780	2.7931
-0.5425	0.1996	0.5780	2.7891
-0.5417	0.2016	0.5780	2.7852
-0.5409	0.2037	0.5780	2.7814
-0.5401	0.2059	0.5780	2.7773
-0.5393	0.2080	0.5780	2.7734
-0.5385	0.2100	0.5780	2.7697
-0.5358	0.2115	0.5760	2.7656
-0.5349	0.2136	0.5760	2.7617
-0.5341	0.2156	0.5760	2.7579
-0.5351	0.2185	0.5780	2.7539
-0.5361	0.2213	0.5800	2.7500
-0.5316	0.2219	0.5760	2.7462
-0.5270	0.2225	0.5720	2.7421
-0.5261	0.2245	0.5720	2.7383
-0.5253	0.2265	0.5720	2.7345
-0.5262	0.2294	0.5740	2.7304
-0.5253	0.2315	0.5740	2.7266
-0.5244	0.2335	0.5740	2.7227
-0.5234	0.2356	0.5740	2.7187
-0.5225	0.2376	0.5740	2.7149
-0.5216	0.2396	0.5740	2.7110
-0.5206	0.2417	0.5740	2.7069
-0.5197	0.2437	0.5740	2.7032
-0.5170	0.2448	0.5720	2.6993
-0.5160	0.2469	0.5720	2.6952
-0.5150	0.2489	0.5720	2.6914
-0.5140	0.2510	0.5720	2.6873
-0.5130	0.2530	0.5720	2.6835
-0.5120	0.2551	0.5720	2.6794
-0.5109	0.2572	0.5720	2.6753
-0.5079	0.2588	0.5700	2.6704
-0.5068	0.2608	0.5700	2.6663
-0.5058	0.2629	0.5700	2.6622
-0.5047	0.2650	0.5700	2.6581
-0.5036	0.2670	0.5700	2.6541
-0.5026	0.2689	0.5700	2.6502
-0.5034	0.2715	0.5720	2.6470
-0.5003	0.2731	0.5700	2.6420
-0.4992	0.2751	0.5700	2.6380
-0.5002	0.2775	0.5720	2.6350
-0.4990	0.2796	0.5720	2.6309
-0.4979	0.2815	0.5720	2.6270
-0.4968	0.2836	0.5720	2.6229
-0.4956	0.2856	0.5720	2.6189
-0.4944	0.2876	0.5720	2.6148
-0.4933	0.2896	0.5720	2.6106
-0.4922	0.2915	0.5720	2.6069
-0.4910	0.2935	0.5720	2.6028
-0.4915	0.2966	0.5740	2.5987
-0.4903	0.2985	0.5740	2.5946
-0.4874	0.2994	0.5720	2.5908
-0.4842	0.3008	0.5700	2.5856
-0.4829	0.3028	0.5700	2.5815
-0.4817	0.3047	0.5700	2.5777
-0.4805	0.3066	0.5700	2.5736
-0.4792	0.3086	0.5700	2.5695
-0.4780	0.3106	0.5700	2.5654
-0.4787	0.3131	0.5720	2.5624
-0.4774	0.3150	0.5720	2.5583
-0.4762	0.3169	0.5720	2.5545
-0.4749	0.3188	0.5720	2.5504
-0.4736	0.3207	0.5720	2.5463
-0.4704	0.3219	0.5700	2.5414
-0.4691	0.3239	0.5700	2.5373
-0.4677	0.3257	0.5700	2.5333
-0.4684	0.3283	0.5720	2.5302
-0.4687	0.3314	0.5740	2.5262
-0.4673	0.3333	0.5740	2.5221
-0.4659	0.3352	0.5740	2.5179
-0.4647	0.3370	0.5740	2.5141
-0.4633	0.3389	0.5740	2.5101
-0.4619	0.3408	0.5740	2.5059
-0.4605	0.3427	0.5740	2.5018
-0.4608	0.3456	0.5760	2.4981
-0.4594	0.3475	0.5760	2.4940
-0.4579	0.3494	0.5760	2.4898
-0.4565	0.3512	0.5760	2.4858
-0.4551	0.3531	0.5760	2.4817
-0.4553	0.3561	0.5780	2.4779
-0.4538	0.3580	0.5780	2.4737
-0.4524	0.3598	0.5780	2.4697
-0.4509	0.3616	0.5780	2.4656
-0.4511	0.3646	0.5800	2.4618
-0.4496	0.3664	0.5800	2.4577
-0.4481	0.3683	0.5800	2.4536
-0.4465	0.3701	0.5800	2.4495
-0.4450	0.3719	0.5800	2.4455
-0.4451	0.3749	0.5820	2.4416
-0.4436	0.3768	0.5820	2.4375
-0.4420	0.3786	0.5820	2.4334
-0.4405	0.3804	0.5820	2.4293
-0.4406	0.3834	0.5840	2.4255
-0.4390	0.3852	0.5840	2.4214
-0.4374	0.3869	0.5840	2.4174
-0.4358	0.3887	0.5840	2.4132
-0.4342	0.3905	0.5840	2.4091
-0.4327	0.3922	0.5840	2.4053
-0.4329	0.3949	0.5860	2.4020
-0.4314	0.3966	0.5860	2.3983
-0.4298	0.3983	0.5860	2.3942
-0.4281	0.4001	0.5860	2.3900
-0.4280	0.4032	0.5880	2.3860
-0.4263	0.4050	0.5880	2.3819
-0.4262	0.4080	0.5900	2.3781
-0.4245	0.4097	0.5900	2.3739
-0.4229	0.4114	0.5900	2.3699
-0.4226	0.4146	0.5920	2.3658
-0.4210	0.4162	0.5920	2.3619
-0.4193	0.4179	0.5920	2.3579
-0.4190	0.4210	0.5940	2.3538
-0.4173	0.4228	0.5940	2.3497
-0.4156	0.4244	0.5940	2.3456
-0.4153	0.4275	0.5960	2.3418
-0.4136	0.4292	0.5960	2.3377
-0.4132	0.4323	0.5980	2.3336
-0.4114	0.4340	0.5980	2.3295
-0.4098	0.4355	0.5980	2.3257
-0.4080	0.4372	0.5980	2.3216
-0.4062	0.4389	0.5980	2.3176
-0.4044	0.4405	0.5980	2.3134
-0.4026	0.4422	0.5980	2.3093
-0.4026	0.4449	0.6000	2.3063
-0.4034	0.4495	0.6040	2.3022
-0.4029	0.4526	0.6060	2.2982
-0.4011	0.4543	0.6060	2.2941
-0.3992	0.4559	0.6060	2.2899
-0.3974	0.4575	0.6060	2.2859
-0.3955	0.4592	0.6060	2.2818
-0.3949	0.4623	0.6080	2.2777
-0.3930	0.4639	0.6080	2.2736
-0.3924	0.4671	0.6100	2.2695
-0.3905	0.4687	0.6100	2.2654
-0.3898	0.4718	0.6120	2.2614
-0.3879	0.4734	0.6120	2.2573
-0.3872	0.4765	0.6140	2.2531
-0.3870	0.4792	0.6160	2.2502
-0.3851	0.4808	0.6160	2.2460
-0.3842	0.4840	0.6180	2.2417
-0.3822	0.4856	0.6180	2.2376
-0.3814	0.4888	0.6200	2.2335
-0.3807	0.4919	0.6220	2.2294
-0.3787	0.4935	0.6220	2.2253
-0.3778	0.4966	0.6240	2.2212
-0.3770	0.4997	0.6260	2.2172
-0.3762	0.5029	0.6280	2.2131
-0.3729	0.5028	0.6260	2.2089
-0.3709	0.5043	0.6260	2.2049
-0.3700	0.5074	0.6280	2.2008
-0.3667	0.5073	0.6260	2.1967
-0.3658	0.5104	0.6280	2.1926
-0.3649	0.5136	0.6300	2.1885
-0.3645	0.5163	0.6320	2.1855
-0.3635	0.5194	0.6340	2.1814
-0.3626	0.5225	0.6360	2.1774
-0.3604	0.5240	0.6360	2.1733
-0.3594	0.5272	0.6380	2.1691
-0.3584	0.5303	0.6400	2.1651
-0.3573	0.5334	0.6420	2.1610
-0.3562	0.5365	0.6440	2.1569
-0.3529	0.5363	0.6420	2.1528
-0.3507	0.5377	0.6420	2.1487
-0.3507	0.5425	0.6460	2.1446
-0.3485	0.5439	0.6460	2.1406
-0.3477	0.5468	0.6480	2.1372
-0.3466	0.5499	0.6500	2.1332
-0.3443	0.5513	0.6500	2.1291
-0.3431	0.5544	0.6520	2.1249
-0.3419	0.5575	0.6540	2.1209
-0.3406	0.5606	0.6560	2.1168
-0.3394	0.5637	0.6580	2.1127
-0.3371	0.5651	0.6580	2.1086
-0.3358	0.5682	0.6600	2.1045
-0.3344	0.5713	0.6620	2.1004
-0.3331	0.5744	0.6640	2.0964
-0.3308	0.5758	0.6640	2.0923
-0.3299	0.5786	0.6660	2.0890
-0.3285	0.5817	0.6680	2.0849
-0.3271	0.5847	0.6700	2.0808
-0.3257	0.5878	0.6720	2.0767
-0.3242	0.5909	0.6740	2.0726
-0.3218	0.5922	0.6740	2.0686
-0.3203	0.5953	0.6760	2.0645
-0.3188	0.5984	0.6780	2.0603
-0.3173	0.6014	0.6800	2.0563
-0.3158	0.6045	0.6820	2.0522
-0.3149	0.6072	0.6840	2.0492
-0.3133	0.6103	0.6860	2.0451
-0.3117	0.6133	0.6880	2.0410
-0.3092	0.6146	0.6880	2.0369
-0.3076	0.6177	0.6900	2.0328
-0.3059	0.6207	0.6920	2.0287
-0.3043	0.6237	0.6940	2.0247
-0.3026	0.6268	0.6960	2.0205
-0.3009	0.6298	0.6980	2.0164
-0.2992	0.6328	0.7000	2.0124
-0.2974	0.6359	0.7020	2.0083
-0.2962	0.6387	0.7040	2.0050
-0.2944	0.6417	0.7060	2.0009
-0.2926	0.6447	0.7080	1.9969
-0.2908	0.6477	0.7100	1.9927
-0.2889	0.6508	0.7120	1.9886
-0.2871	0.6537	0.7140	1.9846
-0.2852	0.6568	0.7160	1.9805
-0.2833	0.6598	0.7180	1.9763
-0.2814	0.6627	0.7200	1.9723
-0.2794	0.6657	0.7220	1.9682
-0.2782	0.6684	0.7240	1.9652
-0.2770	0.6733	0.7280	1.9611
-0.2750	0.6762	0.7300	1.9570
-0.2728	0.6793	0.7320	1.9527
-0.2715	0.6841	0.7360	1.9485
-0.2694	0.6871	0.7380	1.9444
-0.2659	0.6863	0.7360	1.9404
-0.2638	0.6893	0.7380	1.9363
-0.2623	0.6941	0.7420	1.9321
-0.2602	0.6970	0.7440	1.9281
-0.2595	0.7016	0.7480	1.9251
-0.2573	0.7045	0.7500	1.9210
-0.2551	0.7074	0.7520	1.9169
-0.2531	0.7103	0.7540	1.9131
-0.2517	0.7150	0.7580	1.9092
-0.2494	0.7179	0.7600	1.9052
-0.2473	0.7207	0.7620	1.9014
-0.2456	0.7255	0.7660	1.8972
-0.2435	0.7284	0.7680	1.8934
-0.2420	0.7310	0.7700	1.8904
-0.2404	0.7357	0.7740	1.8866
-0.2380	0.7386	0.7760	1.8826
-0.2358	0.7414	0.7780	1.8787
-0.2334	0.7443	0.7800	1.8746
-0.2317	0.7490	0.7840	1.8708
-0.2300	0.7537	0.7880	1.8670
-0.2275	0.7565	0.7900	1.8629
-0.2252	0.7593	0.7920	1.8591
-0.2240	0.7638	0.7960	1.8561
-0.2222	0.7685	0.8000	1.8523
-0.2196	0.7713	0.8020	1.8482
-0.2177	0.7760	0.8060	1.8443
-0.2151	0.7788	0.8080	1.8403
-0.2132	0.7835	0.8120	1.8365
-0.2110	0.7882	0.8160	1.8323
-0.2085	0.7910	0.8180	1.8285
-0.2071	0.7955	0.8220	1.8255
-0.2051	0.8001	0.8260	1.8217
-0.2023	0.8029	0.8280	1.8177
-0.2002	0.8075	0.8320	1.8138
-0.1981	0.8122	0.8360	1.8100
-0.1952	0.8150	0.8380	1.8059
-0.1931	0.8196	0.8420	1.8021
-0.1906	0.8243	0.8460	1.7980
-0.1890	0.8287	0.8500	1.7950
-0.1867	0.8333	0.8540	1.7912
-0.1844	0.8380	0.8580	1.7874
-0.1818	0.8426	0.8620	1.7833
-0.1789	0.8453	0.8640	1.7794
-0.1764	0.8499	0.8680	1.7754
-0.1743	0.8564	0.8740	1.7716
-0.1718	0.8610	0.8780	1.7677
-0.1700	0.8655	0.8820	1.7647
-0.1672	0.8701	0.8860	1.7606
-0.1646	0.8746	0.8900	1.7568
-0.1618	0.8792	0.8940	1.7528
-0.1588	0.8818	0.8960	1.7489
-0.1561	0.8864	0.9000	1.7451
-0.1534	0.8929	0.9060	1.7410
-0.1508	0.8974	0.9100	1.7372
-0.1490	0.9038	0.9160	1.7342
-0.1461	0.9083	0.9200	1.7303
-0.1434	0.9148	0.9260	1.7263
-0.1405	0.9193	0.9300	1.7225
-0.1373	0.9239	0.9340	1.7183
-0.1344	0.9283	0.9380	1.7146
-0.1312	0.9328	0.9420	1.7105
-0.1294	0.9391	0.9480	1.7077
-0.1264	0.9456	0.9540	1.7037
-0.1235	0.9520	0.9600	1.6998
-0.1201	0.9565	0.9640	1.6957
-0.1172	0.9629	0.9700	1.6919
-0.1143	0.9693	0.9760	1.6881
-0.1107	0.9737	0.9800	1.6840
-0.1085	0.9800	0.9860	1.6811
-0.1054	0.9864	0.9920	1.6772
-0.1019	0.9928	0.9980	1.6731
0.8966	0.2823	0.9400	0.3050
0.8939	0.2776	0.9360	0.3011
0.8912	0.2728	0.9320	0.2970
0.8884	0.2682	0.9280	0.2932
0.8856	0.2635	0.9240	0.2892
0.8847	0.2595	0.9220	0.2853
0.8819	0.2548	0.9180	0.2812
0.8791	0.2503	0.9140	0.2774
0.8764	0.2449	0.9100	0.2725
0.8736	0.2402	0.9060	0.2684
0.8726	0.2362	0.9040	0.2643
0.8696	0.2318	0.9000	0.2605
0.8667	0.2272	0.8960	0.2564
0.8637	0.2229	0.8920	0.2525
0.8627	0.2189	0.8900	0.2485
0.8596	0.2146	0.8860	0.2447
0.8566	0.2101	0.8820	0.2405
0.8555	0.2064	0.8800	0.2367
0.8526	0.2013	0.8760	0.2318
0.8495	0.1969	0.8720	0.2278
0.8483	0.1930	0.8700	0.2237
0.8471	0.1893	0.8680	0.2198
0.8440	0.1849	0.8640	0.2157
0.8427	0.1814	0.8620	0.2120
0.8395	0.1771	0.8580	0.2079
0.8382	0.1734	0.8560	0.2040
0.8350	0.1692	0.8520	0.1999
0.8337	0.1657	0.8500	0.1962
0.8306	0.1607	0.8460	0.1912
0.8293	0.1570	0.8440	0.1871
0.8279	0.1532	0.8420	0.1830
0.8246	0.1494	0.8380	0.1792
0.8232	0.1457	0.8360	0.1752
0.8218	0.1422	0.8340	0.1713
0.8204	0.1385	0.8320	0.1672
0.8170	0.1347	0.8280	0.1634
0.8155	0.1311	0.8260	0.1593
0.8121	0.1273	0.8220	0.1555
0.8106	0.1237	0.8200	0.1514
0.8092	0.1194	0.8180	0.1465
0.8077	0.1158	0.8160	0.1424
0.8062	0.1124	0.8140	0.1385
0.8047	0.1089	0.8120	0.1345
0.8031	0.1055	0.8100	0.1307
0.8015	0.1020	0.8080	0.1266
0.7999	0.0987	0.8060	0.1227
0.7944	0.0947	0.8000	0.1187
0.7927	0.0915	0.7980	0.1149
0.7911	0.0880	0.7960	0.1107
0.7856	0.0835	0.7900	0.1058
0.7879	0.0807	0.7920	0.1020
0.7882	0.0775	0.7920	0.0980
0.7845	0.0739	0.7880	0.0939
0.7828	0.0707	0.7860	0.0900
0.7811	0.0673	0.7840	0.0859
0.7794	0.0642	0.7820	0.0822
0.7776	0.0608	0.7800	0.0780
0.7759	0.0577	0.7780	0.0742
0.7741	0.0544	0.7760	0.0702
0.7723	0.0513	0.7740	0.0663
0.7705	0.0480	0.7720	0.0622
0.7687	0.0449	0.7700	0.0584
0.7669	0.0408	0.7680	0.0532
0.7651	0.0378	0.7660	0.0494
0.7632	0.0346	0.7640	0.0453
0.7613	0.0316	0.7620	0.0415
0.7595	0.0284	0.7600	0.0374
0.7576	0.0254	0.7580	0.0336
0.7557	0.0223	0.7560	0.0295
0.7558	0.0194	0.7560	0.0257
0.7538	0.0163	0.7540	0.0216
0.7519	0.0133	0.7520	0.0177
0.7499	0.0103	0.7500	0.0137
0.7480	0.0072	0.7480	0.0096
0.7480	0.0043	0.7480	0.0058
0.7460	0.0013	0.7460	0.0017
0.7440	-0.0024	0.7440	-0.0033
0.7420	-0.0054	0.7420	-0.0073
0.7400	-0.0082	0.7400	-0.0111
0.7379	-0.0112	0.7380	-0.0152
0.7379	-0.0141	0.7380	-0.0191
0.7358	-0.0170	0.7360	-0.0231
0.7337	-0.0200	0.7340	-0.0272
0.7316	-0.0227	0.7320	-0.0311
0.7315	-0.0257	0.7320	-0.0351
0.7294	-0.0286	0.7300	-0.0392
0.7273	-0.0313	0.7280	-0.0430
0.7252	-0.0342	0.7260	-0.0472
0.7231	-0.0368	0.7240	-0.0509
0.7209	-0.0405	0.7220	-0.0561
0.7207	-0.0432	0.7220	-0.0599
0.7185	-0.0461	0.7200	-0.0640
0.7183	-0.0490	0.7200	-0.0682
0.7161	-0.0516	0.7180	-0.0719
0.7159	-0.0545	0.7180	-0.0760
0.7137	-0.0571	0.7160	-0.0799
0.7115	-0.0599	0.7140	-0.0840
0.7112	-0.0628	0.7140	-0.0880
0.7070	-0.0651	0.7100	-0.0918
0.7067	-0.0680	0.7100	-0.0960
0.7045	-0.0707	0.7080	-0.1000
0.7042	-0.0734	0.7080	-0.1038
0.7019	-0.0761	0.7060	-0.1080
0.7016	-0.0788	0.7060	-0.1118
0.6993	-0.0814	0.7040	-0.1158
0.6989	-0.0842	0.7040	-0.1199
0.6965	-0.0874	0.7020	-0.1248
0.6942	-0.0898	0.7000	-0.1287
0.6938	-0.0927	0.7000	-0.1328
0.6915	-0.0952	0.6980	-0.1368
0.6911	-0.0978	0.6980	-0.1406
0.6887	-0.1004	0.6960	-0.1448
0.6863	-0.1029	0.6940	-0.1489
0.6859	-0.1055	0.6940	-0.1526
0.6855	-0.1083	0.6940	-0.1568
0.6831	-0.1107	0.6920	-0.1606
0.6826	-0.1135	0.6920	-0.1647
0.6802	-0.1159	0.6900	-0.1687
0.6798	-0.1185	0.6900	-0.1726
0.6773	-0.1209	0.6880	-0.1767
0.6748	-0.1233	0.6860	-0.1807
0.6744	-0.1259	0.6860	-0.1846
0.6719	-0.1283	0.6840	-0.1887
0.6714	-0.1309	0.6840	-0.1925
0.6708	-0.1336	0.6840	-0.1965
0.6703	-0.1363	0.6840	-0.2007
0.6676	-0.1392	0.6820	-0.2056
0.6651	-0.1415	0.6800	-0.2097
0.6646	-0.1441	0.6800	-0.2135
0.6640	-0.1468	0.6800	-0.2175
0.6615	-0.1489	0.6780	-0.2214
0.6608	-0.1516	0.6780	-0.2255
0.6602	-0.1543	0.6780	-0.2296
0.6577	-0.1563	0.6760	-0.2334
0.6570	-0.1590	0.6760	-0.2375
0.6564	-0.1617	0.6760	-0.2416
0.6557	-0.1643	0.6760	-0.2454
0.6570	-0.1674	0.6780	-0.2495
0.6564	-0.1699	0.6780	-0.2533
0.6499	-0.1711	0.6720	-0.2574
0.6413	-0.1722	0.6640	-0.2623
0.6406	-0.1748	0.6640	-0.2664
0.6420	-0.1773	0.6660	-0.2694
0.6432	-0.1804	0.6680	-0.2734
0.6425	-0.1829	0.6680	-0.2773
0.6417	-0.1855	0.6680	-0.2814
0.6410	-0.1880	0.6680	-0.2852
0.6402	-0.1905	0.6680	-0.2893
0.6395	-0.1932	0.6680	-0.2934
0.6387	-0.1956	0.6680	-0.2972
0.6379	-0.1983	0.6680	-0.3013
0.6371	-0.2008	0.6680	-0.3054
0.6344	-0.2027	0.6660	-0.3092
0.6336	-0.2053	0.6660	-0.3133
0.6385	-0.2096	0.6720	-0.3172
0.6338	-0.2109	0.6680	-0.3212
0.6252	-0.2114	0.6600	-0.3261
0.6243	-0.2140	0.6600	-0.3302
0.6235	-0.2166	0.6600	-0.3343
0.6207	-0.2183	0.6580	-0.3381
0.6199	-0.2208	0.6580	-0.3422
0.6190	-0.2232	0.6580	-0.3460
0.6162	-0.2250	0.6560	-0.3501
0.6134	-0.2268	0.6540	-0.3542
0.6088	-0.2278	0.6500	-0.3580
0.6060	-0.2296	0.6480	-0.3621
0.6069	-0.2328	0.6500	-0.3662
0.6097	-0.2365	0.6540	-0.3700
0.6106	-0.2397	0.6560	-0.3741
0.6078	-0.2413	0.6540	-0.3779
0.6068	-0.2438	0.6540	-0.3821
0.6059	-0.2463	0.6540	-0.3861
0.6048	-0.2488	0.6540	-0.3902
0.6038	-0.2513	0.6540	-0.3943
0.6028	-0.2537	0.6540	-0.3984
0.6017	-0.2562	0.6540	-0.4025
0.6006	-0.2588	0.6540	-0.4068
0.5996	-0.2612	0.6540	-0.4109
0.5985	-0.2637	0.6540	-0.4150
0.5974	-0.2661	0.6540	-0.4191
0.5963	-0.2686	0.6540	-0.4232
0.5952	-0.2710	0.6540	-0.4273
0.5941	-0.2734	0.6540	-0.4313
0.5930	-0.2759	0.6540	-0.4355
0.5900	-0.2775	0.6520	-0.4396
0.5889	-0.2798	0.6520	-0.4436
0.5877	-0.2824	0.6520	-0.4480
0.5865	-0.2849	0.6520	-0.4521
0.5853	-0.2872	0.6520	-0.4562
0.5841	-0.2896	0.6520	-0.4603
0.5829	-0.2920	0.6520	-0.4644
0.5818	-0.2944	0.6520	-0.4684
0.5805	-0.2968	0.6520	-0.4726
0.5793	-0.2992	0.6520	-0.4767
0.5763	-0.3006	0.6500	-0.4807
0.5751	-0.3029	0.6500	-0.4848
0.5738	-0.3053	0.6500	-0.4890
0.5743	-0.3087	0.6520	-0.4933
0.5730	-0.3111	0.6520	-0.4974
0.5700	-0.3124	0.6500	-0.5014
0.5687	-0.3148	0.6500	-0.5055
0.5691	-0.3181	0.6520	-0.5097
0.5679	-0.3204	0.6520	-0.5137
0.5665	-0.3227	0.6520	-0.5178
0.5652	-0.3251	0.6520	-0.5219
0.5639	-0.3273	0.6520	-0.5260
0.5625	-0.3297	0.6520	-0.5301
0.5612	-0.3320	0.6520	-0.5342
0.5597	-0.3344	0.6520	-0.5385
0.5583	-0.3367	0.6520	-0.5426
0.5569	-0.3390	0.6520	-0.5468
0.5556	-0.3412	0.6520	-0.5508
0.5542	-0.3435	0.6520	-0.5549
0.5527	-0.3458	0.6520	-0.5590
0.5513	-0.3480	0.6520	-0.5631
0.5499	-0.3503	0.6520	-0.5672
0.5485	-0.3526	0.6520	-0.5713
0.5470	-0.3548	0.6520	-0.5753
0.5471	-0.3583	0.6540	-0.5797
0.5457	-0.3605	0.6540	-0.5838
0.5425	-0.3616	0.6520	-0.5879
0.5410	-0.3638	0.6520	-0.5920
0.5412	-0.3671	0.6540	-0.5960
0.5397	-0.3694	0.6540	-0.6002
0.5382	-0.3716	0.6540	-0.6043
0.5367	-0.3738	0.6540	-0.6083
0.5351	-0.3760	0.6540	-0.6124
0.5352	-0.3793	0.6560	-0.6166
0.5337	-0.3815	0.6560	-0.6206
0.5320	-0.3838	0.6560	-0.6250
0.5320	-0.3872	0.6580	-0.6291
0.5305	-0.3893	0.6580	-0.6332
0.5288	-0.3915	0.6580	-0.6373
0.5272	-0.3937	0.6580	-0.6414
0.5272	-0.3970	0.6600	-0.6454
0.5256	-0.3992	0.6600	-0.6495
0.5255	-0.4026	0.6620	-0.6537
0.5255	-0.4059	0.6640	-0.6577
0.5238	-0.4081	0.6640	-0.6618
0.5241	-0.4110	0.6660	-0.6651
0.5224	-0.4132	0.6660	-0.6692
0.5186	-0.4146	0.6640	-0.6744
0.5139	-0.4142	0.6600	-0.6784
0.5090	-0.4138	0.6560	-0.6825
0.5089	-0.4171	0.6580	-0.6866
0.5087	-0.4205	0.6600	-0.6907
0.5055	-0.4213	0.6580	-0.6948
0.5022	-0.4221	0.6560	-0.6989
0.5020	-0.4254	0.6580	-0.7029
0.5033	-0.4300	0.6620	-0.7071
0.5014	-0.4323	0.6620	-0.7115
0.5012	-0.4356	0.6640	-0.7155
0.5013	-0.4384	0.6660	-0.7186
0.4996	-0.4405	0.6660	-0.7226
0.4977	-0.4425	0.6660	-0.7267
0.4974	-0.4459	0.6680	-0.7308
0.4955	-0.4480	0.6680	-0.7352
0.4936	-0.4501	0.6680	-0.7393
0.4933	-0.4534	0.6700	-0.7433
0.4914	-0.4554	0.6700	-0.7474
0.4895	-0.4575	0.6700	-0.7516
0.4877	-0.4594	0.6700	-0.7556
0.4872	-0.4628	0.6720	-0.7597
0.4853	-0.4648	0.6720	-0.7638
0.4849	-0.4682	0.6740	-0.7679
0.4829	-0.4702	0.6740	-0.7720
0.4824	-0.4735	0.6760	-0.7761
0.4805	-0.4755	0.6760	-0.7801
0.4787	-0.4773	0.6760	-0.7840
0.4767	-0.4793	0.6760	-0.7881
0.4763	-0.4825	0.6780	-0.7919
0.4758	-0.4858	0.6800	-0.7958
0.4739	-0.4877	0.6800	-0.7998
0.4720	-0.4895	0.6800	-0.8036
0.4701	-0.4913	0.6800	-0.8074
0.4695	-0.4947	0.6820	-0.8116
0.4676	-0.4965	0.6820	-0.8153
0.4674	-0.4993	0.6840	-0.8184
0.4655	-0.5011	0.6840	-0.8222
0.4635	-0.5030	0.6840	-0.8262
0.4629	-0.5063	0.6860	-0.8301
0.4623	-0.5095	0.6880	-0.8339
0.4603	-0.5114	0.6880	-0.8379
0.4583	-0.5131	0.6880	-0.8418
0.4575	-0.5165	0.6900	-0.8459
0.4555	-0.5183	0.6900	-0.8497
0.4549	-0.5215	0.6920	-0.8536
0.4527	-0.5233	0.6920	-0.8576
0.4520	-0.5266	0.6940	-0.8614
0.4500	-0.5283	0.6940	-0.8653
0.4491	-0.5317	0.6960	-0.8694
0.4484	-0.5349	0.6980	-0.8731
0.4462	-0.5367	0.6980	-0.8772
0.4454	-0.5400	0.7000	-0.8811
0.4433	-0.5417	0.7000	-0.8849
0.4424	-0.5450	0.7020	-0.8889
0.4420	-0.5479	0.7040	-0.8920
0.4399	-0.5496	0.7040	-0.8958
0.4391	-0.5528	0.7060	-0.8996
0.4368	-0.5547	0.7060	-0.9037
0.4347	-0.5563	0.7060	-0.9075
0.4338	-0.5596	0.7080	-0.9114
0.4327	-0.5629	0.7100	-0.9154
0.4306	-0.5645	0.7100	-0.9192
0.4294	-0.5679	0.7120	-0.9234
0.4285	-0.5712	0.7140	-0.9272
0.4275	-0.5744	0.7160	-0.9309
0.4251	-0.5761	0.7160	-0.9351
0.4241	-0.5794	0.7180	-0.9389
0.4231	-0.5826	0.7200	-0.9427
0.4207	-0.5843	0.7200	-0.9468
0.4196	-0.5875	0.7220	-0.9506
0.4190	-0.5904	0.7240	-0.9537
0.4179	-0.5936	0.7260	-0.9574
0.4155	-0.5954	0.7260	-0.9615
0.4143	-0.5986	0.7280	-0.9654
0.4120	-0.6002	0.7280	-0.9692
0.4107	-0.6035	0.7300	-0.9732
0.4095	-0.6067	0.7320	-0.9770
0.4081	-0.6101	0.7340	-0.9812
0.4058	-0.6116	0.7340	-0.9850
0.4046	-0.6148	0.7360	-0.9887
0.4032	-0.6181	0.7380	-0.9929
0.4019	-0.6214	0.7400	-0.9967
0.4006	-0.6246	0.7420	-1.0005
0.3991	-0.6279	0.7440	-1.0046
0.3967	-0.6294	0.7440	-1.0084
0.3958	-0.6323	0.7460	-1.0115
0.3945	-0.6355	0.7480	-1.0152
0.3930	-0.6388	0.7500	-1.0193
0.3915	-0.6420	0.7520	-1.0232
0.3891	-0.6435	0.7520	-1.0270
0.3875	-0.6468	0.7540	-1.0310
0.3860	-0.6500	0.7560	-1.0349
0.3844	-0.6533	0.7580	-1.0390
0.3829	-0.6565	0.7600	-1.0428
0.3814	-0.6597	0.7620	-1.0466
0.3797	-0.6630	0.7640	-1.0507
0.3781	-0.6662	0.7660	-1.0545
0.3756	-0.6676	0.7660	-1.0584
0.3739	-0.6709	0.7680	-1.0624
0.3728	-0.6738	0.7700	-1.0654
0.3721	-0.6787	0.7740	-1.0693
0.3705	-0.6818	0.7760	-1.0730
0.3687	-0.6851	0.7780	-1.0771
0.3670	-0.6883	0.7800	-1.0810
0.3651	-0.6916	0.7820	-1.0851
0.3634	-0.6947	0.7840	-1.0888
0.3616	-0.6979	0.7860	-1.0927
0.3597	-0.7011	0.7880	-1.0968
0.3579	-0.7043	0.7900	-1.1006
0.3552	-0.7056	0.7900	-1.1045
0.3549	-0.7103	0.7940	-1.1074
0.3529	-0.7135	0.7960	-1.1115
0.3510	-0.7166	0.7980	-1.1153
0.3492	-0.7198	0.8000	-1.1191
0.3462	-0.7212	0.8000	-1.1233
0.3443	-0.7243	0.8020	-1.1271
0.3433	-0.7292	0.8060	-1.1308
0.3411	-0.7325	0.8080	-1.1350
0.3391	-0.7356	0.8100	-1.1388
0.3369	-0.7388	0.8120	-1.1429
0.3350	-0.7419	0.8140	-1.1467
0.3336	-0.7469	0.8180	-1.1508
0.3322	-0.7497	0.8200	-1.1537
0.3299	-0.7529	0.8220	-1.1579
0.3278	-0.7560	0.8240	-1.1617
0.3262	-0.7610	0.8280	-1.1658
0.3239	-0.7642	0.8300	-1.1699
0.3223	-0.7692	0.8340	-1.1740
0.3201	-0.7723	0.8360	-1.1778
0.3178	-0.7754	0.8380	-1.1818
0.3153	-0.7786	0.8400	-1.1860
0.3129	-0.7817	0.8420	-1.1901
0.3114	-0.7866	0.8460	-1.1938
0.3095	-0.7895	0.8480	-1.1972
0.3073	-0.7925	0.8500	-1.2009
0.3054	-0.7975	0.8540	-1.2050
0.3029	-0.8006	0.8560	-1.2092
0.3003	-0.8037	0.8580	-1.2132
0.2986	-0.8086	0.8620	-1.2170
0.2960	-0.8117	0.8640	-1.2211
0.2940	-0.8167	0.8680	-1.2253
0.2914	-0.8198	0.8700	-1.2293
0.2893	-0.8247	0.8740	-1.2334
0.2868	-0.8277	0.8760	-1.2373
0.2841	-0.8308	0.8780	-1.2413
0.2828	-0.8354	0.8820	-1.2443
0.2807	-0.8403	0.8860	-1.2484
0.2779	-0.8434	0.8880	-1.2525
0.2759	-0.8483	0.8920	-1.2563
0.2736	-0.8532	0.8960	-1.2605
0.2708	-0.8562	0.8980	-1.2645
0.2684	-0.8611	0.9020	-1.2686
0.2661	-0.8660	0.9060	-1.2727
0.2634	-0.8690	0.9080	-1.2765
0.2619	-0.8736	0.9120	-1.2795
0.2595	-0.8785	0.9160	-1.2836
0.2564	-0.8815	0.9180	-1.2877
0.2539	-0.8863	0.9220	-1.2918
0.2514	-0.8912	0.9260	-1.2958
0.2485	-0.8941	0.9280	-1.2997
0.2459	-0.8990	0.9320	-1.3038
0.2438	-0.9058	0.9380	-1.3078
0.2406	-0.9087	0.9400	-1.3119
0.2381	-0.9135	0.9440	-1.3158
0.2364	-0.9180	0.9480	-1.3187
0.2336	-0.9229	0.9520	-1.3229
0.2308	-0.9277	0.9560	-1.3270
0.2280	-0.9325	0.9600	-1.3310
0.2251	-0.9374	0.9640	-1.3351
0.2224	-0.9421	0.9680	-1.3390
0.2195	-0.9469	0.9720	-1.3430
0.2165	-0.9517	0.9760	-1.3471
0.2134	-0.9565	0.9800	-1.3512
0.2119	-0.9630	0.9860	-1.3542
0.2088	-0.9677	0.9900	-1.3583
0.2059	-0.9724	0.9940	-1.3622
0.2024	-0.9752	0.9960	-1.3662
-0.1956	-0.6638	0.6920	-1.8574
-0.1989	-0.6649	0.6940	-1.8615
-0.2016	-0.6641	0.6940	-1.8655
-0.2037	-0.6613	0.6920	-1.8696
-0.2065	-0.6605	0.6920	-1.8738
-0.2091	-0.6596	0.6920	-1.8778
-0.2124	-0.6607	0.6940	-1.8819
-0.2164	-0.6636	0.6980	-1.8860
-0.2203	-0.6687	0.7040	-1.8890
-0.2262	-0.6772	0.7140	-1.8931
-0.2322	-0.6879	0.7260	-1.8964
-0.2389	-0.6983	0.7380	-1.9004
-0.2449	-0.7089	0.7500	-1.9035
-0.2524	-0.7211	0.7640	-1.9075
-0.2600	-0.7354	0.7800	-1.9106
-0.2671	-0.7477	0.7940	-1.9138
-0.2755	-0.7617	0.8100	-1.9179
-0.2833	-0.7759	0.8260	-1.9209
-0.2920	-0.7897	0.8420	-1.9250
-0.3000	-0.8038	0.8580	-1.9280
-0.3096	-0.8195	0.8760	-1.9320
-0.3183	-0.8354	0.8940	-1.9348
-0.3272	-0.8513	0.9120	-1.9378
-0.3378	-0.8686	0.9320	-1.9416
-0.3484	-0.8881	0.9540	-1.9446
-0.3601	-0.9071	0.9760	-1.9487
-0.3708	-0.9266	0.9980	-1.9514
-0.9012	-0.4287	0.9980	-2.6976
-0.8975	-0.4225	0.9920	-2.7016
-0.8938	-0.4163	0.9860	-2.7058
-0.8922	-0.4102	0.9820	-2.7106
-0.8884	-0.4041	0.9760	-2.7148
-0.8846	-0.3979	0.9700	-2.7189
-0.8807	-0.3919	0.9640	-2.7229
-0.8787	-0.3867	0.9600	-2.7270
-0.8748	-0.3807	0.9540	-2.7312
-0.8708	-0.3748	0.9480	-2.7352
-0.8689	-0.3689	0.9440	-2.7401
-0.8667	-0.3638	0.9400	-2.7442
-0.8645	-0.3587	0.9360	-2.7483
-0.8604	-0.3529	0.9300	-2.7523
-0.8582	-0.3479	0.9260	-2.7565
-0.8559	-0.3428	0.9220	-2.7606
-0.8516	-0.3374	0.9160	-2.7644
-0.8492	-0.3325	0.9120	-2.7685
-0.8472	-0.3266	0.9080	-2.7736
-0.8448	-0.3217	0.9040	-2.7778
-0.8424	-0.3168	0.9000	-2.7819
-0.8380	-0.3113	0.8940	-2.7859
-0.8355	-0.3067	0.8900	-2.7897
-0.8330	-0.3019	0.8860	-2.7939
-0.8304	-0.2971	0.8820	-2.7980
-0.8282	-0.2915	0.8780	-2.8032
-0.8256	-0.2869	0.8740	-2.8072
-0.8229	-0.2824	0.8700	-2.8110
-0.8203	-0.2777	0.8660	-2.8151
-0.8176	-0.2731	0.8620	-2.8192
-0.8149	-0.2685	0.8580	-2.8233
-0.8122	-0.2639	0.8540	-2.8274
-0.8113	-0.2600	0.8520	-2.8314
-0.8086	-0.2555	0.8480	-2.8356
-0.8060	-0.2503	0.8440	-2.8405
-0.8051	-0.2464	0.8420	-2.8446
-0.8023	-0.2420	0.8380	-2.8487
-0.7994	-0.2376	0.8340	-2.8527
-0.7985	-0.2337	0.8320	-2.8568
-0.7956	-0.2293	0.8280	-2.8610
-0.7927	-0.2250	0.8240	-2.8650
-0.7917	-0.2212	0.8220	-2.8691
-0.7889	-0.2163	0.8180	-2.8740
-0.7859	-0.2120	0.8140	-2.8781
-0.7829	-0.2078	0.8100	-2.8822
-0.7799	-0.2036	0.8060	-2.8863
-0.7768	-0.1993	0.8020	-2.8904
-0.7737	-0.1952	0.7980	-2.8944
-0.7726	-0.1918	0.7960	-2.8983
-0.7714	-0.1881	0.7940	-2.9024
-0.7704	-0.1837	0.7920	-2.9076
-0.7692	-0.1800	0.7900	-2.9117
-0.7660	-0.1760	0.7860	-2.9157
-0.7648	-0.1727	0.7840	-2.9195
-0.7635	-0.1691	0.7820	-2.9237
-0.7603	-0.1651	0.7780	-2.9277
-0.7590	-0.1616	0.7760	-2.9318
-0.7557	-0.1576	0.7720	-2.9359
-0.7544	-0.1542	0.7700	-2.9400
-0.7532	-0.1500	0.7680	-2.9450
-0.7518	-0.1466	0.7660	-2.9490
-0.7505	-0.1432	0.7640	-2.9531
-0.7471	-0.1393	0.7600	-2.9572
-0.7437	-0.1356	0.7560	-2.9613
-0.7423	-0.1322	0.7540	-2.9654
-0.7409	-0.1288	0.7520	-2.9695
-0.7394	-0.1255	0.7500	-2.9735
-0.7380	-0.1221	0.7480	-2.9776
-0.7365	-0.1189	0.7460	-2.9815
-0.7351	-0.1148	0.7440	-2.9867
-0.7336	-0.1115	0.7420	-2.9908
-0.7301	-0.1079	0.7380	-2.9948
-0.7285	-0.1046	0.7360	-2.9989
-0.7270	-0.1014	0.7340	-3.0031
-0.7254	-0.0984	0.7320	-3.0068
-0.7238	-0.0951	0.7300	-3.0109
-0.7222	-0.0919	0.7280	-3.0150
-0.7206	-0.0887	0.7260	-3.0191
-0.7189	-0.0855	0.7240	-3.0232
-0.7174	-0.0816	0.7220	-3.0284
-0.7017	-0.0775	0.7060	-3.0316
-0.6981	-0.0734	0.7020	-3.0368
-0.6965	-0.0703	0.7000	-3.0409
-0.6947	-0.0673	0.6980	-3.0450
-0.6930	-0.0643	0.6960	-3.0491
-0.6913	-0.0613	0.6940	-3.0532
-0.6896	-0.0581	0.6920	-3.0575
-0.6878	-0.0551	0.6900	-3.0616
-0.6880	-0.0523	0.6900	-3.0658
-0.6862	-0.0494	0.6880	-3.0698
-0.6844	-0.0464	0.6860	-3.0739
-0.6826	-0.0434	0.6840	-3.0780
-0.6808	-0.0398	0.6820	-3.0832
-0.6790	-0.0369	0.6800	-3.0872
-0.6771	-0.0340	0.6780	-3.0914
-0.6753	-0.0312	0.6760	-3.0955
-0.6734	-0.0284	0.6740	-3.0995
-0.6715	-0.0255	0.6720	-3.1036
-0.6716	-0.0225	0.6720	-3.1080
-0.6697	-0.0198	0.6700	-3.1121
-0.6678	-0.0170	0.6680	-3.1162
-0.6658	-0.0142	0.6660	-3.1203
-0.6639	-0.0107	0.6640	-3.1255
-0.6620	-0.0080	0.6620	-3.1295
-0.6620	-0.0053	0.6620	-3.1336
-0.6600	-0.0025	0.6600	-3.1378
-0.7846	-0.0920	0.7900	-3.0248
-0.7591	-0.0361	0.7600	-3.0941
-0.7633	-0.0332	0.7640	-3.0982
-0.7654	-0.0301	0.7660	-3.1023
-0.7695	-0.0280	0.7700	-3.1053
-0.7716	-0.0249	0.7720	-3.1094
-0.7757	-0.0220	0.7760	-3.1132
-0.7798	-0.0190	0.7800	-3.1172
-0.7818	-0.0158	0.7820	-3.1214
-0.7859	-0.0127	0.7860	-3.1255
-0.7899	-0.0097	0.7900	-3.1293
-0.7920	-0.0065	0.7920	-3.1333
-0.7960	-0.0042	0.7960	-3.1363
-0.8000	-0.0009	0.8000	-3.1404
-0.3560	-0.0035	0.3560	-3.1317
-0.3580	-0.0025	0.3580	-3.1345
-0.3600	-0.0011	0.3600	-3.1385
