x	y	r	phi
-0.7100	0.0005	0.7100	3.1408
-0.7100	0.0035	0.7100	3.1367
-0.7080	0.0063	0.7080	3.1327
-0.7059	0.0092	0.7060	3.1286
-0.7059	0.0121	0.7060	3.1244
-0.7038	0.0149	0.7040	3.1204
-0.7018	0.0184	0.7020	3.1154
-0.7017	0.0212	0.7020	3.1114
-0.6996	0.0240	0.7000	3.1073
-0.6975	0.0268	0.6980	3.1031
-0.6974	0.0296	0.6980	3.0991
-0.6952	0.0324	0.6960	3.0950
-0.6951	0.0353	0.6960	3.0909
-0.6950	0.0381	0.6960	3.0868
-0.6928	0.0406	0.6940	3.0830
-0.6926	0.0435	0.6940	3.0789
-0.6865	0.0459	0.6880	3.0749
-0.6843	0.0484	0.6860	3.0710
-0.6841	0.0512	0.6860	3.0669
-0.6839	0.0538	0.6860	3.0631
-0.6837	0.0566	0.6860	3.0590
-0.6814	0.0590	0.6840	3.0552
-0.6832	0.0620	0.6860	3.0511
-0.6849	0.0648	0.6880	3.0473
-0.6807	0.0672	0.6840	3.0432
-0.6724	0.0697	0.6760	3.0382
-0.6701	0.0722	0.6740	3.0342
-0.6758	0.0755	0.6800	3.0304
-0.6755	0.0783	0.6800	3.0263
-0.6692	0.0801	0.6740	3.0224
-0.6669	0.0826	0.6720	3.0184
-0.6666	0.0851	0.6720	3.0146
-0.6662	0.0879	0.6720	3.0104
-0.6659	0.0904	0.6720	3.0066
-0.6655	0.0931	0.6720	3.0026
-0.6631	0.0956	0.6700	2.9985
-0.6628	0.0981	0.6700	2.9946
-0.6624	0.1008	0.6700	2.9906
-0.6600	0.1030	0.6680	2.9868
-0.6576	0.1054	0.6660	2.9826
-0.6572	0.1079	0.6660	2.9788
-0.6568	0.1106	0.6660	2.9748
-0.6542	0.1135	0.6640	2.9698
-0.6538	0.1162	0.6640	2.9658
-0.6533	0.1187	0.6640	2.9619
-0.6528	0.1214	0.6640	2.9578
-0.6504	0.1234	0.6620	2.9541
-0.6499	0.1261	0.6620	2.9499
-0.6474	0.1282	0.6600	2.9461
-0.6449	0.1305	0.6580	2.9420
-0.6425	0.1325	0.6560	2.9382
-0.6400	0.1347	0.6540	2.9341
-0.6394	0.1374	0.6540	2.9300
-0.6408	0.1402	0.6560	2.9262
-0.6403	0.1428	0.6560	2.9221
-0.6397	0.1453	0.6560	2.9183
-0.6372	0.1474	0.6540	2.9142
-0.6366	0.1499	0.6540	2.9103
-0.6360	0.1525	0.6540	2.9063
-0.6354	0.1549	0.6540	2.9025
-0.6347	0.1575	0.6540	2.8984
-0.6341	0.1601	0.6540	2.8943
-0.6316	0.1620	0.6520	2.8905
-0.6309	0.1646	0.6520	2.8864
-0.6302	0.1670	0.6520	2.8825
-0.6276	0.1690	0.6500	2.8785
-0.6251	0.1709	0.6480	2.8747
-0.6223	0.1734	0.6460	2.8698
-0.6196	0.1754	0.6440	2.8657
-0.6189	0.1780	0.6440	2.8615
-0.6201	0.1809	0.6460	2.8577
-0.6215	0.1833	0.6480	2.8547
-0.6187	0.1858	0.6460	2.8498
-0.6179	0.1884	0.6460	2.8457
-0.6172	0.1907	0.6460	2.8419
-0.6164	0.1932	0.6460	2.8379
-0.6157	0.1956	0.6460	2.8340
-0.6170	0.1980	0.6480	2.8311
-0.6181	0.2012	0.6500	2.8269
-0.6133	0.2029	0.6460	2.8220
-0.6087	0.2042	0.6420	2.8179
-0.6060	0.2059	0.6400	2.8141
-0.6070	0.2090	0.6420	2.8101
-0.6081	0.2120	0.6440	2.8062
-0.6091	0.2151	0.6460	2.8021
-0.6083	0.2175	0.6460	2.7983
-0.6037	0.2185	0.6420	2.7942
-0.6028	0.2209	0.6420	2.7904
-0.6019	0.2233	0.6420	2.7863
-0.6010	0.2258	0.6420	2.7823
-0.5983	0.2274	0.6400	2.7784
-0.5992	0.2305	0.6420	2.7743
-0.5964	0.2321	0.6400	2.7705
-0.5955	0.2345	0.6400	2.7664
-0.5946	0.2368	0.6400	2.7626
-0.5936	0.2392	0.6400	2.7585
-0.5927	0.2415	0.6400	2.7546
-0.5917	0.2439	0.6400	2.7506
-0.5907	0.2463	0.6400	2.7465
-0.5897	0.2486	0.6400	2.7427
-0.5887	0.2510	0.6400	2.7385
-0.5878	0.2532	0.6400	2.7348
-0.5867	0.2556	0.6400	2.7307
-0.5857	0.2579	0.6400	2.7268
-0.5847	0.2603	0.6400	2.7227
-0.5837	0.2625	0.6400	2.7190
-0.5826	0.2649	0.6400	2.7149
-0.5798	0.2663	0.6380	2.7110
-0.5787	0.2687	0.6380	2.7069
-0.5758	0.2702	0.6360	2.7029
-0.5747	0.2724	0.6360	2.6990
-0.5754	0.2756	0.6380	2.6949
-0.5761	0.2787	0.6400	2.6911
-0.5732	0.2801	0.6380	2.6871
-0.5721	0.2825	0.6380	2.6829
-0.5710	0.2847	0.6380	2.6791
-0.5680	0.2861	0.6360	2.6751
-0.5669	0.2882	0.6360	2.6712
-0.5657	0.2906	0.6360	2.6671
-0.5664	0.2937	0.6380	2.6633
-0.5652	0.2959	0.6380	2.6593
-0.5640	0.2983	0.6380	2.6551
-0.5628	0.3004	0.6380	2.6513
-0.5616	0.3027	0.6380	2.6473
-0.5605	0.3048	0.6380	2.6434
-0.5592	0.3072	0.6380	2.6393
-0.5597	0.3104	0.6400	2.6352
-0.5585	0.3125	0.6400	2.6314
-0.5590	0.3158	0.6420	2.6273
-0.5577	0.3179	0.6420	2.6235
-0.5547	0.3192	0.6400	2.6194
-0.5535	0.3213	0.6400	2.6156
-0.5522	0.3236	0.6400	2.6115
-0.5508	0.3259	0.6400	2.6074
-0.5496	0.3280	0.6400	2.6035
-0.5500	0.3312	0.6420	2.5995
-0.5487	0.3333	0.6420	2.5957
-0.5456	0.3345	0.6400	2.5916
-0.5443	0.3367	0.6400	2.5875
-0.5447	0.3399	0.6420	2.5837
-0.5449	0.3432	0.6440	2.5796
-0.5436	0.3453	0.6440	2.5757
-0.5422	0.3475	0.6440	2.5717
-0.5409	0.3495	0.6440	2.5679
-0.5394	0.3518	0.6440	2.5638
-0.5380	0.3540	0.6440	2.5596
-0.5367	0.3560	0.6440	2.5559
-0.5369	0.3593	0.6460	2.5518
-0.5355	0.3614	0.6460	2.5479
-0.5340	0.3636	0.6460	2.5438
-0.5325	0.3657	0.6460	2.5398
-0.5311	0.3678	0.6460	2.5360
-0.5296	0.3699	0.6460	2.5318
-0.5282	0.3720	0.6460	2.5280
-0.5303	0.3759	0.6500	2.5250
-0.5288	0.3780	0.6500	2.5210
-0.5273	0.3800	0.6500	2.5172
-0.5258	0.3822	0.6500	2.5130
-0.5242	0.3843	0.6500	2.5089
-0.5244	0.3875	0.6520	2.5052
-0.5228	0.3897	0.6520	2.5011
-0.5213	0.3917	0.6520	2.4972
-0.5212	0.3950	0.6540	2.4931
-0.5181	0.3959	0.6520	2.4891
-0.5165	0.3979	0.6520	2.4852
-0.5165	0.4012	0.6540	2.4811
-0.5165	0.4044	0.6560	2.4773
-0.5164	0.4078	0.6580	2.4733
-0.5149	0.4097	0.6580	2.4694
-0.5116	0.4106	0.6560	2.4653
-0.5068	0.4101	0.6520	2.4613
-0.5068	0.4133	0.6540	2.4574
-0.5082	0.4180	0.6580	2.4533
-0.5081	0.4212	0.6600	2.4495
-0.5064	0.4232	0.6600	2.4455
-0.5032	0.4240	0.6580	2.4413
-0.5015	0.4260	0.6580	2.4375
-0.5013	0.4293	0.6600	2.4334
-0.4997	0.4312	0.6600	2.4296
-0.4979	0.4332	0.6600	2.4255
-0.4977	0.4365	0.6620	2.4217
-0.4959	0.4385	0.6620	2.4176
-0.4957	0.4418	0.6640	2.4135
-0.4940	0.4437	0.6640	2.4097
-0.4941	0.4465	0.6660	2.4067
-0.4923	0.4486	0.6660	2.4026
-0.4905	0.4505	0.6660	2.3988
-0.4902	0.4538	0.6680	2.3947
-0.4898	0.4572	0.6700	2.3906
-0.4880	0.4591	0.6700	2.3868
-0.4876	0.4624	0.6720	2.3827
-0.4858	0.4643	0.6720	2.3789
-0.4839	0.4663	0.6720	2.3748
-0.4821	0.4681	0.6720	2.3710
-0.4816	0.4715	0.6740	2.3668
-0.4826	0.4762	0.6780	2.3628
-0.4807	0.4781	0.6780	2.3590
-0.4774	0.4786	0.6760	2.3549
-0.4755	0.4805	0.6760	2.3510
-0.4750	0.4838	0.6780	2.3470
-0.4744	0.4872	0.6800	2.3429
-0.4725	0.4890	0.6800	2.3390
-0.4719	0.4924	0.6820	2.3350
-0.4718	0.4952	0.6840	2.3319
-0.4699	0.4970	0.6840	2.3282
-0.4706	0.5019	0.6880	2.3241
-0.4713	0.5067	0.6920	2.3200
-0.4692	0.5086	0.6920	2.3159
-0.4644	0.5076	0.6880	2.3118
-0.4596	0.5065	0.6840	2.3077
-0.4576	0.5084	0.6840	2.3037
-0.4595	0.5148	0.6900	2.2995
-0.4587	0.5181	0.6920	2.2954
-0.4579	0.5215	0.6940	2.2914
-0.4572	0.5247	0.6960	2.2875
-0.4551	0.5266	0.6960	2.2834
-0.4542	0.5300	0.6980	2.2793
-0.4533	0.5334	0.7000	2.2753
-0.4511	0.5352	0.7000	2.2712
-0.4502	0.5386	0.7020	2.2670
-0.4497	0.5416	0.7040	2.2638
-0.4476	0.5434	0.7040	2.2597
-0.4466	0.5468	0.7060	2.2556
-0.4456	0.5502	0.7080	2.2515
-0.4435	0.5519	0.7080	2.2477
-0.4425	0.5553	0.7100	2.2436
-0.4414	0.5586	0.7120	2.2395
-0.4391	0.5605	0.7120	2.2354
-0.4381	0.5638	0.7140	2.2314
-0.4370	0.5672	0.7160	2.2272
-0.4359	0.5706	0.7180	2.2231
-0.4336	0.5723	0.7180	2.2191
-0.4324	0.5757	0.7200	2.2150
-0.4312	0.5791	0.7220	2.2108
-0.4289	0.5808	0.7220	2.2068
-0.4283	0.5837	0.7240	2.2038
-0.4271	0.5871	0.7260	2.1997
-0.4258	0.5905	0.7280	2.1956
-0.4246	0.5938	0.7300	2.1915
-0.4222	0.5955	0.7300	2.1875
-0.4209	0.5989	0.7320	2.1833
-0.4195	0.6023	0.7340	2.1792
-0.4182	0.6056	0.7360	2.1752
-0.4157	0.6073	0.7360	2.1711
-0.4144	0.6107	0.7380	2.1669
-0.4130	0.6140	0.7400	2.1629
-0.4116	0.6174	0.7420	2.1588
-0.4101	0.6207	0.7440	2.1547
-0.4094	0.6236	0.7460	2.1517
-0.4079	0.6270	0.7480	2.1476
-0.4065	0.6303	0.7500	2.1435
-0.4049	0.6337	0.7520	2.1394
-0.4034	0.6370	0.7540	2.1353
-0.4019	0.6403	0.7560	2.1313
-0.4003	0.6437	0.7580	2.1272
-0.3987	0.6470	0.7600	2.1230
-0.3961	0.6486	0.7600	2.1190
-0.3955	0.6537	0.7640	2.1149
-0.3948	0.6587	0.7680	2.1108
-0.3949	0.6633	0.7720	2.1078
-0.3894	0.6619	0.7680	2.1026
-0.3857	0.6618	0.7660	2.0985
-0.3857	0.6664	0.7700	2.0955
-0.3860	0.6732	0.7760	2.0915
-0.3843	0.6765	0.7780	2.0874
-0.3815	0.6781	0.7780	2.0832
-0.3797	0.6813	0.7800	2.0792
-0.3788	0.6864	0.7840	2.0751
-0.3769	0.6897	0.7860	2.0710
-0.3751	0.6930	0.7880	2.0669
-0.3732	0.6963	0.7900	2.0628
-0.3713	0.6996	0.7920	2.0587
-0.3701	0.7025	0.7940	2.0557
-0.3681	0.7058	0.7960	2.0516
-0.3671	0.7108	0.8000	2.0476
-0.3651	0.7141	0.8020	2.0435
-0.3631	0.7174	0.8040	2.0393
-0.3611	0.7206	0.8060	2.0353
-0.3590	0.7239	0.8080	2.0312
-0.3569	0.7271	0.8100	2.0271
-0.3557	0.7322	0.8140	2.0230
-0.3535	0.7354	0.8160	2.0189
-0.3514	0.7387	0.8180	2.0148
-0.3509	0.7433	0.8220	2.0118
-0.3487	0.7466	0.8240	2.0077
-0.3465	0.7498	0.8260	2.0037
-0.3451	0.7549	0.8300	1.9995
-0.3428	0.7581	0.8320	1.9954
-0.3405	0.7613	0.8340	1.9914
-0.3390	0.7664	0.8380	1.9873
-0.3366	0.7696	0.8400	1.9831
-0.3343	0.7728	0.8420	1.9791
-0.3327	0.7778	0.8460	1.9750
-0.3312	0.7807	0.8480	1.9720
-0.3295	0.7857	0.8520	1.9679
-0.3270	0.7889	0.8540	1.9638
-0.3254	0.7939	0.8580	1.9598
-0.3229	0.7971	0.8600	1.9556
-0.3210	0.8021	0.8640	1.9515
-0.3186	0.8053	0.8660	1.9475
-0.3167	0.8103	0.8700	1.9434
-0.3141	0.8135	0.8720	1.9392
-0.3124	0.8184	0.8760	1.9355
-0.3098	0.8215	0.8780	1.9314
-0.3087	0.8262	0.8820	1.9284
-0.3069	0.8311	0.8860	1.9246
-0.3042	0.8343	0.8880	1.9204
-0.3024	0.8392	0.8920	1.9166
-0.2996	0.8423	0.8940	1.9126
-0.2975	0.8473	0.8980	1.9085
-0.2956	0.8522	0.9020	1.9046
-0.2940	0.8591	0.9080	1.9005
-0.2914	0.8621	0.9100	1.8968
-0.2894	0.8649	0.9120	1.8937
-0.2872	0.8698	0.9160	1.8897
-0.2844	0.8728	0.9180	1.8858
-0.2821	0.8778	0.9220	1.8817
-0.2805	0.8846	0.9280	1.8779
-0.2781	0.8895	0.9320	1.8739
-0.2759	0.8944	0.9360	1.8700
-0.2734	0.8994	0.9400	1.8659
-0.2711	0.9042	0.9440	1.8621
-0.2695	0.9089	0.9480	1.8591
-0.2663	0.9119	0.9500	1.8550
-0.2640	0.9167	0.9540	1.8512
-0.2619	0.9236	0.9600	1.8471
-0.2592	0.9285	0.9640	1.8430
-0.2567	0.9334	0.9680	1.8391
-0.2545	0.9402	0.9740	1.8351
-0.2519	0.9450	0.9780	1.8313
-0.2490	0.9499	0.9820	1.8272
-0.2472	0.9545	0.9860	1.8242
-0.2450	0.9613	0.9920	1.8204
-0.2420	0.9662	0.9960	1.8162
0.8001	0.3365	0.8680	0.3982
0.8014	0.3336	0.8680	0.3944
0.7990	0.3287	0.8640	0.3903
0.7966	0.3242	0.8600	0.3865
0.7942	0.3194	0.8560	0.3823
0.7918	0.3147	0.8520	0.3783
0.7911	0.3109	0.8500	0.3745
0.7889	0.3056	0.8460	0.3696
0.7864	0.3009	0.8420	0.3655
0.7839	0.2963	0.8380	0.3613
0.7812	0.2919	0.8340	0.3576
0.7806	0.2880	0.8320	0.3535
0.7779	0.2836	0.8280	0.3497
0.7753	0.2791	0.8240	0.3455
0.7745	0.2753	0.8220	0.3415
0.7721	0.2702	0.8180	0.3366
0.7693	0.2659	0.8140	0.3328
0.7666	0.2614	0.8100	0.3287
0.7658	0.2576	0.8080	0.3245
0.7649	0.2541	0.8060	0.3208
0.7621	0.2497	0.8020	0.3167
0.7593	0.2456	0.7980	0.3128
0.7584	0.2419	0.7960	0.3087
0.7557	0.2369	0.7920	0.3038
0.7548	0.2333	0.7900	0.2998
0.7537	0.2298	0.7880	0.2960
0.7508	0.2256	0.7840	0.2918
0.7499	0.2219	0.7820	0.2877
0.7488	0.2185	0.7800	0.2840
0.7458	0.2143	0.7760	0.2799
0.7447	0.2109	0.7740	0.2760
0.7417	0.2068	0.7700	0.2719
0.7408	0.2026	0.7680	0.2670
0.7397	0.1991	0.7660	0.2630
0.7385	0.1958	0.7640	0.2591
0.7354	0.1917	0.7600	0.2550
0.7343	0.1882	0.7580	0.2509
0.7330	0.1850	0.7560	0.2472
0.7299	0.1810	0.7520	0.2430
0.7286	0.1777	0.7500	0.2392
0.7274	0.1742	0.7480	0.2351
0.7262	0.1708	0.7460	0.2311
0.7251	0.1668	0.7440	0.2262
0.7237	0.1636	0.7420	0.2223
0.7225	0.1602	0.7400	0.2182
0.7212	0.1568	0.7380	0.2141
0.7178	0.1533	0.7340	0.2103
0.7184	0.1503	0.7340	0.2062
0.7151	0.1467	0.7300	0.2024
0.7118	0.1430	0.7260	0.1983
0.7104	0.1397	0.7240	0.1942
0.7091	0.1359	0.7220	0.1894
0.7096	0.1332	0.7220	0.1855
0.7062	0.1295	0.7180	0.1814
0.7048	0.1263	0.7160	0.1773
0.7033	0.1233	0.7140	0.1735
0.7018	0.1200	0.7120	0.1694
0.7003	0.1170	0.7100	0.1656
0.6988	0.1138	0.7080	0.1615
0.6973	0.1107	0.7060	0.1574
0.6957	0.1077	0.7040	0.1536
0.6962	0.1048	0.7040	0.1495
0.6947	0.1011	0.7020	0.1446
0.6931	0.0980	0.7000	0.1405
0.6915	0.0951	0.6980	0.1367
0.6879	0.0918	0.6940	0.1326
0.6863	0.0887	0.6920	0.1285
0.6866	0.0860	0.6920	0.1246
0.6850	0.0830	0.6900	0.1206
0.6833	0.0802	0.6880	0.1168
0.6817	0.0771	0.6860	0.1127
0.6800	0.0742	0.6840	0.1086
0.6802	0.0715	0.6840	0.1048
0.6786	0.0680	0.6820	0.0999
0.6769	0.0650	0.6800	0.0958
0.6752	0.0621	0.6780	0.0917
0.6734	0.0593	0.6760	0.0878
0.6736	0.0566	0.6760	0.0838
0.6718	0.0538	0.6740	0.0800
0.6701	0.0509	0.6720	0.0758
0.6683	0.0481	0.6700	0.0718
0.6685	0.0455	0.6700	0.0680
0.6666	0.0426	0.6680	0.0639
0.6648	0.0399	0.6660	0.0600
0.6650	0.0373	0.6660	0.0560
0.6631	0.0339	0.6640	0.0510
0.6613	0.0311	0.6620	0.0470
0.6594	0.0285	0.6600	0.0431
0.6575	0.0257	0.6580	0.0390
0.6576	0.0230	0.6580	0.0350
0.6557	0.0204	0.6560	0.0312
0.6558	0.0177	0.6560	0.0270
0.6538	0.0152	0.6540	0.0232
0.6519	0.0125	0.6520	0.0192
0.6519	0.0098	0.6520	0.0151
0.6500	0.0073	0.6500	0.0112
0.6480	0.0046	0.6480	0.0071
0.6480	0.0022	0.6480	0.0034
0.6460	-0.0011	0.6460	-0.0016
0.6460	-0.0037	0.6460	-0.0057
0.6440	-0.0061	0.6440	-0.0095
0.6439	-0.0088	0.6440	-0.0136
0.6419	-0.0113	0.6420	-0.0176
0.6399	-0.0137	0.6400	-0.0215
0.6398	-0.0164	0.6400	-0.0256
0.6377	-0.0188	0.6380	-0.0294
0.6356	-0.0213	0.6360	-0.0335
0.6336	-0.0236	0.6340	-0.0373
0.6335	-0.0263	0.6340	-0.0414
0.6334	-0.0287	0.6340	-0.0453
0.6312	-0.0311	0.6320	-0.0493
0.6291	-0.0342	0.6300	-0.0543
0.6289	-0.0367	0.6300	-0.0583
0.6288	-0.0391	0.6300	-0.0621
0.6266	-0.0416	0.6280	-0.0662
0.6265	-0.0440	0.6280	-0.0701
0.6243	-0.0464	0.6260	-0.0741
0.6241	-0.0487	0.6260	-0.0779
0.6219	-0.0512	0.6240	-0.0821
0.6217	-0.0537	0.6240	-0.0861
0.6195	-0.0559	0.6220	-0.0899
0.6193	-0.0584	0.6220	-0.0941
0.6170	-0.0606	0.6200	-0.0979
0.6168	-0.0631	0.6200	-0.1019
0.6145	-0.0652	0.6180	-0.1057
0.6143	-0.0678	0.6180	-0.1099
0.6120	-0.0699	0.6160	-0.1137
0.6117	-0.0724	0.6160	-0.1177
0.6094	-0.0752	0.6140	-0.1227
0.6091	-0.0776	0.6140	-0.1267
0.6068	-0.0797	0.6120	-0.1306
0.6065	-0.0822	0.6120	-0.1347
0.6061	-0.0845	0.6120	-0.1384
0.6038	-0.0867	0.6100	-0.1426
0.6035	-0.0890	0.6100	-0.1464
0.6011	-0.0912	0.6080	-0.1505
0.6028	-0.0937	0.6100	-0.1543
0.6024	-0.0962	0.6100	-0.1584
0.6000	-0.0984	0.6080	-0.1625
0.5976	-0.1003	0.6060	-0.1663
0.5972	-0.1027	0.6060	-0.1704
0.5949	-0.1047	0.6040	-0.1742
0.5944	-0.1071	0.6040	-0.1783
0.5940	-0.1094	0.6040	-0.1822
0.5916	-0.1114	0.6020	-0.1862
0.5912	-0.1137	0.6020	-0.1900
0.5907	-0.1161	0.6020	-0.1941
0.5883	-0.1181	0.6000	-0.1982
0.5878	-0.1204	0.6000	-0.2020
0.5873	-0.1228	0.6000	-0.2061
0.5888	-0.1255	0.6020	-0.2100
0.5843	-0.1275	0.5980	-0.2149
0.5798	-0.1290	0.5940	-0.2190
0.5793	-0.1312	0.5940	-0.2227
0.5848	-0.1343	0.6000	-0.2258
0.5842	-0.1367	0.6000	-0.2298
0.5796	-0.1387	0.5960	-0.2348
0.5771	-0.1405	0.5940	-0.2388
0.5766	-0.1427	0.5940	-0.2427
0.5760	-0.1451	0.5940	-0.2468
0.5754	-0.1473	0.5940	-0.2506
0.5748	-0.1496	0.5940	-0.2546
0.5743	-0.1518	0.5940	-0.2585
0.5736	-0.1542	0.5940	-0.2626
0.5730	-0.1565	0.5940	-0.2666
0.5724	-0.1587	0.5940	-0.2705
0.5717	-0.1611	0.5940	-0.2746
0.5711	-0.1633	0.5940	-0.2784
0.5685	-0.1650	0.5920	-0.2824
0.5679	-0.1672	0.5920	-0.2863
0.5691	-0.1701	0.5940	-0.2904
0.5723	-0.1734	0.5980	-0.2942
0.5678	-0.1746	0.5940	-0.2983
0.5614	-0.1749	0.5880	-0.3021
0.5606	-0.1773	0.5880	-0.3062
0.5599	-0.1795	0.5880	-0.3102
0.5592	-0.1817	0.5880	-0.3141
0.5566	-0.1833	0.5860	-0.3182
0.5559	-0.1855	0.5860	-0.3220
0.5531	-0.1875	0.5840	-0.3269
0.5523	-0.1898	0.5840	-0.3311
0.5497	-0.1912	0.5820	-0.3348
0.5451	-0.1922	0.5780	-0.3389
0.5443	-0.1944	0.5780	-0.3430
0.5436	-0.1965	0.5780	-0.3469
0.5465	-0.2001	0.5820	-0.3509
0.5476	-0.2028	0.5840	-0.3547
0.5468	-0.2051	0.5840	-0.3589
0.5460	-0.2072	0.5840	-0.3627
0.5452	-0.2094	0.5840	-0.3667
0.5443	-0.2116	0.5840	-0.3708
0.5434	-0.2139	0.5840	-0.3750
0.5426	-0.2161	0.5840	-0.3790
0.5417	-0.2183	0.5840	-0.3831
0.5408	-0.2205	0.5840	-0.3872
0.5399	-0.2227	0.5840	-0.3913
0.5389	-0.2249	0.5840	-0.3954
0.5380	-0.2273	0.5840	-0.3997
0.5370	-0.2295	0.5840	-0.4038
0.5361	-0.2317	0.5840	-0.4079
0.5333	-0.2330	0.5820	-0.4120
0.5342	-0.2360	0.5840	-0.4161
0.5332	-0.2382	0.5840	-0.4202
0.5322	-0.2404	0.5840	-0.4242
0.5312	-0.2426	0.5840	-0.4284
0.5284	-0.2439	0.5820	-0.4325
0.5274	-0.2461	0.5820	-0.4365
0.5282	-0.2491	0.5840	-0.4406
0.5272	-0.2513	0.5840	-0.4448
0.5262	-0.2534	0.5840	-0.4488
0.5251	-0.2555	0.5840	-0.4529
0.5240	-0.2579	0.5840	-0.4573
0.5229	-0.2600	0.5840	-0.4613
0.5219	-0.2621	0.5840	-0.4655
0.5208	-0.2643	0.5840	-0.4696
0.5197	-0.2664	0.5840	-0.4736
0.5186	-0.2685	0.5840	-0.4777
0.5175	-0.2706	0.5840	-0.4819
0.5146	-0.2718	0.5820	-0.4859
0.5153	-0.2749	0.5840	-0.4900
0.5141	-0.2770	0.5840	-0.4941
0.5130	-0.2790	0.5840	-0.4982
0.5119	-0.2812	0.5840	-0.5023
0.5107	-0.2833	0.5840	-0.5064
0.5096	-0.2853	0.5840	-0.5104
0.5104	-0.2880	0.5860	-0.5137
0.5071	-0.2896	0.5840	-0.5189
0.5059	-0.2917	0.5840	-0.5230
0.5068	-0.2942	0.5860	-0.5260
0.5056	-0.2963	0.5860	-0.5301
0.5044	-0.2984	0.5860	-0.5342
0.5031	-0.3004	0.5860	-0.5382
0.5019	-0.3025	0.5860	-0.5424
0.5023	-0.3057	0.5880	-0.5468
0.5010	-0.3077	0.5880	-0.5508
0.4998	-0.3098	0.5880	-0.5549
0.4968	-0.3108	0.5860	-0.5590
0.4972	-0.3139	0.5880	-0.5631
0.4959	-0.3159	0.5880	-0.5672
0.4946	-0.3180	0.5880	-0.5713
0.4933	-0.3199	0.5880	-0.5753
0.4920	-0.3220	0.5880	-0.5795
0.4907	-0.3240	0.5880	-0.5836
0.4910	-0.3271	0.5900	-0.5876
0.4897	-0.3291	0.5900	-0.5917
0.4883	-0.3311	0.5900	-0.5959
0.4870	-0.3331	0.5900	-0.5999
0.4855	-0.3352	0.5900	-0.6043
0.4858	-0.3383	0.5920	-0.6083
0.4844	-0.3403	0.5920	-0.6124
0.4830	-0.3423	0.5920	-0.6166
0.4816	-0.3443	0.5920	-0.6206
0.4802	-0.3462	0.5920	-0.6247
0.4788	-0.3482	0.5920	-0.6288
0.4790	-0.3513	0.5940	-0.6329
0.4775	-0.3533	0.5940	-0.6370
0.4761	-0.3553	0.5940	-0.6411
0.4762	-0.3584	0.5960	-0.6451
0.4747	-0.3603	0.5960	-0.6493
0.4732	-0.3623	0.5960	-0.6534
0.4734	-0.3654	0.5980	-0.6574
0.4717	-0.3675	0.5980	-0.6618
0.4722	-0.3701	0.6000	-0.6648
0.4723	-0.3733	0.6020	-0.6689
0.4707	-0.3753	0.6020	-0.6730
0.4692	-0.3772	0.6020	-0.6771
0.4677	-0.3791	0.6020	-0.6812
0.4661	-0.3810	0.6020	-0.6853
0.4661	-0.3842	0.6040	-0.6893
0.4629	-0.3849	0.6020	-0.6937
0.4579	-0.3846	0.5980	-0.6986
0.4563	-0.3865	0.5980	-0.7028
0.4566	-0.3893	0.6000	-0.7060
0.4565	-0.3924	0.6020	-0.7100
0.4549	-0.3943	0.6020	-0.7142
0.4533	-0.3962	0.6020	-0.7183
0.4532	-0.3993	0.6040	-0.7223
0.4515	-0.4012	0.6040	-0.7264
0.4513	-0.4044	0.6060	-0.7306
0.4512	-0.4075	0.6080	-0.7346
0.4495	-0.4094	0.6080	-0.7387
0.4478	-0.4112	0.6080	-0.7428
0.4476	-0.4144	0.6100	-0.7469
0.4473	-0.4177	0.6120	-0.7513
0.4455	-0.4196	0.6120	-0.7554
0.4438	-0.4214	0.6120	-0.7594
0.4437	-0.4244	0.6140	-0.7633
0.4419	-0.4263	0.6140	-0.7674
0.4421	-0.4290	0.6160	-0.7703
0.4404	-0.4307	0.6160	-0.7742
0.4387	-0.4325	0.6160	-0.7783
0.4383	-0.4356	0.6180	-0.7823
0.4367	-0.4373	0.6180	-0.7862
0.4363	-0.4405	0.6200	-0.7903
0.4346	-0.4422	0.6200	-0.7941
0.4342	-0.4454	0.6220	-0.7981
0.4325	-0.4471	0.6220	-0.8020
0.4320	-0.4503	0.6240	-0.8061
0.4303	-0.4519	0.6240	-0.8099
0.4298	-0.4551	0.6260	-0.8140
0.4281	-0.4568	0.6260	-0.8178
0.4275	-0.4600	0.6280	-0.8219
0.4257	-0.4617	0.6280	-0.8260
0.4239	-0.4633	0.6280	-0.8298
0.4234	-0.4666	0.6300	-0.8339
0.4233	-0.4693	0.6320	-0.8369
0.4215	-0.4709	0.6320	-0.8407
0.4196	-0.4727	0.6320	-0.8448
0.4191	-0.4757	0.6340	-0.8486
0.4185	-0.4789	0.6360	-0.8527
0.4166	-0.4805	0.6360	-0.8565
0.4159	-0.4838	0.6380	-0.8607
0.4153	-0.4870	0.6400	-0.8647
0.4134	-0.4886	0.6400	-0.8685
0.4127	-0.4918	0.6420	-0.8726
0.4108	-0.4934	0.6420	-0.8765
0.4101	-0.4966	0.6440	-0.8805
0.4094	-0.4997	0.6460	-0.8843
0.4074	-0.5014	0.6460	-0.8885
0.4071	-0.5041	0.6480	-0.8914
0.4052	-0.5057	0.6480	-0.8953
0.4044	-0.5089	0.6500	-0.8993
0.4037	-0.5120	0.6520	-0.9031
0.4016	-0.5137	0.6520	-0.9073
0.4007	-0.5169	0.6540	-0.9114
0.4000	-0.5200	0.6560	-0.9151
0.3978	-0.5216	0.6560	-0.9192
0.3970	-0.5247	0.6580	-0.9231
0.3949	-0.5264	0.6580	-0.9272
0.3941	-0.5294	0.6600	-0.9309
0.3931	-0.5327	0.6620	-0.9351
0.3922	-0.5358	0.6640	-0.9389
0.3900	-0.5374	0.6640	-0.9430
0.3896	-0.5402	0.6660	-0.9460
0.3887	-0.5433	0.6680	-0.9498
0.3876	-0.5465	0.6700	-0.9538
0.3854	-0.5481	0.6700	-0.9580
0.3844	-0.5512	0.6720	-0.9618
0.3833	-0.5544	0.6740	-0.9659
0.3823	-0.5575	0.6760	-0.9697
0.3800	-0.5591	0.6760	-0.9738
0.3790	-0.5622	0.6780	-0.9776
0.3778	-0.5654	0.6800	-0.9817
0.3768	-0.5685	0.6820	-0.9855
0.3761	-0.5713	0.6840	-0.9886
0.3738	-0.5728	0.6840	-0.9926
0.3725	-0.5760	0.6860	-0.9967
0.3714	-0.5791	0.6880	-1.0005
0.3702	-0.5823	0.6900	-1.0046
0.3690	-0.5854	0.6920	-1.0084
0.3666	-0.5869	0.6920	-1.0125
0.3654	-0.5900	0.6940	-1.0164
0.3640	-0.5932	0.6960	-1.0204
0.3628	-0.5963	0.6980	-1.0242
0.3614	-0.5995	0.7000	-1.0283
0.3601	-0.6026	0.7020	-1.0322
0.3593	-0.6054	0.7040	-1.0351
0.3578	-0.6086	0.7060	-1.0393
0.3564	-0.6118	0.7080	-1.0433
0.3550	-0.6149	0.7100	-1.0471
0.3535	-0.6180	0.7120	-1.0513
0.3521	-0.6211	0.7140	-1.0551
0.3496	-0.6226	0.7140	-1.0591
0.3492	-0.6274	0.7180	-1.0630
0.3475	-0.6306	0.7200	-1.0671
0.3461	-0.6337	0.7220	-1.0709
0.3451	-0.6364	0.7240	-1.0739
0.3435	-0.6396	0.7260	-1.0780
0.3418	-0.6428	0.7280	-1.0820
0.3403	-0.6458	0.7300	-1.0859
0.3385	-0.6490	0.7320	-1.0900
0.3370	-0.6521	0.7340	-1.0938
0.3353	-0.6552	0.7360	-1.0979
0.3336	-0.6583	0.7380	-1.1017
0.3318	-0.6614	0.7400	-1.1058
0.3302	-0.6645	0.7420	-1.1096
0.3300	-0.6691	0.7460	-1.1126
0.3281	-0.6722	0.7480	-1.1167
0.3264	-0.6752	0.7500	-1.1205
0.3245	-0.6784	0.7520	-1.1246
0.3226	-0.6815	0.7540	-1.1287
0.3209	-0.6845	0.7560	-1.1325
0.3197	-0.6895	0.7600	-1.1366
0.3179	-0.6925	0.7620	-1.1404
0.3159	-0.6956	0.7640	-1.1445
0.3141	-0.6986	0.7660	-1.1483
0.3120	-0.7018	0.7680	-1.1524
0.3108	-0.7045	0.7700	-1.1554
0.3088	-0.7075	0.7720	-1.1592
0.3075	-0.7125	0.7760	-1.1633
0.3056	-0.7155	0.7780	-1.1672
0.3035	-0.7185	0.7800	-1.1712
0.3022	-0.7234	0.7840	-1.1750
0.3000	-0.7265	0.7860	-1.1792
0.2980	-0.7295	0.7880	-1.1830
0.2958	-0.7325	0.7900	-1.1870
0.2950	-0.7371	0.7940	-1.1901
0.2938	-0.7420	0.7980	-1.1938
0.2921	-0.7469	0.8020	-1.1979
0.2898	-0.7500	0.8040	-1.2021
0.2883	-0.7548	0.8080	-1.2059
0.2860	-0.7578	0.8100	-1.2099
0.2838	-0.7608	0.8120	-1.2138
0.2820	-0.7657	0.8160	-1.2179
0.2798	-0.7687	0.8180	-1.2217
0.2789	-0.7733	0.8220	-1.2247
0.2770	-0.7782	0.8260	-1.2288
0.2748	-0.7811	0.8280	-1.2326
0.2728	-0.7860	0.8320	-1.2367
0.2705	-0.7889	0.8340	-1.2405
0.2685	-0.7938	0.8380	-1.2446
0.2668	-0.7986	0.8420	-1.2484
0.2641	-0.8016	0.8440	-1.2525
0.2630	-0.8062	0.8480	-1.2555
0.2611	-0.8110	0.8520	-1.2593
0.2590	-0.8159	0.8560	-1.2634
0.2565	-0.8188	0.8580	-1.2673
0.2543	-0.8236	0.8620	-1.2713
0.2523	-0.8284	0.8660	-1.2751
0.2501	-0.8333	0.8700	-1.2792
0.2478	-0.8381	0.8740	-1.2833
0.2452	-0.8410	0.8760	-1.2871
0.2437	-0.8456	0.8800	-1.2902
0.2414	-0.8504	0.8840	-1.2942
0.2392	-0.8552	0.8880	-1.2980
0.2368	-0.8600	0.8920	-1.3022
0.2350	-0.8667	0.8980	-1.3060
0.2326	-0.8715	0.9020	-1.3100
0.2297	-0.8743	0.9040	-1.3139
0.2271	-0.8791	0.9080	-1.3180
0.2260	-0.8856	0.9140	-1.3209
0.2236	-0.8904	0.9180	-1.3248
0.2209	-0.8951	0.9220	-1.3288
0.2184	-0.8999	0.9260	-1.3326
0.2157	-0.9046	0.9300	-1.3368
0.2136	-0.9113	0.9360	-1.3406
0.2108	-0.9161	0.9400	-1.3446
0.2093	-0.9226	0.9460	-1.3477
0.2066	-0.9273	0.9500	-1.3515
0.2038	-0.9320	0.9540	-1.3556
0.2014	-0.9386	0.9600	-1.3594
0.1988	-0.9453	0.9660	-1.3635
0.1960	-0.9500	0.9700	-1.3674
0.1933	-0.9567	0.9760	-1.3714
0.1902	-0.9614	0.9800	-1.3755
0.1884	-0.9658	0.9840	-1.3782
0.1851	-0.9705	0.9880	-1.3823
0.1826	-0.9791	0.9960	-1.3864
-0.2328	-0.6792	0.7180	-1.9010
-0.2356	-0.6782	0.7180	-1.9051
-0.2383	-0.6773	0.7180	-1.9091
-0.2402	-0.6745	0.7160	-1.9130
-0.2430	-0.6735	0.7160	-1.9171
-0.2465	-0.6744	0.7180	-1.9212
-0.2506	-0.6793	0.7240	-1.9242
-0.2574	-0.6895	0.7360	-1.9280
-0.2721	-0.7053	0.7560	-1.9390
-0.9115	-0.4064	0.9980	-2.7221
-0.9095	-0.4012	0.9940	-2.7262
-0.9074	-0.3958	0.9900	-2.7303
-0.9054	-0.3905	0.9860	-2.7344
-0.9036	-0.3845	0.9820	-2.7393
-0.9015	-0.3792	0.9780	-2.7434
-0.8975	-0.3733	0.9720	-2.7475
-0.8953	-0.3680	0.9680	-2.7516
-0.8931	-0.3628	0.9640	-2.7557
-0.8909	-0.3577	0.9600	-2.7597
-0.8886	-0.3526	0.9560	-2.7638
-0.8845	-0.3467	0.9500	-2.7680
-0.8840	-0.3425	0.9480	-2.7720
-0.8820	-0.3364	0.9440	-2.7772
-0.8796	-0.3314	0.9400	-2.7813
-0.8773	-0.3264	0.9360	-2.7854
-0.8748	-0.3215	0.9320	-2.7894
-0.8724	-0.3165	0.9280	-2.7936
-0.8699	-0.3115	0.9240	-2.7977
-0.8693	-0.3074	0.9220	-2.8017
-0.8667	-0.3025	0.9180	-2.8058
-0.8642	-0.2976	0.9140	-2.8100
-0.8619	-0.2918	0.9100	-2.8151
-0.8612	-0.2877	0.9080	-2.8192
-0.8586	-0.2829	0.9040	-2.8233
-0.8578	-0.2787	0.9020	-2.8274
-0.8552	-0.2741	0.8980	-2.8314
-0.8525	-0.2693	0.8940	-2.8356
-0.8497	-0.2646	0.8900	-2.8397
-0.8470	-0.2600	0.8860	-2.8437
-0.8461	-0.2560	0.8840	-2.8478
-0.8433	-0.2513	0.8800	-2.8520
-0.8407	-0.2461	0.8760	-2.8568
-0.8379	-0.2415	0.8720	-2.8610
-0.8369	-0.2376	0.8700	-2.8650
-0.8360	-0.2336	0.8680	-2.8691
-0.8350	-0.2296	0.8660	-2.8732
-0.8321	-0.2252	0.8620	-2.8773
-0.8311	-0.2213	0.8600	-2.8814
-0.8281	-0.2168	0.8560	-2.8855
-0.8270	-0.2130	0.8540	-2.8895
-0.8259	-0.2091	0.8520	-2.8937
-0.8229	-0.2047	0.8480	-2.8978
-0.8220	-0.2000	0.8460	-2.9030
-0.8209	-0.1962	0.8440	-2.9070
-0.8178	-0.1919	0.8400	-2.9111
-0.8147	-0.1876	0.8360	-2.9152
-0.8135	-0.1839	0.8340	-2.9193
-0.8142	-0.1805	0.8340	-2.9234
-0.8130	-0.1768	0.8320	-2.9275
-0.8078	-0.1722	0.8260	-2.9315
-0.8027	-0.1677	0.8200	-2.9357
-0.8034	-0.1644	0.8200	-2.9398
-0.8040	-0.1611	0.8200	-2.9438
-0.8029	-0.1566	0.8180	-2.9490
-0.8035	-0.1533	0.8180	-2.9531
-0.8002	-0.1492	0.8140	-2.9572
-0.7969	-0.1453	0.8100	-2.9613
-0.7955	-0.1416	0.8080	-2.9654
-0.7941	-0.1380	0.8060	-2.9695
-0.7927	-0.1345	0.8040	-2.9735
-0.7912	-0.1309	0.8020	-2.9776
-0.7878	-0.1270	0.7980	-2.9818
-0.7864	-0.1235	0.7960	-2.9858
-0.7849	-0.1200	0.7940	-2.9899
-0.7835	-0.1158	0.7920	-2.9948
-0.7840	-0.1126	0.7920	-2.9989
-0.7824	-0.1091	0.7900	-3.0031
-0.7809	-0.1057	0.7880	-3.0071
-0.7793	-0.1022	0.7860	-3.0112
-0.7758	-0.0985	0.7820	-3.0153
-0.7742	-0.0951	0.7800	-3.0194
-0.7726	-0.0917	0.7780	-3.0235
-0.7730	-0.0885	0.7780	-3.0276
-0.7494	-0.0835	0.7540	-3.0306
-0.7477	-0.0803	0.7520	-3.0346
-0.7460	-0.0770	0.7500	-3.0387
-0.7444	-0.0737	0.7480	-3.0428
-0.7427	-0.0706	0.7460	-3.0469
-0.7429	-0.0675	0.7460	-3.0510
-0.7413	-0.0637	0.7440	-3.0559
-0.7395	-0.0605	0.7420	-3.0600
-0.7378	-0.0573	0.7400	-3.0641
-0.7360	-0.0541	0.7380	-3.0682
-0.7362	-0.0511	0.7380	-3.0723
-0.7324	-0.0478	0.7340	-3.0764
-0.7306	-0.0447	0.7320	-3.0804
-0.7288	-0.0416	0.7300	-3.0845
-0.7290	-0.0386	0.7300	-3.0887
-0.7271	-0.0356	0.7280	-3.0927
-0.7233	-0.0326	0.7240	-3.0965
-0.7214	-0.0288	0.7220	-3.1017
-0.7215	-0.0258	0.7220	-3.1058
-0.7216	-0.0228	0.7220	-3.1100
-0.7197	-0.0199	0.7200	-3.1140
-0.7198	-0.0169	0.7200	-3.1181
-0.7179	-0.0139	0.7180	-3.1222
-0.7159	-0.0112	0.7160	-3.1260
-0.7140	-0.0082	0.7140	-3.1301
-0.7140	-0.0053	0.7140	-3.1342
-0.7120	-0.0024	0.7120	-3.1382
-0.2845	-0.0173	0.2850	-3.0810
-0.6229	-0.0362	0.6240	-3.0835
-0.6131	-0.0327	0.6140	-3.0884
-0.6033	-0.0298	0.6040	-3.0922
-0.5934	-0.0264	0.5940	-3.0971
-0.5855	-0.0238	0.5860	-3.1009
-0.5776	-0.0207	0.5780	-3.1058
-0.5697	-0.0176	0.5700	-3.1107
-0.5618	-0.0152	0.5620	-3.1146
-0.5539	-0.0123	0.5540	-3.1194
-0.5459	-0.0094	0.5460	-3.1243
-0.5380	-0.0072	0.5380	-3.1282
-0.5300	-0.0045	0.5300	-3.1331
-0.5240	-0.0025	0.5240	-3.1369
-0.9613	-0.1133	0.9680	-3.0242
-0.9658	-0.1098	0.9720	-3.0284
-0.9722	-0.1068	0.9780	-3.0322
-0.9784	-0.1045	0.9840	-3.0352
-0.9848	-0.1014	0.9900	-3.0390
-0.9912	-0.0979	0.9960	-3.0431
