x	y	r	phi
-0.5700	0.0012	0.5700	3.1395
-0.5740	0.0030	0.5740	3.1364
-0.5780	0.0053	0.5780	3.1324
-0.5819	0.0078	0.5820	3.1283
-0.5859	0.0096	0.5860	3.1253
-0.5899	0.0120	0.5900	3.1212
-0.5958	0.0146	0.5960	3.1170
-0.5998	0.0165	0.6000	3.1141
-0.6037	0.0190	0.6040	3.1101
-0.6076	0.0215	0.6080	3.1062
-0.6135	0.0242	0.6140	3.1021
-0.6174	0.0262	0.6180	3.0991
-0.6233	0.0291	0.6240	3.0950
-0.6272	0.0318	0.6280	3.0909
-0.6311	0.0339	0.6320	3.0879
-0.6369	0.0369	0.6380	3.0838
-0.6428	0.0398	0.6440	3.0798
-0.6466	0.0420	0.6480	3.0768
-0.6525	0.0449	0.6540	3.0729
-0.6563	0.0478	0.6580	3.0688
-0.6620	0.0510	0.6640	3.0647
-0.6679	0.0535	0.6700	3.0617
-0.6736	0.0567	0.6760	3.0576
-0.6794	0.0599	0.6820	3.0536
-0.6851	0.0626	0.6880	3.0505
-0.6909	0.0659	0.6940	3.0465
-0.6966	0.0691	0.7000	3.0427
-0.7023	0.0720	0.7060	3.0394
-0.7080	0.0754	0.7120	3.0356
-0.7136	0.0789	0.7180	3.0314
-0.7350	0.1016	0.7420	3.0042
-0.7322	0.1073	0.7400	2.9961
-0.7298	0.1098	0.7380	2.9922
-0.7293	0.1128	0.7380	2.9881
-0.7308	0.1162	0.7400	2.9840
-0.7284	0.1188	0.7380	2.9799
-0.7259	0.1212	0.7360	2.9761
-0.7235	0.1239	0.7340	2.9720
-0.7230	0.1268	0.7340	2.9680
-0.7205	0.1294	0.7320	2.9638
-0.7200	0.1322	0.7320	2.9600
-0.7194	0.1352	0.7320	2.9559
-0.7169	0.1377	0.7300	2.9519
-0.7144	0.1402	0.7280	2.9477
-0.7138	0.1432	0.7280	2.9436
-0.7132	0.1459	0.7280	2.9399
-0.7107	0.1484	0.7260	2.9358
-0.7081	0.1509	0.7240	2.9316
-0.7075	0.1537	0.7240	2.9276
-0.7069	0.1565	0.7240	2.9238
-0.7062	0.1594	0.7240	2.9196
-0.7035	0.1626	0.7220	2.9145
-0.7028	0.1653	0.7220	2.9106
-0.7002	0.1676	0.7200	2.9066
-0.6995	0.1705	0.7200	2.9025
-0.6988	0.1734	0.7200	2.8984
-0.6962	0.1756	0.7180	2.8945
-0.6955	0.1784	0.7180	2.8905
-0.6928	0.1808	0.7160	2.8864
-0.6921	0.1836	0.7160	2.8823
-0.6914	0.1862	0.7160	2.8785
-0.6887	0.1885	0.7140	2.8744
-0.6879	0.1914	0.7140	2.8703
-0.6871	0.1941	0.7140	2.8662
-0.6844	0.1964	0.7120	2.8621
-0.6836	0.1992	0.7120	2.8580
-0.6828	0.2020	0.7120	2.8540
-0.6800	0.2042	0.7100	2.8498
-0.6811	0.2076	0.7120	2.8457
-0.6783	0.2097	0.7100	2.8417
-0.6774	0.2125	0.7100	2.8376
-0.6747	0.2147	0.7080	2.8335
-0.6738	0.2174	0.7080	2.8294
-0.6729	0.2202	0.7080	2.8253
-0.6720	0.2230	0.7080	2.8212
-0.6711	0.2257	0.7080	2.8172
-0.6683	0.2276	0.7060	2.8133
-0.6655	0.2297	0.7040	2.8092
-0.6645	0.2325	0.7040	2.8051
-0.6636	0.2351	0.7040	2.8010
-0.6626	0.2379	0.7040	2.7969
-0.6616	0.2406	0.7040	2.7928
-0.6606	0.2433	0.7040	2.7888
-0.6575	0.2460	0.7020	2.7836
-0.6565	0.2487	0.7020	2.7795
-0.6554	0.2514	0.7020	2.7754
-0.6544	0.2540	0.7020	2.7713
-0.6534	0.2565	0.7020	2.7675
-0.6505	0.2585	0.7000	2.7634
-0.6495	0.2611	0.7000	2.7593
-0.6484	0.2638	0.7000	2.7552
-0.6473	0.2665	0.7000	2.7511
-0.6462	0.2691	0.7000	2.7471
-0.6451	0.2717	0.7000	2.7429
-0.6421	0.2736	0.6980	2.7388
-0.6410	0.2762	0.6980	2.7348
-0.6399	0.2788	0.6980	2.7307
-0.6387	0.2815	0.6980	2.7266
-0.6376	0.2840	0.6980	2.7225
-0.6364	0.2866	0.6980	2.7184
-0.6334	0.2884	0.6960	2.7143
-0.6323	0.2910	0.6960	2.7103
-0.6310	0.2936	0.6960	2.7061
-0.6316	0.2970	0.6980	2.7020
-0.6304	0.2996	0.6980	2.6980
-0.6274	0.3013	0.6960	2.6939
-0.6262	0.3037	0.6960	2.6900
-0.6232	0.3054	0.6940	2.6859
-0.6237	0.3088	0.6960	2.6819
-0.6225	0.3114	0.6960	2.6778
-0.6212	0.3139	0.6960	2.6736
-0.6199	0.3164	0.6960	2.6696
-0.6168	0.3181	0.6940	2.6655
-0.6173	0.3215	0.6960	2.6614
-0.6160	0.3240	0.6960	2.6573
-0.6146	0.3266	0.6960	2.6532
-0.6115	0.3281	0.6940	2.6491
-0.6102	0.3306	0.6940	2.6451
-0.6106	0.3341	0.6960	2.6409
-0.6074	0.3356	0.6940	2.6368
-0.6061	0.3381	0.6940	2.6328
-0.6047	0.3406	0.6940	2.6287
-0.6050	0.3440	0.6960	2.6245
-0.6019	0.3455	0.6940	2.6205
-0.6005	0.3480	0.6940	2.6164
-0.6009	0.3513	0.6960	2.6126
-0.5994	0.3537	0.6960	2.6085
-0.5980	0.3562	0.6960	2.6044
-0.5948	0.3576	0.6940	2.6003
-0.5950	0.3610	0.6960	2.5963
-0.5936	0.3635	0.6960	2.5921
-0.5921	0.3659	0.6960	2.5880
-0.5889	0.3672	0.6940	2.5840
-0.5891	0.3707	0.6960	2.5799
-0.5875	0.3731	0.6960	2.5757
-0.5877	0.3766	0.6980	2.5717
-0.5845	0.3779	0.6960	2.5676
-0.5829	0.3803	0.6960	2.5635
-0.5814	0.3827	0.6960	2.5594
-0.5814	0.3862	0.6980	2.5553
-0.5798	0.3886	0.6980	2.5512
-0.5783	0.3909	0.6980	2.5472
-0.5767	0.3933	0.6980	2.5431
-0.5750	0.3957	0.6980	2.5389
-0.5735	0.3979	0.6980	2.5351
-0.5735	0.4013	0.7000	2.5311
-0.5719	0.4037	0.7000	2.5269
-0.5702	0.4060	0.7000	2.5228
-0.5686	0.4083	0.7000	2.5188
-0.5669	0.4107	0.7000	2.5147
-0.5652	0.4130	0.7000	2.5106
-0.5635	0.4153	0.7000	2.5065
-0.5618	0.4176	0.7000	2.5024
-0.5617	0.4211	0.7020	2.4983
-0.5600	0.4234	0.7020	2.4943
-0.5603	0.4263	0.7040	2.4912
-0.5585	0.4285	0.7040	2.4872
-0.5568	0.4308	0.7040	2.4830
-0.5550	0.4331	0.7040	2.4789
-0.5532	0.4354	0.7040	2.4749
-0.5530	0.4389	0.7060	2.4708
-0.5512	0.4412	0.7060	2.4666
-0.5494	0.4434	0.7060	2.4626
-0.5476	0.4456	0.7060	2.4585
-0.5457	0.4479	0.7060	2.4544
-0.5455	0.4514	0.7080	2.4503
-0.5436	0.4536	0.7080	2.4462
-0.5417	0.4558	0.7080	2.4421
-0.5400	0.4579	0.7080	2.4384
-0.5397	0.4614	0.7100	2.4342
-0.5378	0.4636	0.7100	2.4301
-0.5359	0.4658	0.7100	2.4261
-0.5355	0.4693	0.7120	2.4220
-0.5335	0.4715	0.7120	2.4178
-0.5316	0.4736	0.7120	2.4138
-0.5297	0.4758	0.7120	2.4097
-0.5292	0.4793	0.7140	2.4056
-0.5272	0.4815	0.7140	2.4015
-0.5253	0.4836	0.7140	2.3974
-0.5247	0.4872	0.7160	2.3933
-0.5242	0.4906	0.7180	2.3893
-0.5222	0.4928	0.7180	2.3851
-0.5203	0.4948	0.7180	2.3813
-0.5183	0.4969	0.7180	2.3773
-0.5162	0.4990	0.7180	2.3732
-0.5156	0.5025	0.7200	2.3690
-0.5150	0.5060	0.7220	2.3650
-0.5129	0.5081	0.7220	2.3609
-0.5108	0.5102	0.7220	2.3568
-0.5107	0.5132	0.7240	2.3538
-0.5086	0.5153	0.7240	2.3497
-0.5065	0.5173	0.7240	2.3456
-0.5058	0.5208	0.7260	2.3415
-0.5036	0.5229	0.7260	2.3374
-0.5015	0.5249	0.7260	2.3334
-0.5007	0.5285	0.7280	2.3293
-0.4999	0.5320	0.7300	2.3251
-0.4978	0.5340	0.7300	2.3211
-0.4969	0.5375	0.7320	2.3170
-0.4947	0.5395	0.7320	2.3129
-0.4925	0.5415	0.7320	2.3088
-0.4918	0.5449	0.7340	2.3050
-0.4895	0.5469	0.7340	2.3009
-0.4886	0.5504	0.7360	2.2968
-0.4877	0.5539	0.7380	2.2927
-0.4854	0.5559	0.7380	2.2886
-0.4831	0.5579	0.7380	2.2845
-0.4822	0.5614	0.7400	2.2805
-0.4798	0.5633	0.7400	2.2763
-0.4788	0.5668	0.7420	2.2722
-0.4765	0.5688	0.7420	2.2682
-0.4755	0.5723	0.7440	2.2641
-0.4750	0.5752	0.7460	2.2611
-0.4726	0.5772	0.7460	2.2570
-0.4703	0.5791	0.7460	2.2528
-0.4692	0.5826	0.7480	2.2488
-0.4680	0.5860	0.7500	2.2447
-0.4656	0.5880	0.7500	2.2406
-0.4645	0.5914	0.7520	2.2365
-0.4633	0.5949	0.7540	2.2324
-0.4608	0.5968	0.7540	2.2283
-0.4598	0.6001	0.7560	2.2246
-0.4585	0.6036	0.7580	2.2204
-0.4560	0.6055	0.7580	2.2163
-0.4548	0.6089	0.7600	2.2123
-0.4523	0.6108	0.7600	2.2082
-0.4509	0.6143	0.7620	2.2040
-0.4496	0.6177	0.7640	2.2000
-0.4471	0.6195	0.7640	2.1959
-0.4457	0.6230	0.7660	2.1918
-0.4443	0.6264	0.7680	2.1877
-0.4436	0.6294	0.7700	2.1847
-0.4410	0.6312	0.7700	2.1806
-0.4395	0.6347	0.7720	2.1765
-0.4381	0.6381	0.7740	2.1724
-0.4366	0.6415	0.7760	2.1684
-0.4351	0.6450	0.7780	2.1643
-0.4324	0.6468	0.7780	2.1601
-0.4309	0.6502	0.7800	2.1561
-0.4282	0.6519	0.7800	2.1520
-0.4268	0.6552	0.7820	2.1481
-0.4253	0.6586	0.7840	2.1441
-0.4236	0.6621	0.7860	2.1400
-0.4220	0.6655	0.7880	2.1359
-0.4203	0.6689	0.7900	2.1318
-0.4186	0.6723	0.7920	2.1277
-0.4177	0.6753	0.7940	2.1248
-0.4159	0.6787	0.7960	2.1206
-0.4131	0.6804	0.7960	2.1165
-0.4114	0.6838	0.7980	2.1125
-0.4096	0.6872	0.8000	2.1084
-0.4078	0.6906	0.8020	2.1042
-0.4060	0.6939	0.8040	2.1002
-0.4042	0.6973	0.8060	2.0961
-0.4025	0.7006	0.8080	2.0923
-0.4006	0.7040	0.8100	2.0881
-0.3989	0.7072	0.8120	2.0844
-0.3785	0.7094	0.8040	2.0609
-0.3737	0.7074	0.8000	2.0568
-0.3682	0.7035	0.7940	2.0529
-0.3620	0.6999	0.7880	2.0481
-0.3573	0.6978	0.7840	2.0440
-0.3528	0.6956	0.7800	2.0402
-0.3475	0.6916	0.7740	2.0364
-0.3428	0.6895	0.7700	2.0322
-0.3377	0.6875	0.7660	2.0273
-0.3324	0.6834	0.7600	2.0235
-0.3281	0.6811	0.7560	2.0197
-0.3236	0.6788	0.7520	2.0157
-0.3193	0.6764	0.7480	2.0118
-0.3134	0.6725	0.7420	2.0069
-0.3098	0.6720	0.7400	2.0028
-0.3056	0.6696	0.7360	1.9990
-0.3014	0.6671	0.7320	1.9951
-0.2971	0.6646	0.7280	1.9911
-0.2914	0.6606	0.7220	1.9862
-0.2872	0.6580	0.7180	1.9824
-0.2831	0.6555	0.7140	1.9785
-0.2796	0.6548	0.7120	1.9744
-0.2756	0.6522	0.7080	1.9706
-0.2714	0.6496	0.7040	1.9666
-0.2667	0.6472	0.7000	1.9617
-0.2627	0.6445	0.6960	1.9578
-0.2587	0.6418	0.6920	1.9540
-0.2553	0.6410	0.6900	1.9499
-0.2514	0.6383	0.6860	1.9460
-0.2469	0.6358	0.6820	1.9412
-0.2437	0.6348	0.6800	1.9373
-0.2397	0.6321	0.6760	1.9333
-0.2359	0.6292	0.6720	1.9295
-0.2326	0.6283	0.6700	1.9253
-0.2288	0.6255	0.6660	1.9215
-0.2251	0.6247	0.6640	1.9166
-0.2213	0.6218	0.6600	1.9128
-0.2182	0.6208	0.6580	1.9088
-0.2145	0.6178	0.6540	1.9049
-0.2115	0.6168	0.6520	1.9011
-0.2076	0.6138	0.6480	1.8970
-0.2040	0.6129	0.6460	1.8921
-0.2004	0.6099	0.6420	1.8882
-0.1973	0.6088	0.6400	1.8842
-0.1944	0.6077	0.6380	1.8804
-0.1908	0.6046	0.6340	1.8765
-0.1877	0.6035	0.6320	1.8724
-0.1842	0.6025	0.6300	1.8675
-0.1813	0.6013	0.6280	1.8637
-0.1778	0.5981	0.6240	1.8597
-0.1749	0.5969	0.6220	1.8558
-0.1721	0.5956	0.6200	1.8520
-0.1685	0.5925	0.6160	1.8479
-0.1651	0.5914	0.6140	1.8430
-0.1623	0.5901	0.6120	1.8391
-0.1595	0.5888	0.6100	1.8354
-0.1561	0.5856	0.6060	1.8313
-0.1533	0.5842	0.6040	1.8275
-0.1504	0.5829	0.6020	1.8233
-0.1477	0.5815	0.6000	1.8196
-0.1444	0.5803	0.5980	1.8146
-0.1417	0.5789	0.5960	1.8109
-0.1389	0.5775	0.5940	1.8067
-0.1362	0.5761	0.5920	1.8029
-0.1335	0.5747	0.5900	1.7991
-0.1308	0.5733	0.5880	1.7950
-0.1281	0.5718	0.5860	1.7912
-0.1245	0.5685	0.5820	1.7863
-0.1221	0.5690	0.5820	1.7822
-0.1195	0.5676	0.5800	1.7784
-0.1169	0.5660	0.5780	1.7745
-0.1143	0.5646	0.5760	1.7705
-0.1117	0.5630	0.5740	1.7667
-0.1092	0.5615	0.5720	1.7628
-0.1061	0.5600	0.5700	1.7579
-0.1034	0.5585	0.5680	1.7538
-0.1009	0.5569	0.5660	1.7500
-0.0983	0.5554	0.5640	1.7460
-0.0958	0.5538	0.5620	1.7421
-0.0934	0.5522	0.5600	1.7383
-0.0903	0.5506	0.5580	1.7334
-0.0881	0.5510	0.5580	1.7293
-0.0856	0.5494	0.5560	1.7254
-0.0832	0.5477	0.5540	1.7216
-0.0807	0.5461	0.5520	1.7176
-0.0786	0.5464	0.5520	1.7137
-0.0761	0.5447	0.5500	1.7096
-0.0740	0.5450	0.5500	1.7058
-0.0716	0.5433	0.5480	1.7018
-0.0687	0.5417	0.5460	1.6969
-0.0662	0.5400	0.5440	1.6927
-0.0640	0.5402	0.5440	1.6886
-0.0618	0.5405	0.5440	1.6846
-0.0591	0.5368	0.5400	1.6805
-0.0568	0.5350	0.5380	1.6766
-0.0544	0.5332	0.5360	1.6725
-0.0515	0.5315	0.5340	1.6673
-0.0493	0.5297	0.5320	1.6636
-0.0471	0.5299	0.5320	1.6595
-0.0448	0.5281	0.5300	1.6554
-0.0425	0.5263	0.5280	1.6513
-0.0402	0.5245	0.5260	1.6472
-0.0373	0.5207	0.5220	1.6423
-0.0358	0.5228	0.5240	1.6393
-0.0330	0.5210	0.5220	1.6341
-0.0309	0.5211	0.5220	1.6300
-0.0287	0.5192	0.5200	1.6259
-0.0267	0.5193	0.5200	1.6221
-0.0245	0.5174	0.5180	1.6181
-0.0223	0.5155	0.5160	1.6139
-0.0201	0.5156	0.5160	1.6098
-0.0180	0.5137	0.5140	1.6058
-0.0160	0.5138	0.5140	1.6020
-0.0139	0.5138	0.5140	1.5978
-0.0112	0.5119	0.5120	1.5927
-0.0092	0.5099	0.5100	1.5888
-0.0071	0.5090	0.5090	1.5848
-0.0050	0.5090	0.5090	1.5807
-0.0029	0.5070	0.5070	1.5765
-0.0009	0.5050	0.5050	1.5725
0.0012	0.5040	0.5040	1.5684
0.0031	0.5050	0.5050	1.5646
0.0052	0.5040	0.5040	1.5604
0.0078	0.5009	0.5010	1.5553
0.0096	0.4999	0.5000	1.5515
0.0117	0.4989	0.4990	1.5474
0.0137	0.4978	0.4980	1.5433
0.0157	0.4978	0.4980	1.5393
0.0177	0.4957	0.4960	1.5351
0.0197	0.4956	0.4960	1.5310
0.0216	0.4945	0.4950	1.5272
0.0235	0.4934	0.4940	1.5231
0.0259	0.4903	0.4910	1.5180
0.0277	0.4892	0.4900	1.5141
0.0298	0.4901	0.4910	1.5100
0.0317	0.4890	0.4900	1.5060
0.0337	0.4878	0.4890	1.5019
0.0356	0.4867	0.4880	1.4977
0.0375	0.4856	0.4870	1.4937
0.0393	0.4844	0.4860	1.4899
0.0412	0.4832	0.4850	1.4858
0.0431	0.4821	0.4840	1.4816
0.0449	0.4809	0.4830	1.4776
0.0470	0.4817	0.4840	1.4735
0.0492	0.4795	0.4820	1.4686
0.0509	0.4773	0.4800	1.4645
0.0529	0.4771	0.4800	1.4603
0.0548	0.4769	0.4800	1.4563
0.0564	0.4747	0.4780	1.4525
0.0583	0.4734	0.4770	1.4484
0.0602	0.4732	0.4770	1.4443
0.0621	0.4729	0.4770	1.4402
0.0638	0.4707	0.4750	1.4361
0.0655	0.4705	0.4750	1.4324
0.0673	0.4692	0.4740	1.4282
0.0691	0.4679	0.4730	1.4241
0.0714	0.4666	0.4720	1.4189
0.0732	0.4663	0.4720	1.4151
0.0749	0.4670	0.4730	1.4118
0.0770	0.4657	0.4720	1.4069
0.0786	0.4634	0.4700	1.4028
0.0801	0.4611	0.4680	1.3988
0.0820	0.4618	0.4690	1.3950
0.0838	0.4604	0.4680	1.3908
0.0855	0.4591	0.4670	1.3867
0.0873	0.4588	0.4670	1.3827
0.0892	0.4584	0.4670	1.3786
0.0909	0.4570	0.4660	1.3744
0.0924	0.4557	0.4650	1.3707
0.0943	0.4553	0.4650	1.3666
0.0960	0.4540	0.4640	1.3625
0.0980	0.4525	0.4630	1.3576
0.0996	0.4511	0.4620	1.3535
0.1014	0.4507	0.4620	1.3494
0.1033	0.4503	0.4620	1.3453
0.1049	0.4489	0.4610	1.3412
0.1070	0.4494	0.4620	1.3372
0.1089	0.4500	0.4630	1.3333
0.1108	0.4496	0.4630	1.3292
0.1121	0.4472	0.4610	1.3252
0.1137	0.4457	0.4600	1.3210
0.1153	0.4443	0.4590	1.3169
0.1167	0.4429	0.4580	1.3131
0.1182	0.4394	0.4550	1.3079
0.1197	0.4379	0.4540	1.3039
0.1215	0.4374	0.4540	1.2998
0.1234	0.4369	0.4540	1.2956
0.1251	0.4364	0.4540	1.2916
0.1272	0.4369	0.4550	1.2875
0.1290	0.4363	0.4550	1.2834
0.1305	0.4349	0.4540	1.2793
0.1322	0.4343	0.4540	1.2752
0.1343	0.4347	0.4550	1.2711
0.1363	0.4362	0.4570	1.2678
0.1384	0.4366	0.4580	1.2638
0.1399	0.4351	0.4570	1.2597
0.1414	0.4325	0.4550	1.2548
0.1424	0.4290	0.4520	1.2504
0.1434	0.4265	0.4500	1.2464
0.1446	0.4240	0.4480	1.2422
0.1463	0.4234	0.4480	1.2381
0.1487	0.4247	0.4500	1.2341
0.1514	0.4269	0.4530	1.2300
0.1539	0.4282	0.4550	1.2258
0.1552	0.4266	0.4540	1.2218
0.1563	0.4241	0.4520	1.2177
0.1570	0.4207	0.4490	1.2136
0.1581	0.4170	0.4460	1.2084
0.1594	0.4155	0.4450	1.2044
0.1608	0.4139	0.4440	1.2002
0.1632	0.4151	0.4460	1.1961
0.1656	0.4174	0.4490	1.1931
0.1677	0.4176	0.4500	1.1890
0.1697	0.4179	0.4510	1.1850
0.1714	0.4171	0.4510	1.1809
0.1731	0.4164	0.4510	1.1768
0.1748	0.4157	0.4510	1.1727
0.1761	0.4141	0.4500	1.1686
0.1771	0.4115	0.4480	1.1645
0.1788	0.4097	0.4470	1.1593
0.1800	0.4080	0.4460	1.1553
0.1809	0.4055	0.4440	1.1512
0.1826	0.4047	0.4440	1.1470
0.1842	0.4040	0.4440	1.1430
0.1863	0.4041	0.4450	1.1389
0.1879	0.4034	0.4450	1.1348
0.1896	0.4026	0.4450	1.1307
0.1917	0.4027	0.4460	1.1266
0.1933	0.4019	0.4460	1.1225
0.1954	0.4020	0.4470	1.1185
0.1966	0.4003	0.4460	1.1143
0.1983	0.3995	0.4460	1.1099
0.2000	0.3987	0.4460	1.1059
0.2016	0.3978	0.4460	1.1018
0.2032	0.3970	0.4460	1.0977
0.2048	0.3962	0.4460	1.0936
0.2065	0.3953	0.4460	1.0895
0.2081	0.3945	0.4460	1.0854
0.2101	0.3945	0.4470	1.0814
0.2118	0.3948	0.4480	1.0783
0.2139	0.3948	0.4490	1.0743
0.2150	0.3930	0.4480	1.0701
0.2166	0.3910	0.4470	1.0650
0.2172	0.3884	0.4450	1.0608
0.2183	0.3866	0.4440	1.0568
0.2204	0.3866	0.4450	1.0527
0.2225	0.3866	0.4460	1.0486
0.2245	0.3865	0.4470	1.0445
0.2261	0.3856	0.4470	1.0404
0.2277	0.3847	0.4470	1.0363
0.2293	0.3837	0.4470	1.0323
0.2308	0.3828	0.4470	1.0282
0.2324	0.3818	0.4470	1.0240
0.2339	0.3809	0.4470	1.0200
0.2355	0.3799	0.4470	1.0159
0.2371	0.3790	0.4470	1.0118
0.2388	0.3790	0.4480	1.0085
0.2404	0.3781	0.4480	1.0045
0.2419	0.3771	0.4480	1.0003
0.2435	0.3761	0.4480	0.9962
0.2450	0.3751	0.4480	0.9922
0.2465	0.3741	0.4480	0.9881
0.2486	0.3739	0.4490	0.9840
0.2496	0.3720	0.4480	0.9799
0.2511	0.3710	0.4480	0.9758
0.2532	0.3708	0.4490	0.9717
0.2553	0.3706	0.4500	0.9677
0.2562	0.3687	0.4490	0.9635
0.2583	0.3685	0.4500	0.9594
0.2598	0.3674	0.4500	0.9554
0.2614	0.3663	0.4500	0.9510
0.2629	0.3652	0.4500	0.9468
0.2650	0.3650	0.4510	0.9428
0.2665	0.3639	0.4510	0.9387
0.2680	0.3628	0.4510	0.9346
0.2694	0.3617	0.4510	0.9306
0.2715	0.3614	0.4520	0.9264
0.2730	0.3602	0.4520	0.9223
0.2751	0.3599	0.4530	0.9183
0.2765	0.3588	0.4530	0.9142
0.2779	0.3577	0.4530	0.9103
0.2793	0.3566	0.4530	0.9063
0.2813	0.3563	0.4540	0.9025
0.2828	0.3552	0.4540	0.8983
0.2835	0.3533	0.4530	0.8945
0.2856	0.3529	0.4540	0.8905
0.2876	0.3526	0.4550	0.8866
0.2890	0.3514	0.4550	0.8825
0.2907	0.3513	0.4560	0.8795
0.2920	0.3502	0.4560	0.8757
0.2934	0.3491	0.4560	0.8719
0.2954	0.3487	0.4570	0.8678
0.2968	0.3475	0.4570	0.8640
0.2982	0.3463	0.4570	0.8599
0.3002	0.3459	0.4580	0.8561
0.3022	0.3455	0.4590	0.8520
0.3036	0.3443	0.4590	0.8482
0.3050	0.3430	0.4590	0.8441
0.3070	0.3426	0.4600	0.8402
0.3090	0.3421	0.4610	0.8362
0.3103	0.3409	0.4610	0.8324
0.3123	0.3405	0.4620	0.8285
0.3144	0.3399	0.4630	0.8244
0.3157	0.3387	0.4630	0.8206
0.3170	0.3374	0.4630	0.8166
0.3183	0.3362	0.4630	0.8127
0.3200	0.3360	0.4640	0.8098
0.3221	0.3354	0.4650	0.8056
0.3234	0.3342	0.4650	0.8018
0.3254	0.3335	0.4660	0.7977
0.3267	0.3323	0.4660	0.7939
0.3280	0.3311	0.4660	0.7901
0.3293	0.3297	0.4660	0.7860
0.3306	0.3284	0.4660	0.7821
0.3319	0.3271	0.4660	0.7781
0.3339	0.3265	0.4670	0.7743
0.3359	0.3258	0.4680	0.7702
0.3372	0.3246	0.4680	0.7663
0.3392	0.3239	0.4690	0.7623
0.3404	0.3226	0.4690	0.7585
0.3410	0.3205	0.4680	0.7543
0.3430	0.3199	0.4690	0.7505
0.3449	0.3193	0.4700	0.7468
0.3462	0.3178	0.4700	0.7426
0.3475	0.3165	0.4700	0.7388
0.3506	0.3175	0.4730	0.7358
0.3519	0.3160	0.4730	0.7317
0.3531	0.3147	0.4730	0.7279
0.3559	0.3146	0.4750	0.7238
0.3579	0.3139	0.4760	0.7200
0.3599	0.3130	0.4770	0.7159
0.3619	0.3123	0.4780	0.7121
0.3630	0.3110	0.4780	0.7083
0.3651	0.3101	0.4790	0.7042
0.3670	0.3094	0.4800	0.7004
0.3691	0.3085	0.4810	0.6962
0.3702	0.3071	0.4810	0.6925
0.3722	0.3062	0.4820	0.6884
0.3739	0.3057	0.4830	0.6854
0.3759	0.3049	0.4840	0.6816
0.3779	0.3040	0.4850	0.6774
0.3798	0.3032	0.4860	0.6736
0.3818	0.3023	0.4870	0.6698
0.3838	0.3014	0.4880	0.6657
0.3849	0.2999	0.4880	0.6619
0.3870	0.2990	0.4890	0.6578
0.3889	0.2981	0.4900	0.6540
0.3909	0.2971	0.4910	0.6499
0.3920	0.2956	0.4910	0.6461
0.3937	0.2951	0.4920	0.6431
0.3957	0.2940	0.4930	0.6390
0.3977	0.2931	0.4940	0.6352
0.3988	0.2916	0.4940	0.6313
0.4008	0.2905	0.4950	0.6273
0.4035	0.2902	0.4970	0.6235
0.4063	0.2897	0.4990	0.6193
0.4091	0.2893	0.5010	0.6155
0.4116	0.2892	0.5030	0.6125
0.4113	0.2860	0.5010	0.6076
0.4108	0.2832	0.4990	0.6035
0.4128	0.2822	0.5000	0.5997
0.4152	0.2821	0.5020	0.5967
0.4180	0.2816	0.5040	0.5929
0.4208	0.2810	0.5060	0.5889
0.4235	0.2805	0.5080	0.5850
0.4255	0.2793	0.5090	0.5809
0.4274	0.2782	0.5100	0.5771
0.4302	0.2776	0.5120	0.5730
0.4327	0.2774	0.5140	0.5700
0.4338	0.2757	0.5140	0.5662
0.4349	0.2739	0.5140	0.5621
0.4360	0.2723	0.5140	0.5583
0.4387	0.2717	0.5160	0.5544
0.4415	0.2709	0.5180	0.5504
0.4425	0.2692	0.5180	0.5466
0.4454	0.2684	0.5200	0.5425
0.4482	0.2676	0.5220	0.5383
0.4492	0.2658	0.5220	0.5343
0.4518	0.2655	0.5240	0.5312
0.4528	0.2636	0.5240	0.5272
0.4556	0.2629	0.5260	0.5234
0.4567	0.2610	0.5260	0.5193
0.4595	0.2602	0.5280	0.5152
0.4623	0.2592	0.5300	0.5111
0.4651	0.2583	0.5320	0.5070
0.4661	0.2564	0.5320	0.5030
0.4689	0.2556	0.5340	0.4991
0.4714	0.2550	0.5360	0.4959
0.4725	0.2531	0.5360	0.4917
0.4752	0.2522	0.5380	0.4879
0.4762	0.2503	0.5380	0.4839
0.4790	0.2492	0.5400	0.4798
0.4818	0.2482	0.5420	0.4756
0.4846	0.2471	0.5440	0.4716
0.4856	0.2451	0.5440	0.4675
0.4884	0.2442	0.5460	0.4636
0.4909	0.2435	0.5480	0.4604
0.4937	0.2425	0.5500	0.4566
0.4947	0.2404	0.5500	0.4524
0.4974	0.2393	0.5520	0.4484
0.4984	0.2373	0.5520	0.4443
0.5012	0.2360	0.5540	0.4402
0.5040	0.2349	0.5560	0.4361
0.5067	0.2338	0.5580	0.4323
0.5092	0.2330	0.5600	0.4290
0.5120	0.2317	0.5620	0.4249
0.5147	0.2305	0.5640	0.4211
0.5175	0.2293	0.5660	0.4171
0.5184	0.2271	0.5660	0.4129
0.5212	0.2258	0.5680	0.4088
0.5239	0.2245	0.5700	0.4048
0.5265	0.2236	0.5720	0.4017
0.5292	0.2223	0.5740	0.3977
0.5320	0.2209	0.5760	0.3936
0.5347	0.2196	0.5780	0.3897
0.5355	0.2174	0.5780	0.3857
0.5383	0.2160	0.5800	0.3816
0.5410	0.2145	0.5820	0.3775
0.5454	0.2144	0.5860	0.3745
0.5481	0.2128	0.5880	0.3704
0.5490	0.2106	0.5880	0.3663
0.5517	0.2091	0.5900	0.3622
0.5544	0.2075	0.5920	0.3581
0.5571	0.2061	0.5940	0.3543
0.5598	0.2045	0.5960	0.3502
0.5625	0.2029	0.5980	0.3461
0.5669	0.2025	0.6020	0.3431
0.5696	0.2009	0.6040	0.3390
0.5723	0.1992	0.6060	0.3349
0.5750	0.1975	0.6080	0.3309
0.5777	0.1958	0.6100	0.3267
0.5804	0.1942	0.6120	0.3229
0.5830	0.1925	0.6140	0.3189
0.5856	0.1912	0.6160	0.3156
0.5882	0.1896	0.6180	0.3118
0.5928	0.1884	0.6220	0.3077
0.5955	0.1865	0.6240	0.3035
0.5981	0.1847	0.6260	0.2995
0.6008	0.1828	0.6280	0.2954
0.6052	0.1822	0.6320	0.2924
0.6078	0.1803	0.6340	0.2883
0.6105	0.1783	0.6360	0.2842
0.6131	0.1766	0.6380	0.2804
0.6157	0.1746	0.6400	0.2763
0.6203	0.1731	0.6440	0.2722
0.6229	0.1712	0.6460	0.2682
0.6273	0.1703	0.6500	0.2651
0.6318	0.1688	0.6540	0.2611
0.6325	0.1662	0.6540	0.2569
0.6351	0.1641	0.6560	0.2528
0.6397	0.1625	0.6600	0.2488
0.6442	0.1610	0.6640	0.2450
0.6448	0.1584	0.6640	0.2408
0.6492	0.1574	0.6680	0.2379
0.6537	0.1556	0.6720	0.2337
0.6582	0.1539	0.6760	0.2297
0.6608	0.1517	0.6780	0.2256
0.6653	0.1498	0.6820	0.2215
0.6677	0.1483	0.6840	0.2185
0.6723	0.1464	0.6880	0.2144
0.6748	0.1441	0.6900	0.2103
0.6793	0.1421	0.6940	0.2062
0.6838	0.1403	0.6980	0.2024
0.6882	0.1383	0.7020	0.1983
0.6906	0.1366	0.7040	0.1953
0.6951	0.1345	0.7080	0.1912
0.6996	0.1325	0.7120	0.1871
0.7040	0.1303	0.7160	0.1830
0.7065	0.1278	0.7180	0.1789
0.7110	0.1256	0.7220	0.1749
0.7153	0.1241	0.7260	0.1718
0.7197	0.1219	0.7300	0.1678
0.7242	0.1196	0.7340	0.1637
0.7286	0.1172	0.7380	0.1595
0.7330	0.1149	0.7420	0.1555
0.7373	0.1134	0.7460	0.1525
0.7418	0.1109	0.7500	0.1484
0.7462	0.1084	0.7540	0.1443
0.7506	0.1060	0.7580	0.1403
0.7549	0.1034	0.7620	0.1361
0.7593	0.1008	0.7660	0.1320
0.7636	0.0989	0.7700	0.1288
0.7700	0.0965	0.7760	0.1246
0.7743	0.0938	0.7800	0.1206
0.7787	0.0911	0.7840	0.1165
0.7830	0.0884	0.7880	0.1124
0.7893	0.0867	0.7940	0.1094
0.7936	0.0838	0.7980	0.1053
0.7979	0.0811	0.8020	0.1012
0.8042	0.0783	0.8080	0.0971
0.8085	0.0754	0.8120	0.0930
0.8148	0.0727	0.8180	0.0890
0.8190	0.0704	0.8220	0.0857
0.8252	0.0675	0.8280	0.0816
0.8295	0.0644	0.8320	0.0775
0.8357	0.0615	0.8380	0.0734
0.8420	0.0585	0.8440	0.0693
0.8461	0.0562	0.8480	0.0663
0.8523	0.0531	0.8540	0.0622
0.8566	0.0498	0.8580	0.0581
0.8647	0.0468	0.8660	0.0541
0.8689	0.0434	0.8700	0.0500
0.8751	0.0401	0.8760	0.0458
0.8812	0.0375	0.8820	0.0426
0.8873	0.0342	0.8880	0.0385
0.8935	0.0308	0.8940	0.0344
0.8996	0.0273	0.9000	0.0303
0.9057	0.0238	0.9060	0.0263
0.9118	0.0212	0.9120	0.0232
0.9178	0.0176	0.9180	0.0192
0.9239	0.0139	0.9240	0.0151
0.9319	0.0102	0.9320	0.0109
0.9380	0.0065	0.9380	0.0069
0.9460	0.0036	0.9460	0.0038
0.9520	-0.0002	0.9520	-0.0002
0.9600	-0.0041	0.9600	-0.0043
0.9660	-0.0081	0.9660	-0.0084
0.9719	-0.0124	0.9720	-0.0128
0.9799	-0.0165	0.9800	-0.0169
0.9878	-0.0196	0.9880	-0.0198
0.9937	-0.0238	0.9940	-0.0240
0.1661	-0.9841	0.9980	-1.4036
0.1617	-0.9828	0.9960	-1.4077
0.1574	-0.9794	0.9920	-1.4115
0.1524	-0.9741	0.9860	-1.4156
0.1484	-0.9727	0.9840	-1.4194
0.1431	-0.9695	0.9800	-1.4243
0.1390	-0.9681	0.9780	-1.4281
0.1351	-0.9686	0.9780	-1.4323
0.1309	-0.9652	0.9740	-1.4360
0.1264	-0.9617	0.9700	-1.4401
0.1225	-0.9602	0.9680	-1.4440
0.1182	-0.9587	0.9660	-1.4481
0.1142	-0.9552	0.9620	-1.4518
0.1100	-0.9537	0.9600	-1.4559
0.1061	-0.9521	0.9580	-1.4598
0.1021	-0.9505	0.9560	-1.4638
0.0980	-0.9469	0.9520	-1.4676
0.0939	-0.9453	0.9500	-1.4718
0.0901	-0.9437	0.9480	-1.4756
0.0863	-0.9421	0.9460	-1.4794
0.0815	-0.9405	0.9440	-1.4843
0.0776	-0.9388	0.9420	-1.4883
0.0737	-0.9351	0.9380	-1.4922
0.0697	-0.9334	0.9360	-1.4963
0.0659	-0.9317	0.9340	-1.5001
0.0621	-0.9299	0.9320	-1.5042
0.0584	-0.9282	0.9300	-1.5080
0.0544	-0.9264	0.9280	-1.5121
0.0508	-0.9246	0.9260	-1.5160
0.0469	-0.9228	0.9240	-1.5200
0.0433	-0.9210	0.9220	-1.5238
0.0396	-0.9171	0.9180	-1.5277
0.0357	-0.9153	0.9160	-1.5318
0.0322	-0.9134	0.9140	-1.5356
0.0284	-0.9116	0.9120	-1.5396
0.0239	-0.9097	0.9100	-1.5445
0.0204	-0.9078	0.9080	-1.5484
0.0166	-0.9058	0.9060	-1.5525
0.0131	-0.9039	0.9040	-1.5563
0.0094	-0.9020	0.9020	-1.5603
0.0060	-0.9000	0.9000	-1.5642
0.0022	-0.8980	0.8980	-1.5683
-0.0012	-0.8960	0.8960	-1.5721
-0.0048	-0.8960	0.8960	-1.5762
-0.0082	-0.8940	0.8940	-1.5800
-0.0116	-0.8919	0.8920	-1.5838
-0.0153	-0.8899	0.8900	-1.5880
-0.0186	-0.8878	0.8880	-1.5918
-0.0222	-0.8857	0.8860	-1.5958
-0.0255	-0.8836	0.8840	-1.5997
-0.0291	-0.8815	0.8820	-1.6038
-0.0325	-0.8814	0.8820	-1.6076
-0.0359	-0.8793	0.8800	-1.6116
-0.0401	-0.8771	0.8780	-1.6165
-0.0434	-0.8749	0.8760	-1.6204
-0.0469	-0.8727	0.8740	-1.6245
-0.0501	-0.8706	0.8720	-1.6283
-0.0536	-0.8703	0.8720	-1.6323
-0.0568	-0.8681	0.8700	-1.6362
-0.0602	-0.8679	0.8700	-1.6400
-0.0636	-0.8657	0.8680	-1.6441
-0.0665	-0.8614	0.8640	-1.6479
-0.0701	-0.8612	0.8640	-1.6520
-0.0732	-0.8589	0.8620	-1.6558
-0.0766	-0.8566	0.8600	-1.6600
-0.0798	-0.8563	0.8600	-1.6637
-0.0831	-0.8540	0.8580	-1.6678
-0.0864	-0.8536	0.8580	-1.6717
-0.0899	-0.8533	0.8580	-1.6758
-0.0929	-0.8509	0.8560	-1.6795
-0.0962	-0.8486	0.8540	-1.6836
-0.0992	-0.8462	0.8520	-1.6875
-0.1022	-0.8438	0.8500	-1.6913
-0.1053	-0.8414	0.8480	-1.6953
-0.1086	-0.8410	0.8480	-1.6992
-0.1120	-0.8406	0.8480	-1.7033
-0.1159	-0.8380	0.8460	-1.7082
-0.1188	-0.8356	0.8440	-1.7120
-0.1219	-0.8331	0.8420	-1.7161
-0.1248	-0.8307	0.8400	-1.7199
-0.1279	-0.8282	0.8380	-1.7240
-0.1311	-0.8277	0.8380	-1.7278
-0.1351	-0.8311	0.8420	-1.7320
-0.1385	-0.8326	0.8440	-1.7357
-0.1416	-0.8300	0.8420	-1.7398
-0.1445	-0.8275	0.8400	-1.7437
-0.1473	-0.8250	0.8380	-1.7475
-0.1495	-0.8185	0.8320	-1.7515
-0.1519	-0.8139	0.8280	-1.7554
-0.1553	-0.8133	0.8280	-1.7595
-0.1587	-0.8127	0.8280	-1.7636
-0.1615	-0.8101	0.8260	-1.7676
-0.1649	-0.8094	0.8260	-1.7717
-0.1686	-0.8106	0.8280	-1.7759
-0.1715	-0.8080	0.8260	-1.7799
-0.1739	-0.8034	0.8220	-1.7840
-0.1770	-0.7986	0.8180	-1.7889
-0.1798	-0.8000	0.8200	-1.7919
-0.1836	-0.8012	0.8220	-1.7960
-0.1869	-0.8005	0.8220	-1.8001
-0.1896	-0.7978	0.8200	-1.8042
-0.1931	-0.7949	0.8180	-1.8091
-0.1963	-0.7941	0.8180	-1.8132
-0.1996	-0.7933	0.8180	-1.8173
-0.2029	-0.7924	0.8180	-1.8214
-0.2061	-0.7916	0.8180	-1.8254
-0.2088	-0.7888	0.8160	-1.8296
-0.2121	-0.7880	0.8160	-1.8337
-0.2152	-0.7871	0.8160	-1.8377
-0.2185	-0.7862	0.8160	-1.8418
-0.2215	-0.7854	0.8160	-1.8457
-0.2241	-0.7825	0.8140	-1.8497
-0.2273	-0.7816	0.8140	-1.8538
-0.2300	-0.7788	0.8120	-1.8579
-0.2331	-0.7778	0.8120	-1.8620
-0.2363	-0.7769	0.8120	-1.8661
-0.2389	-0.7740	0.8100	-1.8702
-0.2420	-0.7730	0.8100	-1.8742
-0.2452	-0.7720	0.8100	-1.8784
-0.2482	-0.7710	0.8100	-1.8822
-0.2514	-0.7700	0.8100	-1.8863
-0.2538	-0.7671	0.8080	-1.8903
-0.2570	-0.7660	0.8080	-1.8945
-0.2595	-0.7631	0.8060	-1.8986
-0.2632	-0.7639	0.8080	-1.9026
-0.2657	-0.7609	0.8060	-1.9067
-0.2688	-0.7598	0.8060	-1.9109
-0.2717	-0.7588	0.8060	-1.9146
-0.2748	-0.7577	0.8060	-1.9187
-0.2772	-0.7547	0.8040	-1.9228
-0.2803	-0.7536	0.8040	-1.9269
-0.2834	-0.7524	0.8040	-1.9310
-0.2865	-0.7512	0.8040	-1.9351
-0.2895	-0.7501	0.8040	-1.9391
-0.2926	-0.7489	0.8040	-1.9433
-0.2949	-0.7458	0.8020	-1.9474
-0.2978	-0.7447	0.8020	-1.9512
-0.3008	-0.7435	0.8020	-1.9553
-0.3069	-0.7410	0.8020	-1.9635
-0.1259	-0.2512	0.2810	-2.0354
-0.1269	-0.2507	0.2810	-2.0395
-0.1284	-0.2511	0.2820	-2.0436
-0.1294	-0.2505	0.2820	-2.0477
-0.1305	-0.2500	0.2820	-2.0518
-0.1314	-0.2495	0.2820	-2.0556
-0.1325	-0.2490	0.2820	-2.0598
-0.1330	-0.2475	0.2810	-2.0638
-0.1340	-0.2470	0.2810	-2.0679
-0.1355	-0.2473	0.2820	-2.0720
-0.1365	-0.2468	0.2820	-2.0761
-0.1375	-0.2462	0.2820	-2.0802
-0.1385	-0.2456	0.2820	-2.0843
-0.1395	-0.2451	0.2820	-2.0883
-0.1405	-0.2445	0.2820	-2.0922
-0.1410	-0.2431	0.2810	-2.0963
-0.1419	-0.2425	0.2810	-2.1003
-0.1434	-0.2428	0.2820	-2.1044
-0.1444	-0.2422	0.2820	-2.1086
-0.1454	-0.2416	0.2820	-2.1126
-0.1464	-0.2410	0.2820	-2.1167
-0.1474	-0.2404	0.2820	-2.1208
-0.1484	-0.2398	0.2820	-2.1249
-0.1493	-0.2392	0.2820	-2.1287
-0.1503	-0.2386	0.2820	-2.1328
-0.1513	-0.2380	0.2820	-2.1369
-0.1525	-0.2384	0.2830	-2.1399
-0.1535	-0.2378	0.2830	-2.1440
-0.1544	-0.2371	0.2830	-2.1481
-0.1554	-0.2365	0.2830	-2.1522
-0.1564	-0.2359	0.2830	-2.1563
-0.1573	-0.2352	0.2830	-2.1603
-0.1583	-0.2346	0.2830	-2.1644
-0.1593	-0.2339	0.2830	-2.1686
-0.1602	-0.2333	0.2830	-2.1726
-0.1617	-0.2335	0.2840	-2.1764
-0.1626	-0.2328	0.2840	-2.1806
-0.1636	-0.2322	0.2840	-2.1846
-0.1645	-0.2315	0.2840	-2.1887
-0.1655	-0.2308	0.2840	-2.1928
-0.1664	-0.2301	0.2840	-2.1969
-0.1679	-0.2303	0.2850	-2.2010
-0.1689	-0.2296	0.2850	-2.2051
-0.1698	-0.2289	0.2850	-2.2091
-0.1708	-0.2282	0.2850	-2.2132
-0.1717	-0.2275	0.2850	-2.2174
-0.1726	-0.2268	0.2850	-2.2214
-0.1735	-0.2261	0.2850	-2.2255
-0.1745	-0.2253	0.2850	-2.2296
-0.1754	-0.2246	0.2850	-2.2340
-0.1767	-0.2249	0.2860	-2.2369
-0.1777	-0.2241	0.2860	-2.2411
-0.1792	-0.2242	0.2870	-2.2452
-0.1801	-0.2235	0.2870	-2.2492
-0.1810	-0.2227	0.2870	-2.2533
-0.1814	-0.2211	0.2860	-2.2577
-0.1829	-0.2212	0.2870	-2.2618
-0.1838	-0.2204	0.2870	-2.2659
-0.1854	-0.2204	0.2880	-2.2700
-0.1862	-0.2197	0.2880	-2.2740
-0.1872	-0.2189	0.2880	-2.2782
-0.1887	-0.2189	0.2890	-2.2823
-0.1896	-0.2181	0.2890	-2.2863
-0.1905	-0.2173	0.2890	-2.2904
-0.1914	-0.2166	0.2890	-2.2945
-0.1923	-0.2157	0.2890	-2.2989
-0.1932	-0.2149	0.2890	-2.3030
-0.1945	-0.2151	0.2900	-2.3060
-0.1954	-0.2143	0.2900	-2.3101
-0.1969	-0.2142	0.2910	-2.3141
-0.1978	-0.2134	0.2910	-2.3182
-0.1987	-0.2126	0.2910	-2.3224
-0.2003	-0.2125	0.2920	-2.3267
-0.2012	-0.2117	0.2920	-2.3308
-0.2020	-0.2108	0.2920	-2.3349
-0.2029	-0.2100	0.2920	-2.3389
-0.2042	-0.2101	0.2930	-2.3420
-0.2051	-0.2093	0.2930	-2.3460
-0.2060	-0.2084	0.2930	-2.3504
-0.2075	-0.2082	0.2940	-2.3545
-0.2084	-0.2074	0.2940	-2.3586
-0.2100	-0.2072	0.2950	-2.3627
-0.2108	-0.2064	0.2950	-2.3667
-0.2116	-0.2055	0.2950	-2.3709
-0.2132	-0.2053	0.2960	-2.3750
-0.2140	-0.2045	0.2960	-2.3790
-0.2149	-0.2036	0.2960	-2.3831
-0.2163	-0.2036	0.2970	-2.3864
-0.2171	-0.2027	0.2970	-2.3905
-0.2187	-0.2025	0.2980	-2.3946
-0.2195	-0.2016	0.2980	-2.3987
-0.2210	-0.2013	0.2990	-2.4028
-0.2219	-0.2004	0.2990	-2.4069
-0.2227	-0.1995	0.2990	-2.4109
-0.2235	-0.1986	0.2990	-2.4151
-0.2249	-0.1986	0.3000	-2.4183
-0.2257	-0.1976	0.3000	-2.4224
-0.2273	-0.1974	0.3010	-2.4265
-0.2288	-0.1971	0.3020	-2.4306
-0.2296	-0.1961	0.3020	-2.4347
-0.2312	-0.1959	0.3030	-2.4387
-0.2320	-0.1949	0.3030	-2.4429
-0.2329	-0.1939	0.3030	-2.4473
-0.2342	-0.1938	0.3040	-2.4502
-0.2358	-0.1935	0.3050	-2.4544
-0.2365	-0.1925	0.3050	-2.4584
-0.2373	-0.1916	0.3050	-2.4625
-0.2389	-0.1912	0.3060	-2.4666
-0.2397	-0.1902	0.3060	-2.4710
-0.2413	-0.1898	0.3070	-2.4751
-0.2421	-0.1888	0.3070	-2.4791
-0.2434	-0.1887	0.3080	-2.4822
-0.2442	-0.1877	0.3080	-2.4862
-0.2458	-0.1873	0.3090	-2.4903
-0.2474	-0.1869	0.3100	-2.4946
-0.2481	-0.1858	0.3100	-2.4988
-0.2497	-0.1854	0.3110	-2.5029
-0.2504	-0.1844	0.3110	-2.5069
-0.2512	-0.1834	0.3110	-2.5110
-0.2525	-0.1832	0.3120	-2.5140
-0.2541	-0.1827	0.3130	-2.5181
-0.2557	-0.1822	0.3140	-2.5225
-0.2565	-0.1812	0.3140	-2.5266
-0.2580	-0.1807	0.3150	-2.5307
-0.2588	-0.1796	0.3150	-2.5348
-0.2601	-0.1794	0.3160	-2.5378
-0.2617	-0.1789	0.3170	-2.5419
-0.2625	-0.1778	0.3170	-2.5462
-0.2640	-0.1773	0.3180	-2.5503
-0.2647	-0.1762	0.3180	-2.5544
-0.2663	-0.1756	0.3190	-2.5585
-0.2676	-0.1754	0.3200	-2.5615
-0.2684	-0.1743	0.3200	-2.5656
-0.2700	-0.1737	0.3210	-2.5700
-0.2715	-0.1731	0.3220	-2.5740
-0.2731	-0.1725	0.3230	-2.5781
-0.2738	-0.1714	0.3230	-2.5823
-0.2751	-0.1711	0.3240	-2.5852
-0.2758	-0.1700	0.3240	-2.5894
-0.2774	-0.1694	0.3250	-2.5934
-0.2789	-0.1687	0.3260	-2.5975
-0.2805	-0.1681	0.3270	-2.6016
-0.2819	-0.1677	0.3280	-2.6049
-0.2826	-0.1666	0.3280	-2.6089
-0.2841	-0.1659	0.3290	-2.6130
-0.2857	-0.1652	0.3300	-2.6172
-0.2863	-0.1641	0.3300	-2.6212
-0.2879	-0.1634	0.3310	-2.6253
-0.2894	-0.1627	0.3320	-2.6294
-0.2908	-0.1622	0.3330	-2.6327
-0.2923	-0.1616	0.3340	-2.6367
-0.2930	-0.1603	0.3340	-2.6408
-0.2945	-0.1596	0.3350	-2.6450
-0.2961	-0.1589	0.3360	-2.6490
-0.2974	-0.1585	0.3370	-2.6521
-0.2989	-0.1577	0.3380	-2.6561
-0.3005	-0.1570	0.3390	-2.6602
-0.3020	-0.1562	0.3400	-2.6643
-0.3026	-0.1550	0.3400	-2.6684
-0.3042	-0.1542	0.3410	-2.6725
-0.3056	-0.1536	0.3420	-2.6757
-0.3071	-0.1528	0.3430	-2.6799
-0.3086	-0.1520	0.3440	-2.6840
-0.3092	-0.1507	0.3440	-2.6880
-0.3116	-0.1503	0.3460	-2.6921
-0.3130	-0.1497	0.3470	-2.6954
-0.3145	-0.1489	0.3480	-2.6995
-0.3160	-0.1480	0.3490	-2.7035
-0.3176	-0.1472	0.3500	-2.7077
-0.3182	-0.1458	0.3500	-2.7118
-0.3197	-0.1450	0.3510	-2.7158
-0.3210	-0.1444	0.3520	-2.7189
-0.3234	-0.1439	0.3540	-2.7229
-0.3249	-0.1430	0.3550	-2.7270
-0.3264	-0.1420	0.3560	-2.7312
-0.3278	-0.1414	0.3570	-2.7344
-0.3293	-0.1404	0.3580	-2.7384
-0.3308	-0.1395	0.3590	-2.7426
-0.3323	-0.1385	0.3600	-2.7467
-0.3338	-0.1375	0.3610	-2.7507
-0.3351	-0.1369	0.3620	-2.7538
-0.3366	-0.1359	0.3630	-2.7578
-0.3381	-0.1349	0.3640	-2.7619
-0.3396	-0.1338	0.3650	-2.7663
-0.3411	-0.1328	0.3660	-2.7704
-0.3425	-0.1317	0.3670	-2.7745
-0.3439	-0.1311	0.3680	-2.7775
-0.3463	-0.1303	0.3700	-2.7816
-0.3478	-0.1293	0.3710	-2.7857
-0.3492	-0.1282	0.3720	-2.7897
-0.3506	-0.1274	0.3730	-2.7930
-0.3530	-0.1266	0.3750	-2.7971
-0.3544	-0.1255	0.3760	-2.8012
-0.3559	-0.1244	0.3770	-2.8053
-0.3581	-0.1240	0.3790	-2.8083
-0.3596	-0.1229	0.3800	-2.8124
-0.3610	-0.1217	0.3810	-2.8165
-0.3625	-0.1205	0.3820	-2.8206
-0.3649	-0.1197	0.3840	-2.8246
-0.3662	-0.1188	0.3850	-2.8279
-0.3686	-0.1179	0.3870	-2.8320
-0.3700	-0.1167	0.3880	-2.8361
-0.3715	-0.1155	0.3890	-2.8402
-0.3737	-0.1149	0.3910	-2.8432
-0.3751	-0.1137	0.3920	-2.8473
-0.3766	-0.1125	0.3930	-2.8514
-0.3789	-0.1115	0.3950	-2.8555
-0.3812	-0.1108	0.3970	-2.8588
-0.3826	-0.1095	0.3980	-2.8628
-0.3850	-0.1085	0.4000	-2.8669
-0.3864	-0.1072	0.4010	-2.8710
-0.3888	-0.1061	0.4030	-2.8751
-0.3901	-0.1051	0.4040	-2.8784
-0.3924	-0.1040	0.4060	-2.8824
-0.3948	-0.1029	0.4080	-2.8866
-0.3962	-0.1015	0.4090	-2.8907
-0.3984	-0.1009	0.4110	-2.8937
-0.4008	-0.0997	0.4130	-2.8978
-0.4022	-0.0983	0.4140	-2.9018
-0.4045	-0.0971	0.4160	-2.9059
-0.4068	-0.0963	0.4180	-2.9092
-0.4081	-0.0948	0.4190	-2.9133
-0.4105	-0.0936	0.4210	-2.9173
-0.4128	-0.0924	0.4230	-2.9215
-0.4150	-0.0916	0.4250	-2.9244
-0.4173	-0.0903	0.4270	-2.9286
-0.4197	-0.0890	0.4290	-2.9327
-0.4220	-0.0877	0.4310	-2.9367
-0.4242	-0.0867	0.4330	-2.9400
-0.4265	-0.0854	0.4350	-2.9441
-0.4289	-0.0840	0.4370	-2.9482
-0.4302	-0.0824	0.4380	-2.9522
-0.4334	-0.0817	0.4410	-2.9553
-0.4357	-0.0802	0.4430	-2.9596
-0.4380	-0.0789	0.4450	-2.9635
-0.4402	-0.0775	0.4470	-2.9673
-0.4424	-0.0765	0.4490	-2.9703
-0.4447	-0.0752	0.4510	-2.9741
-0.4479	-0.0740	0.4540	-2.9779
-0.4501	-0.0730	0.4560	-2.9809
-0.4524	-0.0715	0.4580	-2.9847
-0.4556	-0.0703	0.4610	-2.9886
-0.4579	-0.0688	0.4630	-2.9924
-0.4610	-0.0679	0.4660	-2.9954
-0.4633	-0.0664	0.4680	-2.9992
-0.4655	-0.0649	0.4700	-3.0031
-0.4687	-0.0639	0.4730	-3.0060
-0.4709	-0.0624	0.4750	-3.0099
-0.4741	-0.0610	0.4780	-3.0136
-0.4763	-0.0593	0.4800	-3.0177
-0.4795	-0.0583	0.4830	-3.0205
-0.4817	-0.0568	0.4850	-3.0242
-0.4849	-0.0551	0.4880	-3.0284
-0.4881	-0.0536	0.4910	-3.0322
-0.4902	-0.0525	0.4930	-3.0349
-0.4934	-0.0508	0.4960	-3.0390
-0.4966	-0.0492	0.4990	-3.0428
-0.4840	-0.0445	0.4860	-3.0499
-0.4871	-0.0428	0.4890	-3.0540
-0.4902	-0.0416	0.4920	-3.0570
-0.4934	-0.0398	0.4950	-3.0611
-0.4965	-0.0382	0.4980	-3.0649
-0.4997	-0.0363	0.5010	-3.0690
-0.5028	-0.0351	0.5040	-3.0720
-0.5059	-0.0332	0.5070	-3.0761
-0.5090	-0.0313	0.5100	-3.0802
-0.5112	-0.0293	0.5120	-3.0843
-0.5152	-0.0280	0.5160	-3.0872
-0.5193	-0.0261	0.5200	-3.0914
-0.5214	-0.0242	0.5220	-3.0952
-0.5255	-0.0227	0.5260	-3.0984
-0.5296	-0.0208	0.5300	-3.1023
-0.5317	-0.0187	0.5320	-3.1064
-0.5357	-0.0173	0.5360	-3.1094
-0.5398	-0.0152	0.5400	-3.1135
-0.5438	-0.0131	0.5440	-3.1175
-0.5459	-0.0109	0.5460	-3.1217
-0.5499	-0.0093	0.5500	-3.1246
-0.5540	-0.0071	0.5540	-3.1287
-0.5580	-0.0050	0.5580	-3.1326
-0.5620	-0.0032	0.5620	-3.1358
-0.5660	-0.0011	0.5660	-3.1397
-0.5019	-0.0088	0.5020	-3.1240
-0.5060	-0.0068	0.5060	-3.1282
-0.5080	-0.0049	0.5080	-3.1320
-0.5120	-0.0029	0.5120	-3.1358
-0.5160	-0.0014	0.5160	-3.1388
-0.4276	-0.0183	0.4280	-3.0987
-0.4307	-0.0168	0.4310	-3.1026
-0.4337	-0.0156	0.4340	-3.1055
-0.4358	-0.0140	0.4360	-3.1094
-0.4388	-0.0125	0.4390	-3.1132
-0.4419	-0.0112	0.4420	-3.1162
-0.4449	-0.0096	0.4450	-3.1200
-0.4479	-0.0083	0.4480	-3.1230
-0.4510	-0.0067	0.4510	-3.1268
-0.4550	-0.0050	0.4550	-3.1307
-0.4580	-0.0036	0.4580	-3.1336
-0.4610	-0.0019	0.4610	-3.1375
-0.4640	-0.0004	0.4640	-3.1407
-0.3718	-0.0302	0.3730	-3.0606
-0.3500	-0.0258	0.3510	-3.0680
-0.3511	-0.0249	0.3520	-3.0709
-0.3532	-0.0236	0.3540	-3.0748
-0.3563	-0.0227	0.3570	-3.0780
-0.3584	-0.0214	0.3590	-3.0819
-0.3604	-0.0201	0.3610	-3.0859
-0.3625	-0.0191	0.3630	-3.0890
-0.3646	-0.0177	0.3650	-3.0930
-0.3666	-0.0164	0.3670	-3.0968
-0.3687	-0.0154	0.3690	-3.0998
-0.3707	-0.0140	0.3710	-3.1039
-0.3728	-0.0129	0.3730	-3.1069
-0.3758	-0.0115	0.3760	-3.1110
-0.3779	-0.0101	0.3780	-3.1148
-0.3809	-0.0091	0.3810	-3.1178
-0.3829	-0.0075	0.3830	-3.1219
-0.3849	-0.0064	0.3850	-3.1249
-0.3880	-0.0049	0.3880	-3.1290
-0.3900	-0.0034	0.3900	-3.1328
-0.3930	-0.0021	0.3930	-3.1361
-0.3950	-0.0007	0.3950	-3.1399
