x	y	r	phi
-0.5360	0.0004	0.5360	3.1408
-0.5360	0.0029	0.5360	3.1362
-0.5380	0.0054	0.5380	3.1315
-0.5379	0.0079	0.5380	3.1269
-0.5379	0.0103	0.5380	3.1225
-0.5398	0.0128	0.5400	3.1179
-0.5398	0.0153	0.5400	3.1133
-0.5417	0.0179	0.5420	3.1086
-0.5416	0.0204	0.5420	3.1040
-0.5435	0.0228	0.5440	3.0996
-0.5434	0.0253	0.5440	3.0950
-0.5453	0.0279	0.5460	3.0904
-0.5451	0.0305	0.5460	3.0857
-0.5470	0.0326	0.5480	3.0822
-0.5469	0.0351	0.5480	3.0775
-0.5487	0.0377	0.5500	3.0729
-0.5485	0.0403	0.5500	3.0682
-0.5503	0.0428	0.5520	3.0639
-0.5501	0.0454	0.5520	3.0592
-0.5519	0.0481	0.5540	3.0546
-0.5537	0.0508	0.5560	3.0500
-0.5534	0.0534	0.5560	3.0453
-0.5552	0.0560	0.5580	3.0410
-0.5549	0.0586	0.5580	3.0364
-0.5467	0.0603	0.5500	3.0317
-0.5388	0.0751	0.5440	3.0032
-0.5325	0.0767	0.5380	2.9985
-0.5261	0.0789	0.5320	2.9927
-0.5198	0.0803	0.5260	2.9884
-0.5134	0.0823	0.5200	2.9826
-0.5091	0.0840	0.5160	2.9780
-0.5037	0.0860	0.5110	2.9726
-0.4974	0.0872	0.5050	2.9680
-0.4920	0.0892	0.5000	2.9622
-0.4866	0.0906	0.4950	2.9575
-0.4812	0.0923	0.4900	2.9521
-0.4759	0.0936	0.4850	2.9474
-0.4705	0.0953	0.4800	2.9418
-0.4661	0.0965	0.4760	2.9374
-0.4616	0.0984	0.4720	2.9316
-0.4563	0.0994	0.4670	2.9270
-0.4509	0.1008	0.4620	2.9216
-0.4475	0.1022	0.4590	2.9170
-0.4420	0.1037	0.4540	2.9112
-0.4376	0.1048	0.4500	2.9066
-0.4332	0.1062	0.4460	2.9011
-0.4298	0.1075	0.4430	2.8964
-0.4253	0.1089	0.4390	2.8910
-0.4209	0.1098	0.4350	2.8864
-0.4175	0.1110	0.4320	2.8818
-0.4130	0.1123	0.4280	2.8760
-0.4096	0.1134	0.4250	2.8714
-0.4051	0.1146	0.4210	2.8660
-0.4017	0.1157	0.4180	2.8613
-0.3981	0.1171	0.4150	2.8556
-0.3947	0.1181	0.4120	2.8509
-0.3902	0.1191	0.4080	2.8454
-0.3868	0.1200	0.4050	2.8408
-0.3833	0.1212	0.4020	2.8354
-0.3799	0.1220	0.3990	2.8308
-0.3763	0.1233	0.3960	2.8250
-0.3739	0.1244	0.3940	2.8204
-0.3704	0.1252	0.3910	2.8157
-0.3669	0.1262	0.3880	2.8103
-0.3644	0.1272	0.3860	2.8057
-0.3609	0.1283	0.3830	2.7999
-0.3575	0.1289	0.3800	2.7956
-0.3549	0.1302	0.3780	2.7898
-0.3514	0.1308	0.3750	2.7852
-0.3489	0.1318	0.3730	2.7805
-0.3464	0.1329	0.3710	2.7752
-0.3439	0.1338	0.3690	2.7705
-0.3403	0.1347	0.3660	2.7647
-0.3369	0.1351	0.3630	2.7601
-0.3343	0.1362	0.3610	2.7546
-0.3318	0.1370	0.3590	2.7500
-0.3294	0.1378	0.3570	2.7454
-0.3268	0.1388	0.3550	2.7400
-0.3243	0.1395	0.3530	2.7353
-0.3216	0.1405	0.3510	2.7296
-0.3191	0.1412	0.3490	2.7249
-0.3167	0.1419	0.3470	2.7203
-0.3141	0.1428	0.3450	2.7149
-0.3116	0.1434	0.3430	2.7103
-0.3090	0.1443	0.3410	2.7048
-0.3065	0.1449	0.3390	2.7001
-0.3040	0.1454	0.3370	2.6955
-0.3023	0.1467	0.3360	2.6897
-0.2998	0.1472	0.3340	2.6851
-0.2972	0.1480	0.3320	2.6797
-0.2956	0.1489	0.3310	2.6751
-0.2931	0.1494	0.3290	2.6704
-0.2905	0.1500	0.3270	2.6649
-0.2890	0.1509	0.3260	2.6603
-0.2865	0.1513	0.3240	2.6557
-0.2847	0.1525	0.3230	2.6500
-0.2823	0.1528	0.3210	2.6453
-0.2807	0.1537	0.3200	2.6407
-0.2781	0.1542	0.3180	2.6352
-0.2765	0.1550	0.3170	2.6306
-0.2739	0.1556	0.3150	2.6251
-0.2723	0.1563	0.3140	2.6205
-0.2707	0.1571	0.3130	2.6158
-0.2681	0.1576	0.3110	2.6102
-0.2665	0.1584	0.3100	2.6055
-0.2641	0.1585	0.3080	2.6009
-0.2623	0.1595	0.3070	2.5954
-0.2607	0.1601	0.3060	2.5908
-0.2591	0.1608	0.3050	2.5861
-0.2576	0.1615	0.3040	2.5815
-0.2550	0.1618	0.3020	2.5760
-0.2534	0.1625	0.3010	2.5714
-0.2518	0.1631	0.3000	2.5667
-0.2500	0.1640	0.2990	2.5611
-0.2484	0.1646	0.2980	2.5564
-0.2469	0.1651	0.2970	2.5521
-0.2443	0.1653	0.2950	2.5466
-0.2427	0.1659	0.2940	2.5420
-0.2412	0.1664	0.2930	2.5376
-0.2394	0.1672	0.2920	2.5321
-0.2378	0.1677	0.2910	2.5275
-0.2363	0.1681	0.2900	2.5231
-0.2355	0.1692	0.2900	2.5185
-0.2330	0.1693	0.2880	2.5130
-0.2314	0.1697	0.2870	2.5087
-0.2298	0.1702	0.2860	2.5040
-0.2281	0.1709	0.2850	2.4986
-0.2265	0.1713	0.2840	2.4943
-0.2249	0.1717	0.2830	2.4896
-0.2232	0.1723	0.2820	2.4842
-0.2225	0.1733	0.2820	2.4798
-0.2209	0.1737	0.2810	2.4752
-0.2184	0.1737	0.2790	2.4697
-0.2168	0.1740	0.2780	2.4653
-0.2153	0.1743	0.2770	2.4610
-0.2145	0.1753	0.2770	2.4563
-0.2127	0.1758	0.2760	2.4509
-0.2112	0.1761	0.2750	2.4465
-0.2096	0.1765	0.2740	2.4419
-0.2088	0.1774	0.2740	2.4375
-0.2064	0.1772	0.2720	2.4320
-0.2055	0.1782	0.2720	2.4274
-0.2040	0.1784	0.2710	2.4230
-0.2023	0.1789	0.2700	2.4176
-0.2014	0.1798	0.2700	2.4130
-0.1999	0.1800	0.2690	2.4086
-0.1983	0.1802	0.2680	2.4039
-0.1966	0.1806	0.2670	2.3985
-0.1951	0.1808	0.2660	2.3942
-0.1943	0.1817	0.2660	2.3896
-0.1927	0.1819	0.2650	2.3851
-0.1910	0.1822	0.2640	2.3797
-0.1902	0.1831	0.2640	2.3751
-0.1886	0.1833	0.2630	2.3707
-0.1871	0.1834	0.2620	2.3664
-0.1863	0.1842	0.2620	2.3617
-0.1846	0.1846	0.2610	2.3562
-0.1831	0.1846	0.2600	2.3519
-0.1822	0.1855	0.2600	2.3473
-0.1807	0.1856	0.2590	2.3429
-0.1798	0.1864	0.2590	2.3383
-0.1781	0.1867	0.2580	2.3328
-0.1773	0.1874	0.2580	2.3284
-0.1757	0.1875	0.2570	2.3238
-0.1749	0.1883	0.2570	2.3194
-0.1732	0.1885	0.2560	2.3140
-0.1717	0.1886	0.2550	2.3093
-0.1708	0.1893	0.2550	2.3050
-0.1693	0.1894	0.2540	2.3003
-0.1685	0.1901	0.2540	2.2960
-0.1668	0.1903	0.2530	2.2905
-0.1659	0.1910	0.2530	2.2861
-0.1644	0.1910	0.2520	2.2815
-0.1636	0.1917	0.2520	2.2772
-0.1627	0.1925	0.2520	2.2725
-0.1612	0.1924	0.2510	2.2682
-0.1595	0.1925	0.2500	2.2627
-0.1586	0.1933	0.2500	2.2580
-0.1571	0.1932	0.2490	2.2537
-0.1562	0.1939	0.2490	2.2491
-0.1554	0.1946	0.2490	2.2447
-0.1537	0.1946	0.2480	2.2392
-0.1528	0.1953	0.2480	2.2346
-0.1513	0.1952	0.2470	2.2302
-0.1505	0.1959	0.2470	2.2259
-0.1490	0.1958	0.2460	2.2212
-0.1481	0.1964	0.2460	2.2169
-0.1472	0.1971	0.2460	2.2123
-0.1463	0.1977	0.2460	2.2079
-0.1447	0.1977	0.2450	2.2024
-0.1437	0.1984	0.2450	2.1978
-0.1429	0.1990	0.2450	2.1934
-0.1414	0.1989	0.2440	2.1888
-0.1405	0.1995	0.2440	2.1844
-0.1396	0.2001	0.2440	2.1798
-0.1379	0.2001	0.2430	2.1743
-0.1370	0.2007	0.2430	2.1700
-0.1362	0.2013	0.2430	2.1656
-0.1352	0.2019	0.2430	2.1610
-0.1338	0.2017	0.2420	2.1566
-0.1329	0.2023	0.2420	2.1520
-0.1312	0.2022	0.2410	2.1465
-0.1303	0.2027	0.2410	2.1422
-0.1294	0.2033	0.2410	2.1375
-0.1285	0.2039	0.2410	2.1332
-0.1270	0.2036	0.2400	2.1285
-0.1261	0.2042	0.2400	2.1242
-0.1252	0.2048	0.2400	2.1196
-0.1238	0.2045	0.2390	2.1152
-0.1229	0.2050	0.2390	2.1108
-0.1219	0.2056	0.2390	2.1062
-0.1210	0.2061	0.2390	2.1018
-0.1200	0.2067	0.2390	2.0969
-0.1191	0.2072	0.2390	2.0923
-0.1181	0.2078	0.2390	2.0877
-0.1171	0.2083	0.2390	2.0830
-0.1155	0.2081	0.2380	2.0773
-0.1144	0.2087	0.2380	2.0723
-0.1135	0.2092	0.2380	2.0677
-0.1125	0.2097	0.2380	2.0631
-0.1115	0.2103	0.2380	2.0584
-0.1100	0.2099	0.2370	2.0535
-0.1090	0.2104	0.2370	2.0489
-0.1081	0.2109	0.2370	2.0442
-0.1071	0.2114	0.2370	2.0396
-0.1061	0.2119	0.2370	2.0347
-0.1055	0.2133	0.2380	2.0301
-0.1045	0.2138	0.2380	2.0254
-0.1031	0.2134	0.2370	2.0208
-0.1020	0.2139	0.2370	2.0159
-0.1004	0.2136	0.2360	2.0102
-0.0990	0.2131	0.2350	2.0056
-0.0980	0.2136	0.2350	2.0009
-0.0974	0.2150	0.2360	1.9963
-0.0960	0.2145	0.2350	1.9914
-0.0953	0.2159	0.2360	1.9867
-0.0944	0.2163	0.2360	1.9821
-0.0934	0.2168	0.2360	1.9775
-0.0923	0.2172	0.2360	1.9725
-0.0909	0.2167	0.2350	1.9679
-0.0899	0.2171	0.2350	1.9633
-0.0889	0.2175	0.2350	1.9586
-0.0882	0.2189	0.2360	1.9537
-0.0872	0.2193	0.2360	1.9491
-0.0858	0.2188	0.2350	1.9444
-0.0848	0.2192	0.2350	1.9398
-0.0837	0.2196	0.2350	1.9349
-0.0827	0.2200	0.2350	1.9302
-0.0816	0.2204	0.2350	1.9256
-0.0806	0.2207	0.2350	1.9210
-0.0799	0.2221	0.2360	1.9161
-0.0788	0.2224	0.2360	1.9114
-0.0778	0.2228	0.2360	1.9068
-0.0768	0.2232	0.2360	1.9021
-0.0757	0.2235	0.2360	1.8972
-0.0747	0.2239	0.2360	1.8926
-0.0733	0.2233	0.2350	1.8880
-0.0722	0.2236	0.2350	1.8831
-0.0715	0.2249	0.2360	1.8785
-0.0704	0.2252	0.2360	1.8739
-0.0694	0.2256	0.2360	1.8692
-0.0683	0.2259	0.2360	1.8643
-0.0672	0.2262	0.2360	1.8597
-0.0662	0.2265	0.2360	1.8550
-0.0651	0.2268	0.2360	1.8504
-0.0640	0.2272	0.2360	1.8455
-0.0629	0.2275	0.2360	1.8408
-0.0619	0.2277	0.2360	1.8362
-0.0613	0.2289	0.2370	1.8323
-0.0602	0.2292	0.2370	1.8277
-0.0592	0.2295	0.2370	1.8231
-0.0580	0.2298	0.2370	1.8182
-0.0570	0.2301	0.2370	1.8135
-0.0559	0.2303	0.2370	1.8089
-0.0548	0.2306	0.2370	1.8042
-0.0537	0.2308	0.2370	1.7994
-0.0529	0.2321	0.2380	1.7948
-0.0518	0.2323	0.2380	1.7901
-0.0507	0.2325	0.2380	1.7855
-0.0496	0.2328	0.2380	1.7806
-0.0485	0.2330	0.2380	1.7760
-0.0474	0.2332	0.2380	1.7713
-0.0463	0.2334	0.2380	1.7667
-0.0456	0.2346	0.2390	1.7628
-0.0445	0.2348	0.2390	1.7582
-0.0434	0.2350	0.2390	1.7532
-0.0423	0.2352	0.2390	1.7486
-0.0412	0.2354	0.2390	1.7440
-0.0401	0.2356	0.2390	1.7393
-0.0389	0.2358	0.2390	1.7345
-0.0380	0.2370	0.2400	1.7299
-0.0369	0.2371	0.2400	1.7252
-0.0358	0.2373	0.2400	1.7206
-0.0348	0.2385	0.2410	1.7157
-0.0337	0.2386	0.2410	1.7111
-0.0326	0.2388	0.2410	1.7064
-0.0315	0.2389	0.2410	1.7018
-0.0303	0.2391	0.2410	1.6969
-0.0296	0.2402	0.2420	1.6933
-0.0284	0.2403	0.2420	1.6883
-0.0273	0.2405	0.2420	1.6837
-0.0262	0.2406	0.2420	1.6791
-0.0250	0.2407	0.2420	1.6744
-0.0240	0.2418	0.2430	1.6695
-0.0228	0.2419	0.2430	1.6649
-0.0220	0.2430	0.2440	1.6611
-0.0209	0.2431	0.2440	1.6565
-0.0197	0.2432	0.2440	1.6518
-0.0187	0.2443	0.2450	1.6472
-0.0176	0.2444	0.2450	1.6428
-0.0166	0.2444	0.2450	1.6385
-0.0158	0.2455	0.2460	1.6349
-0.0147	0.2456	0.2460	1.6305
-0.0136	0.2456	0.2460	1.6259
-0.0125	0.2467	0.2470	1.6216
-0.0115	0.2467	0.2470	1.6172
-0.0103	0.2468	0.2470	1.6126
-0.0093	0.2478	0.2480	1.6082
-0.0082	0.2479	0.2480	1.6039
-0.0070	0.2479	0.2480	1.5992
-0.0062	0.2489	0.2490	1.5956
-0.0051	0.2489	0.2490	1.5913
-0.0040	0.2490	0.2490	1.5869
-0.0029	0.2500	0.2500	1.5823
-0.0021	0.2510	0.2510	1.5790
-0.0009	0.2510	0.2510	1.5743
0.0002	0.2520	0.2520	1.5700
0.0013	0.2530	0.2530	1.5656
0.0025	0.2530	0.2530	1.5610
0.0036	0.2530	0.2530	1.5567
0.0048	0.2530	0.2530	1.5520
0.0056	0.2539	0.2540	1.5487
0.0068	0.2539	0.2540	1.5441
0.0079	0.2549	0.2550	1.5397
0.0090	0.2548	0.2550	1.5354
0.0102	0.2548	0.2550	1.5307
0.0114	0.2557	0.2560	1.5264
0.0123	0.2567	0.2570	1.5229
0.0134	0.2566	0.2570	1.5184
0.0146	0.2576	0.2580	1.5141
0.0156	0.2585	0.2590	1.5106
0.0168	0.2585	0.2590	1.5060
0.0180	0.2594	0.2600	1.5016
0.0191	0.2593	0.2600	1.4972
0.0203	0.2592	0.2600	1.4926
0.0215	0.2601	0.2610	1.4882
0.0225	0.2610	0.2620	1.4847
0.0238	0.2619	0.2630	1.4803
0.0250	0.2618	0.2630	1.4757
0.0262	0.2627	0.2640	1.4713
0.0274	0.2626	0.2640	1.4670
0.0284	0.2635	0.2650	1.4634
0.0297	0.2643	0.2660	1.4590
0.0309	0.2642	0.2660	1.4544
0.0322	0.2651	0.2670	1.4500
0.0332	0.2659	0.2680	1.4464
0.0344	0.2658	0.2680	1.4421
0.0357	0.2666	0.2690	1.4377
0.0369	0.2665	0.2690	1.4331
0.0382	0.2673	0.2700	1.4288
0.0393	0.2681	0.2710	1.4253
0.0406	0.2689	0.2720	1.4208
0.0419	0.2688	0.2720	1.4162
0.0431	0.2686	0.2720	1.4118
0.0444	0.2694	0.2730	1.4075
0.0455	0.2702	0.2740	1.4040
0.0469	0.2710	0.2750	1.3996
0.0483	0.2717	0.2760	1.3950
0.0494	0.2726	0.2770	1.3914
0.0506	0.2723	0.2770	1.3870
0.0520	0.2731	0.2780	1.3827
0.0535	0.2738	0.2790	1.3780
0.0545	0.2746	0.2800	1.3747
0.0560	0.2754	0.2810	1.3701
0.0574	0.2761	0.2820	1.3657
0.0586	0.2758	0.2820	1.3614
0.0598	0.2766	0.2830	1.3579
0.0613	0.2773	0.2840	1.3533
0.0627	0.2780	0.2850	1.3488
0.0639	0.2788	0.2860	1.3453
0.0651	0.2785	0.2860	1.3410
0.0668	0.2801	0.2880	1.3366
0.0684	0.2808	0.2890	1.3320
0.0696	0.2815	0.2900	1.3284
0.0708	0.2812	0.2900	1.3240
0.0723	0.2819	0.2910	1.3197
0.0739	0.2825	0.2920	1.3150
0.0751	0.2832	0.2930	1.3117
0.0766	0.2838	0.2940	1.3071
0.0781	0.2845	0.2950	1.3027
0.0809	0.2847	0.2960	1.2938
0.0967	0.2776	0.2940	1.2357
0.0968	0.2723	0.2890	1.2291
0.0978	0.2709	0.2880	1.2245
0.0983	0.2686	0.2860	1.2199
0.0994	0.2671	0.2850	1.2144
0.1003	0.2657	0.2840	1.2097
0.1011	0.2632	0.2820	1.2041
0.1020	0.2618	0.2810	1.1994
0.1028	0.2604	0.2800	1.1948
0.1039	0.2589	0.2790	1.1893
0.1043	0.2566	0.2770	1.1847
0.1050	0.2542	0.2750	1.1790
0.1058	0.2527	0.2740	1.1744
0.1068	0.2512	0.2730	1.1689
0.1076	0.2498	0.2720	1.1642
0.1083	0.2484	0.2710	1.1596
0.1089	0.2460	0.2690	1.1538
0.1096	0.2446	0.2680	1.1495
0.1106	0.2430	0.2670	1.1438
0.1113	0.2416	0.2660	1.1392
0.1120	0.2402	0.2650	1.1345
0.1129	0.2387	0.2640	1.1290
0.1135	0.2372	0.2630	1.1244
0.1142	0.2358	0.2620	1.1198
0.1151	0.2342	0.2610	1.1141
0.1157	0.2328	0.2600	1.1095
0.1164	0.2314	0.2590	1.1048
0.1172	0.2298	0.2580	1.0993
0.1176	0.2274	0.2560	1.0936
0.1186	0.2269	0.2560	1.0889
0.1197	0.2263	0.2560	1.0843
0.1197	0.2240	0.2540	1.0799
0.1200	0.2216	0.2520	1.0743
0.1206	0.2201	0.2510	1.0696
0.1216	0.2196	0.2510	1.0650
0.1223	0.2180	0.2500	1.0595
0.1228	0.2166	0.2490	1.0549
0.1236	0.2150	0.2480	1.0491
0.1241	0.2136	0.2470	1.0445
0.1246	0.2121	0.2460	1.0398
0.1252	0.2106	0.2450	1.0344
0.1262	0.2100	0.2450	1.0298
0.1266	0.2086	0.2440	1.0252
0.1276	0.2080	0.2440	1.0205
0.1277	0.2056	0.2420	1.0151
0.1283	0.2040	0.2410	1.0094
0.1287	0.2026	0.2400	1.0047
0.1291	0.2011	0.2390	1.0001
0.1300	0.2005	0.2390	0.9955
0.1306	0.1990	0.2380	0.9900
0.1315	0.1984	0.2380	0.9853
0.1319	0.1969	0.2370	0.9807
0.1328	0.1963	0.2370	0.9761
0.1333	0.1947	0.2360	0.9703
0.1337	0.1933	0.2350	0.9657
0.1336	0.1909	0.2330	0.9603
0.1345	0.1903	0.2330	0.9556
0.1348	0.1888	0.2320	0.9510
0.1356	0.1882	0.2320	0.9464
0.1365	0.1876	0.2320	0.9417
0.1374	0.1870	0.2320	0.9371
0.1378	0.1854	0.2310	0.9316
0.1377	0.1830	0.2290	0.9259
0.1379	0.1816	0.2280	0.9213
0.1383	0.1800	0.2270	0.9158
0.1391	0.1794	0.2270	0.9112
0.1399	0.1787	0.2270	0.9065
0.1408	0.1781	0.2270	0.9019
0.1416	0.1774	0.2270	0.8973
0.1418	0.1760	0.2260	0.8926
0.1421	0.1744	0.2250	0.8871
0.1423	0.1730	0.2240	0.8825
0.1426	0.1714	0.2230	0.8768
0.1428	0.1700	0.2220	0.8722
0.1436	0.1693	0.2220	0.8676
0.1444	0.1687	0.2220	0.8629
0.1451	0.1680	0.2220	0.8583
0.1454	0.1664	0.2210	0.8528
0.1455	0.1650	0.2200	0.8482
0.1458	0.1634	0.2190	0.8424
0.1465	0.1628	0.2190	0.8380
0.1472	0.1621	0.2190	0.8334
0.1480	0.1614	0.2190	0.8288
0.1487	0.1607	0.2190	0.8241
0.1495	0.1601	0.2190	0.8195
0.1495	0.1586	0.2180	0.8149
0.1498	0.1570	0.2170	0.8092
0.1498	0.1556	0.2160	0.8046
0.1499	0.1541	0.2150	0.7991
0.1507	0.1534	0.2150	0.7944
0.1514	0.1527	0.2150	0.7898
0.1521	0.1520	0.2150	0.7852
0.1528	0.1513	0.2150	0.7805
0.1535	0.1506	0.2150	0.7759
0.1534	0.1492	0.2140	0.7713
0.1541	0.1485	0.2140	0.7666
0.1548	0.1478	0.2140	0.7623
0.1549	0.1462	0.2130	0.7565
0.1555	0.1455	0.2130	0.7521
0.1562	0.1448	0.2130	0.7475
0.1569	0.1441	0.2130	0.7429
0.1568	0.1427	0.2120	0.7385
0.1574	0.1420	0.2120	0.7339
0.1574	0.1405	0.2110	0.7284
0.1581	0.1397	0.2110	0.7238
0.1587	0.1390	0.2110	0.7191
0.1593	0.1383	0.2110	0.7148
0.1600	0.1376	0.2110	0.7101
0.1600	0.1361	0.2100	0.7048
0.1606	0.1353	0.2100	0.7001
0.1605	0.1339	0.2090	0.6955
0.1610	0.1332	0.2090	0.6911
0.1617	0.1325	0.2090	0.6865
0.1623	0.1317	0.2090	0.6819
0.1628	0.1310	0.2090	0.6774
0.1634	0.1303	0.2090	0.6728
0.1634	0.1287	0.2080	0.6674
0.1640	0.1280	0.2080	0.6627
0.1646	0.1272	0.2080	0.6581
0.1643	0.1259	0.2070	0.6538
0.1649	0.1251	0.2070	0.6491
0.1655	0.1244	0.2070	0.6445
0.1661	0.1236	0.2070	0.6399
0.1666	0.1229	0.2070	0.6355
0.1672	0.1221	0.2070	0.6308
0.1677	0.1213	0.2070	0.6262
0.1683	0.1206	0.2070	0.6218
0.1681	0.1190	0.2060	0.6161
0.1686	0.1183	0.2060	0.6118
0.1684	0.1169	0.2050	0.6071
0.1689	0.1162	0.2050	0.6025
0.1694	0.1154	0.2050	0.5981
0.1699	0.1146	0.2050	0.5935
0.1705	0.1139	0.2050	0.5889
0.1710	0.1131	0.2050	0.5844
0.1715	0.1123	0.2050	0.5798
0.1720	0.1115	0.2050	0.5751
0.1725	0.1108	0.2050	0.5708
0.1730	0.1100	0.2050	0.5662
0.1728	0.1085	0.2040	0.5608
0.1733	0.1077	0.2040	0.5561
0.1738	0.1069	0.2040	0.5515
0.1742	0.1061	0.2040	0.5469
0.1747	0.1053	0.2040	0.5425
0.1752	0.1045	0.2040	0.5379
0.1757	0.1037	0.2040	0.5332
0.1761	0.1029	0.2040	0.5288
0.1766	0.1021	0.2040	0.5242
0.1771	0.1013	0.2040	0.5195
0.1775	0.1005	0.2040	0.5152
0.1772	0.0990	0.2030	0.5095
0.1777	0.0982	0.2030	0.5051
0.1781	0.0974	0.2030	0.5005
0.1786	0.0966	0.2030	0.4959
0.1790	0.0958	0.2030	0.4914
0.1802	0.0956	0.2040	0.4879
0.1806	0.0948	0.2040	0.4833
0.1803	0.0934	0.2030	0.4778
0.1807	0.0925	0.2030	0.4732
0.1811	0.0917	0.2030	0.4685
0.1815	0.0908	0.2030	0.4639
0.1819	0.0900	0.2030	0.4595
0.1824	0.0892	0.2030	0.4549
0.1828	0.0884	0.2030	0.4503
0.1840	0.0881	0.2040	0.4468
0.1844	0.0873	0.2040	0.4424
0.1840	0.0858	0.2030	0.4366
0.1843	0.0850	0.2030	0.4323
0.1847	0.0842	0.2030	0.4277
0.1851	0.0833	0.2030	0.4230
0.1855	0.0825	0.2030	0.4187
0.1867	0.0823	0.2040	0.4151
0.1871	0.0814	0.2040	0.4104
0.1874	0.0805	0.2040	0.4058
0.1878	0.0797	0.2040	0.4012
0.1881	0.0788	0.2040	0.3968
0.1885	0.0780	0.2040	0.3922
0.1889	0.0771	0.2040	0.3875
0.1892	0.0763	0.2040	0.3832
0.1896	0.0754	0.2040	0.3786
0.1899	0.0745	0.2040	0.3739
0.1902	0.0737	0.2040	0.3696
0.1906	0.0728	0.2040	0.3649
0.1909	0.0719	0.2040	0.3603
0.1912	0.0711	0.2040	0.3559
0.1924	0.0708	0.2050	0.3524
0.1927	0.0699	0.2050	0.3477
0.1930	0.0690	0.2050	0.3431
0.1934	0.0681	0.2050	0.3384
0.1946	0.0676	0.2060	0.3341
0.1940	0.0663	0.2050	0.3295
0.1943	0.0654	0.2050	0.3248
0.1946	0.0645	0.2050	0.3202
0.1949	0.0637	0.2050	0.3158
0.1961	0.0631	0.2060	0.3112
0.1964	0.0622	0.2060	0.3066
0.1967	0.0613	0.2060	0.3019
0.1970	0.0603	0.2060	0.2973
0.1972	0.0594	0.2060	0.2927
0.1975	0.0585	0.2060	0.2880
0.1978	0.0576	0.2060	0.2834
0.1980	0.0567	0.2060	0.2788
0.1992	0.0563	0.2070	0.2753
0.1995	0.0553	0.2070	0.2706
0.1997	0.0544	0.2070	0.2660
0.2000	0.0535	0.2070	0.2613
0.2012	0.0528	0.2080	0.2567
0.2014	0.0519	0.2080	0.2523
0.2017	0.0510	0.2080	0.2476
0.2028	0.0505	0.2090	0.2438
0.2030	0.0495	0.2090	0.2392
0.2033	0.0486	0.2090	0.2346
0.2035	0.0477	0.2090	0.2302
0.2037	0.0467	0.2090	0.2256
0.2049	0.0460	0.2100	0.2209
0.2051	0.0451	0.2100	0.2163
0.2053	0.0441	0.2100	0.2117
0.2055	0.0432	0.2100	0.2070
0.2057	0.0422	0.2100	0.2024
0.2068	0.0417	0.2110	0.1988
0.2070	0.0407	0.2110	0.1942
0.2082	0.0402	0.2120	0.1907
0.2083	0.0392	0.2120	0.1860
0.2085	0.0382	0.2120	0.1814
0.2087	0.0373	0.2120	0.1768
0.2089	0.0363	0.2120	0.1721
0.2090	0.0353	0.2120	0.1675
0.2102	0.0345	0.2130	0.1629
0.2103	0.0336	0.2130	0.1582
0.2114	0.0330	0.2140	0.1546
0.2116	0.0320	0.2140	0.1500
0.2117	0.0310	0.2140	0.1454
0.2119	0.0300	0.2140	0.1407
0.2120	0.0290	0.2140	0.1361
0.2131	0.0282	0.2150	0.1315
0.2142	0.0276	0.2160	0.1280
0.2144	0.0266	0.2160	0.1233
0.2145	0.0256	0.2160	0.1187
0.2156	0.0247	0.2170	0.1140
0.2157	0.0238	0.2170	0.1097
0.2158	0.0228	0.2170	0.1051
0.2159	0.0217	0.2170	0.1004
0.2170	0.0210	0.2180	0.0965
0.2171	0.0200	0.2180	0.0919
0.2182	0.0192	0.2190	0.0876
0.2182	0.0181	0.2190	0.0829
0.2183	0.0171	0.2190	0.0783
0.2204	0.0165	0.2210	0.0748
0.2205	0.0155	0.2210	0.0702
0.2205	0.0145	0.2210	0.0655
0.2206	0.0134	0.2210	0.0609
0.2216	0.0127	0.2220	0.0570
0.2217	0.0117	0.2220	0.0526
0.2217	0.0107	0.2220	0.0480
0.2218	0.0096	0.2220	0.0434
0.2228	0.0086	0.2230	0.0387
0.2239	0.0079	0.2240	0.0352
0.2249	0.0069	0.2250	0.0306
0.2249	0.0058	0.2250	0.0260
0.2259	0.0050	0.2260	0.0221
0.2270	0.0040	0.2270	0.0177
0.2270	0.0030	0.2270	0.0131
0.2270	0.0019	0.2270	0.0085
0.2270	0.0009	0.2270	0.0038
0.2280	0.0000	0.2280	0.0000
0.2290	-0.0010	0.2290	-0.0043
0.2300	-0.0019	0.2300	-0.0081
0.2310	-0.0029	0.2310	-0.0128
0.2310	-0.0040	0.2310	-0.0174
0.2319	-0.0049	0.2320	-0.0210
0.2319	-0.0059	0.2320	-0.0256
0.2319	-0.0070	0.2320	-0.0302
0.2329	-0.0081	0.2330	-0.0349
0.2328	-0.0091	0.2330	-0.0392
0.2338	-0.0102	0.2340	-0.0438
0.2347	-0.0112	0.2350	-0.0476
0.2357	-0.0123	0.2360	-0.0523
0.2366	-0.0132	0.2370	-0.0559
0.2366	-0.0143	0.2370	-0.0605
0.2375	-0.0155	0.2380	-0.0651
0.2374	-0.0166	0.2380	-0.0698
0.2384	-0.0175	0.2390	-0.0733
0.2393	-0.0187	0.2400	-0.0779
0.2402	-0.0199	0.2410	-0.0825
0.2401	-0.0210	0.2410	-0.0872
0.2400	-0.0221	0.2410	-0.0918
0.2409	-0.0231	0.2420	-0.0954
0.2418	-0.0243	0.2430	-0.1000
0.2417	-0.0253	0.2430	-0.1044
0.2426	-0.0263	0.2440	-0.1080
0.2435	-0.0274	0.2450	-0.1123
0.2444	-0.0284	0.2460	-0.1158
0.2452	-0.0296	0.2470	-0.1202
0.2451	-0.0307	0.2470	-0.1245
0.2459	-0.0320	0.2480	-0.1292
0.2458	-0.0330	0.2480	-0.1336
0.2467	-0.0340	0.2490	-0.1371
0.2475	-0.0353	0.2500	-0.1415
0.2484	-0.0363	0.2510	-0.1451
0.2492	-0.0375	0.2520	-0.1494
0.2500	-0.0388	0.2530	-0.1541
0.2509	-0.0398	0.2540	-0.1573
0.2507	-0.0410	0.2540	-0.1619
0.2525	-0.0424	0.2560	-0.1663
0.2533	-0.0435	0.2570	-0.1699
0.2531	-0.0445	0.2570	-0.1742
0.2539	-0.0458	0.2580	-0.1786
0.2537	-0.0470	0.2580	-0.1832
0.2545	-0.0480	0.2590	-0.1865
0.2553	-0.0494	0.2600	-0.1911
0.2560	-0.0507	0.2610	-0.1955
0.2558	-0.0518	0.2610	-0.1998
0.2576	-0.0531	0.2630	-0.2033
0.2583	-0.0545	0.2640	-0.2078
0.2591	-0.0556	0.2650	-0.2113
0.2598	-0.0569	0.2660	-0.2156
0.2596	-0.0581	0.2660	-0.2203
0.2603	-0.0595	0.2670	-0.2246
0.2600	-0.0606	0.2670	-0.2290
0.2618	-0.0620	0.2690	-0.2326
0.2625	-0.0634	0.2700	-0.2369
0.2632	-0.0645	0.2710	-0.2405
0.2639	-0.0659	0.2720	-0.2449
0.2645	-0.0674	0.2730	-0.2495
0.2653	-0.0686	0.2740	-0.2530
0.2659	-0.0700	0.2750	-0.2574
0.2666	-0.0714	0.2760	-0.2617
0.2683	-0.0729	0.2780	-0.2653
0.2680	-0.0741	0.2780	-0.2697
0.2696	-0.0756	0.2800	-0.2732
0.2702	-0.0770	0.2810	-0.2776
0.2708	-0.0785	0.2820	-0.2823
0.2715	-0.0797	0.2830	-0.2855
0.2721	-0.0812	0.2840	-0.2901
0.2738	-0.0827	0.2860	-0.2934
0.2744	-0.0843	0.2870	-0.2980
0.2749	-0.0858	0.2880	-0.3024
0.2765	-0.0873	0.2900	-0.3059
0.2771	-0.0888	0.2910	-0.3102
0.2777	-0.0904	0.2920	-0.3147
0.2783	-0.0917	0.2930	-0.3182
0.2798	-0.0935	0.2950	-0.3225
0.2803	-0.0951	0.2960	-0.3272
0.2819	-0.0967	0.2980	-0.3305
0.2824	-0.0983	0.2990	-0.3351
0.2830	-0.0997	0.3000	-0.3386
0.2844	-0.1016	0.3020	-0.3430
0.2849	-0.1031	0.3030	-0.3474
0.2864	-0.1048	0.3050	-0.3509
0.2869	-0.1065	0.3060	-0.3553
0.2884	-0.1082	0.3080	-0.3589
0.2888	-0.1098	0.3090	-0.3632
0.2902	-0.1118	0.3110	-0.3679
0.2908	-0.1132	0.3120	-0.3711
0.2921	-0.1152	0.3140	-0.3757
0.2925	-0.1169	0.3150	-0.3801
0.2940	-0.1187	0.3170	-0.3837
0.2953	-0.1207	0.3190	-0.3880
0.2967	-0.1225	0.3210	-0.3915
0.2980	-0.1246	0.3230	-0.3960
0.2985	-0.1260	0.3240	-0.3995
0.2998	-0.1281	0.3260	-0.4038
0.3012	-0.1300	0.3280	-0.4074
0.3024	-0.1321	0.3300	-0.4118
0.3027	-0.1339	0.3310	-0.4164
0.3041	-0.1357	0.3330	-0.4196
0.3053	-0.1379	0.3350	-0.4242
0.3067	-0.1397	0.3370	-0.4276
0.3078	-0.1420	0.3390	-0.4322
0.3090	-0.1442	0.3410	-0.4365
0.3103	-0.1461	0.3430	-0.4401
0.3124	-0.1488	0.3460	-0.4445
0.3137	-0.1507	0.3480	-0.4480
0.3148	-0.1530	0.3500	-0.4523
0.3161	-0.1550	0.3520	-0.4559
0.3172	-0.1572	0.3540	-0.4603
0.3193	-0.1597	0.3570	-0.4638
0.3204	-0.1620	0.3590	-0.4682
0.3214	-0.1644	0.3610	-0.4728
0.3235	-0.1668	0.3640	-0.4761
0.3245	-0.1692	0.3660	-0.4807
0.3266	-0.1717	0.3690	-0.4840
0.3276	-0.1742	0.3710	-0.4887
0.3297	-0.1767	0.3740	-0.4919
0.3315	-0.1796	0.3770	-0.4965
0.3325	-0.1818	0.3790	-0.5004
0.3343	-0.1848	0.3820	-0.5050
0.3363	-0.1874	0.3850	-0.5085
0.3380	-0.1905	0.3880	-0.5132
0.3389	-0.1930	0.3900	-0.5178
0.3408	-0.1957	0.3930	-0.5214
0.3435	-0.1990	0.3970	-0.5252
0.3452	-0.2021	0.4000	-0.5298
0.3468	-0.2053	0.4030	-0.5345
0.3486	-0.2081	0.4060	-0.5380
0.3502	-0.2112	0.4090	-0.5426
0.3520	-0.2141	0.4120	-0.5465
0.3545	-0.2177	0.4160	-0.5508
0.3562	-0.2207	0.4190	-0.5546
0.3577	-0.2239	0.4220	-0.5592
0.3603	-0.2273	0.4260	-0.5628
0.3618	-0.2306	0.4290	-0.5675
0.3642	-0.2341	0.4330	-0.5713
0.3657	-0.2373	0.4360	-0.5756
0.3682	-0.2409	0.4400	-0.5795
0.3704	-0.2448	0.4440	-0.5841
0.3729	-0.2484	0.4480	-0.5876
0.3750	-0.2523	0.4520	-0.5923
0.3774	-0.2560	0.4560	-0.5960
0.3795	-0.2600	0.4600	-0.6007
0.3827	-0.2642	0.4650	-0.6043
0.3847	-0.2682	0.4690	-0.6089
0.3878	-0.2725	0.4740	-0.6124
0.3890	-0.2760	0.4770	-0.6170
0.3918	-0.2807	0.4820	-0.6217
0.3948	-0.2852	0.4870	-0.6256
0.3978	-0.2895	0.4920	-0.6291
0.3997	-0.2937	0.4960	-0.6337
0.4023	-0.2985	0.5010	-0.6383
0.4061	-0.3035	0.5070	-0.6419
0.4087	-0.3085	0.5120	-0.6466
0.4107	-0.3124	0.5160	-0.6504
0.4140	-0.3180	0.5220	-0.6550
0.4160	-0.3219	0.5260	-0.6586
0.4192	-0.3275	0.5320	-0.6632
0.4228	-0.3327	0.5380	-0.6667
0.4259	-0.3384	0.5440	-0.6714
0.4293	-0.3438	0.5500	-0.6751
0.4324	-0.3495	0.5560	-0.6798
0.4358	-0.3549	0.5620	-0.6834
0.4403	-0.3619	0.5700	-0.6880
0.4437	-0.3673	0.5760	-0.6915
0.4466	-0.3732	0.5820	-0.6961
0.4513	-0.3801	0.5900	-0.7000
0.4540	-0.3861	0.5960	-0.7047
0.4588	-0.3929	0.6040	-0.7082
0.4630	-0.4002	0.6120	-0.7128
0.4675	-0.4073	0.6200	-0.7167
0.4717	-0.4146	0.6280	-0.7210
0.4761	-0.4217	0.6360	-0.7248
0.4801	-0.4292	0.6440	-0.7294
0.4846	-0.4362	0.6520	-0.7330
0.4884	-0.4439	0.6600	-0.7377
0.4926	-0.4512	0.6680	-0.7415
0.4979	-0.4602	0.6780	-0.7461
0.5036	-0.4688	0.6880	-0.7496
0.5087	-0.4779	0.6980	-0.7542
0.5128	-0.4852	0.7060	-0.7578
0.5192	-0.4959	0.7180	-0.7625
0.5245	-0.5048	0.7280	-0.7662
0.5308	-0.5156	0.7400	-0.7709
0.5361	-0.5245	0.7500	-0.7745
0.5422	-0.5354	0.7620	-0.7791
0.5488	-0.5458	0.7740	-0.7826
0.5562	-0.5582	0.7880	-0.7872
0.5625	-0.5689	0.8000	-0.7911
0.5696	-0.5815	0.8140	-0.7958
0.5759	-0.5921	0.8260	-0.7993
0.5829	-0.6049	0.8400	-0.8039
0.5904	-0.6170	0.8540	-0.8074
0.5986	-0.6314	0.8700	-0.8121
0.6071	-0.6453	0.8860	-0.8159
0.6150	-0.6598	0.9020	-0.8205
0.6236	-0.6737	0.9180	-0.8240
0.6326	-0.6899	0.9360	-0.8287
0.6422	-0.7055	0.9540	-0.8323
0.6524	-0.7233	0.9740	-0.8369
0.6629	-0.7407	0.9940	-0.8407
-0.1755	-0.6797	0.7020	-1.8235
-0.1782	-0.6769	0.7000	-1.8282
-0.1803	-0.6722	0.6960	-1.8328
-0.1829	-0.6695	0.6940	-1.8374
-0.1849	-0.6648	0.6900	-1.8421
-0.1874	-0.6620	0.6880	-1.8467
-0.1894	-0.6573	0.6840	-1.8513
-0.1926	-0.6542	0.6820	-1.8571
-0.1945	-0.6495	0.6780	-1.8618
-0.1969	-0.6467	0.6760	-1.8664
-0.1987	-0.6420	0.6720	-1.8710
-0.2011	-0.6391	0.6700	-1.8757
-0.2034	-0.6363	0.6680	-1.8803
-0.2059	-0.6313	0.6640	-1.8860
-0.2081	-0.6284	0.6620	-1.8906
-0.2098	-0.6237	0.6580	-1.8952
-0.2120	-0.6208	0.6560	-1.8999
-0.2142	-0.6179	0.6540	-1.9045
-0.2164	-0.6150	0.6520	-1.9091
-0.2180	-0.6102	0.6480	-1.9138
-0.2206	-0.6072	0.6460	-1.9193
-0.2227	-0.6043	0.6440	-1.9239
-0.2248	-0.6014	0.6420	-1.9285
-0.2262	-0.5966	0.6380	-1.9332
-0.2282	-0.5936	0.6360	-1.9378
-0.2302	-0.5907	0.6340	-1.9424
-0.2323	-0.5878	0.6320	-1.9471
-0.2349	-0.5846	0.6300	-1.9529
-0.2368	-0.5816	0.6280	-1.9575
-0.2380	-0.5768	0.6240	-1.9621
-0.2399	-0.5739	0.6220	-1.9668
-0.2418	-0.5709	0.6200	-1.9714
-0.2436	-0.5680	0.6180	-1.9760
-0.2455	-0.5650	0.6160	-1.9807
-0.2478	-0.5618	0.6140	-1.9863
-0.2497	-0.5588	0.6120	-1.9910
-0.2522	-0.5576	0.6120	-1.9956
-0.2532	-0.5528	0.6080	-2.0003
-0.2549	-0.5498	0.6060	-2.0049
-0.2566	-0.5468	0.6040	-2.0095
-0.2583	-0.5438	0.6020	-2.0142
-0.2599	-0.5408	0.6000	-2.0188
-0.2624	-0.5396	0.6000	-2.0234
-0.2645	-0.5363	0.5980	-2.0289
-0.2661	-0.5333	0.5960	-2.0336
-0.2678	-0.5302	0.5940	-2.0385
-0.2693	-0.5272	0.5920	-2.0431
-0.2708	-0.5242	0.5900	-2.0477
-0.2723	-0.5211	0.5880	-2.0524
-0.2738	-0.5181	0.5860	-2.0570
-0.2762	-0.5168	0.5860	-2.0617
-0.2781	-0.5136	0.5840	-2.0670
-0.2795	-0.5105	0.5820	-2.0717
-0.2809	-0.5074	0.5800	-2.0763
-0.2822	-0.5044	0.5780	-2.0809
-0.2836	-0.5013	0.5760	-2.0856
-0.2859	-0.5000	0.5760	-2.0902
-0.2873	-0.4969	0.5740	-2.0949
-0.2896	-0.4956	0.5740	-2.0995
-0.2908	-0.4926	0.5720	-2.1041
-0.2926	-0.4892	0.5700	-2.1099
-0.2949	-0.4878	0.5700	-2.1145
-0.2961	-0.4847	0.5680	-2.1192
-0.2973	-0.4816	0.5660	-2.1238
-0.2984	-0.4786	0.5640	-2.1284
-0.3007	-0.4772	0.5640	-2.1331
-0.3018	-0.4741	0.5620	-2.1377
-0.3040	-0.4727	0.5620	-2.1423
-0.3051	-0.4696	0.5600	-2.1470
-0.3067	-0.4661	0.5580	-2.1528
-0.3089	-0.4647	0.5580	-2.1574
-0.3099	-0.4616	0.5560	-2.1620
-0.3120	-0.4602	0.5560	-2.1667
-0.3130	-0.4571	0.5540	-2.1713
-0.3140	-0.4540	0.5520	-2.1759
-0.3150	-0.4509	0.5500	-2.1806
-0.3182	-0.4511	0.5520	-2.1852
-0.3203	-0.4496	0.5520	-2.1898
-0.3212	-0.4465	0.5500	-2.1945
-0.3221	-0.4434	0.5480	-2.1991
-0.3241	-0.4419	0.5480	-2.2037
-0.3255	-0.4384	0.5460	-2.2094
-0.3263	-0.4353	0.5440	-2.2141
-0.3283	-0.4338	0.5440	-2.2187
-0.3303	-0.4322	0.5440	-2.2233
-0.3311	-0.4291	0.5420	-2.2280
-0.3330	-0.4277	0.5420	-2.2323
-0.3336	-0.4246	0.5400	-2.2367
-0.3354	-0.4232	0.5400	-2.2411
-0.3362	-0.4200	0.5380	-2.2457
-0.3380	-0.4186	0.5380	-2.2501
-0.3386	-0.4155	0.5360	-2.2545
-0.3404	-0.4141	0.5360	-2.2588
-0.3413	-0.4107	0.5340	-2.2643
-0.3441	-0.4110	0.5360	-2.2678
-0.3450	-0.4076	0.5340	-2.2733
-0.3455	-0.4046	0.5320	-2.2776
-0.3473	-0.4030	0.5320	-2.2820
-0.3490	-0.4015	0.5320	-2.2863
-0.3496	-0.3984	0.5300	-2.2910
-0.3513	-0.3969	0.5300	-2.2953
-0.3530	-0.3953	0.5300	-2.2997
-0.3534	-0.3923	0.5280	-2.3040
-0.3552	-0.3906	0.5280	-2.3087
-0.3569	-0.3891	0.5280	-2.3131
-0.3573	-0.3861	0.5260	-2.3175
-0.3589	-0.3845	0.5260	-2.3218
-0.3607	-0.3829	0.5260	-2.3264
-0.3624	-0.3813	0.5260	-2.3308
-0.3626	-0.3783	0.5240	-2.3351
-0.3643	-0.3767	0.5240	-2.3395
-0.3659	-0.3750	0.5240	-2.3439
-0.3666	-0.3716	0.5220	-2.3493
-0.3683	-0.3699	0.5220	-2.3540
-0.3699	-0.3683	0.5220	-2.3583
-0.3715	-0.3667	0.5220	-2.3627
-0.3717	-0.3637	0.5200	-2.3670
-0.3734	-0.3619	0.5200	-2.3717
-0.3749	-0.3603	0.5200	-2.3760
-0.3765	-0.3587	0.5200	-2.3805
-0.3766	-0.3557	0.5180	-2.3848
-0.3783	-0.3539	0.5180	-2.3895
-0.3798	-0.3523	0.5180	-2.3938
-0.3813	-0.3506	0.5180	-2.3982
-0.3828	-0.3489	0.5180	-2.4025
-0.3829	-0.3459	0.5160	-2.4069
-0.3845	-0.3441	0.5160	-2.4115
-0.3860	-0.3425	0.5160	-2.4158
-0.3875	-0.3408	0.5160	-2.4202
-0.3889	-0.3391	0.5160	-2.4246
-0.3905	-0.3373	0.5160	-2.4293
-0.3905	-0.3343	0.5140	-2.4336
-0.3919	-0.3325	0.5140	-2.4380
-0.3934	-0.3309	0.5140	-2.4423
-0.3949	-0.3290	0.5140	-2.4470
-0.3963	-0.3273	0.5140	-2.4513
-0.3978	-0.3255	0.5140	-2.4557
-0.3992	-0.3238	0.5140	-2.4600
-0.3994	-0.3204	0.5120	-2.4655
-0.4021	-0.3202	0.5140	-2.4690
-0.4035	-0.3184	0.5140	-2.4734
-0.4048	-0.3167	0.5140	-2.4778
-0.4050	-0.3133	0.5120	-2.4832
-0.4064	-0.3115	0.5120	-2.4876
-0.4078	-0.3096	0.5120	-2.4922
-0.4091	-0.3078	0.5120	-2.4966
-0.4105	-0.3060	0.5120	-2.5010
-0.4118	-0.3042	0.5120	-2.5053
-0.4132	-0.3023	0.5120	-2.5100
-0.4145	-0.3005	0.5120	-2.5143
-0.4158	-0.2987	0.5120	-2.5187
-0.4171	-0.2969	0.5120	-2.5230
-0.4169	-0.2938	0.5100	-2.5277
-0.4198	-0.2931	0.5120	-2.5320
-0.4211	-0.2913	0.5120	-2.5364
-0.4223	-0.2895	0.5120	-2.5408
-0.4236	-0.2876	0.5120	-2.5452
-0.4241	-0.2851	0.5110	-2.5498
-0.4262	-0.2838	0.5120	-2.5542
-0.4274	-0.2819	0.5120	-2.5585
-0.4286	-0.2800	0.5120	-2.5629
-0.4282	-0.2770	0.5100	-2.5675
-0.4294	-0.2751	0.5100	-2.5718
-0.4323	-0.2743	0.5120	-2.5762
-0.4350	-0.2738	0.5140	-2.5798
-0.4348	-0.2704	0.5120	-2.5852
-0.4359	-0.2685	0.5120	-2.5896
-0.4371	-0.2666	0.5120	-2.5940
-0.4383	-0.2647	0.5120	-2.5983
-0.4395	-0.2626	0.5120	-2.6030
-0.4406	-0.2607	0.5120	-2.6073
-0.4418	-0.2588	0.5120	-2.6117
-0.4429	-0.2569	0.5120	-2.6160
-0.4441	-0.2548	0.5120	-2.6207
-0.4452	-0.2529	0.5120	-2.6250
-0.4478	-0.2524	0.5140	-2.6283
-0.4489	-0.2503	0.5140	-2.6330
-0.4500	-0.2484	0.5140	-2.6373
-0.4511	-0.2464	0.5140	-2.6417
-0.4522	-0.2444	0.5140	-2.6460
-0.4533	-0.2423	0.5140	-2.6507
-0.4561	-0.2413	0.5160	-2.6550
-0.4572	-0.2392	0.5160	-2.6596
-0.4583	-0.2370	0.5160	-2.6643
-0.4594	-0.2349	0.5160	-2.6689
-0.4605	-0.2329	0.5160	-2.6733
-0.4633	-0.2317	0.5180	-2.6779
-0.4644	-0.2295	0.5180	-2.6825
-0.4654	-0.2273	0.5180	-2.6872
-0.4665	-0.2252	0.5180	-2.6918
-0.4675	-0.2230	0.5180	-2.6965
-0.4686	-0.2208	0.5180	-2.7011
-0.4714	-0.2195	0.5200	-2.7058
-0.4724	-0.2174	0.5200	-2.7102
-0.4733	-0.2153	0.5200	-2.7148
-0.4743	-0.2131	0.5200	-2.7194
-0.4753	-0.2109	0.5200	-2.7241
-0.4781	-0.2095	0.5220	-2.7287
-0.4791	-0.2073	0.5220	-2.7333
-0.4801	-0.2050	0.5220	-2.7380
-0.4826	-0.2041	0.5240	-2.7415
-0.4836	-0.2019	0.5240	-2.7461
-0.4845	-0.1996	0.5240	-2.7507
-0.4854	-0.1974	0.5240	-2.7554
-0.4881	-0.1960	0.5260	-2.7597
-0.4890	-0.1937	0.5260	-2.7644
-0.4899	-0.1915	0.5260	-2.7690
-0.4927	-0.1899	0.5280	-2.7736
-0.4935	-0.1876	0.5280	-2.7783
-0.4944	-0.1853	0.5280	-2.7829
-0.4971	-0.1838	0.5300	-2.7875
-0.4980	-0.1814	0.5300	-2.7922
-0.5006	-0.1799	0.5320	-2.7965
-0.5015	-0.1776	0.5320	-2.8012
-0.5023	-0.1753	0.5320	-2.8058
-0.5031	-0.1730	0.5320	-2.8104
-0.5058	-0.1712	0.5340	-2.8151
-0.5066	-0.1689	0.5340	-2.8197
-0.5091	-0.1677	0.5360	-2.8233
-0.5098	-0.1654	0.5360	-2.8279
-0.5125	-0.1636	0.5380	-2.8326
-0.5133	-0.1612	0.5380	-2.8372
-0.5140	-0.1589	0.5380	-2.8418
-0.5166	-0.1572	0.5400	-2.8462
-0.5173	-0.1548	0.5400	-2.8508
-0.5200	-0.1530	0.5420	-2.8555
-0.5207	-0.1506	0.5420	-2.8601
-0.5214	-0.1482	0.5420	-2.8647
-0.5240	-0.1462	0.5440	-2.8694
-0.5246	-0.1438	0.5440	-2.8740
-0.5272	-0.1419	0.5460	-2.8786
-0.5278	-0.1396	0.5460	-2.8830
-0.5303	-0.1381	0.5480	-2.8869
-0.5309	-0.1356	0.5480	-2.8915
-0.5335	-0.1338	0.5500	-2.8959
-0.5341	-0.1313	0.5500	-2.9005
-0.5366	-0.1293	0.5520	-2.9051
-0.5372	-0.1268	0.5520	-2.9098
-0.5398	-0.1248	0.5540	-2.9144
-0.5423	-0.1228	0.5560	-2.9190
-0.5429	-0.1202	0.5560	-2.9237
-0.5454	-0.1181	0.5580	-2.9283
-0.5469	-0.1107	0.5580	-2.9419
-0.5341	-0.0923	0.5420	-2.9706
-0.5247	-0.0875	0.5320	-2.9763
-0.5192	-0.0843	0.5260	-2.9806
-0.5157	-0.0807	0.5220	-2.9864
-0.5102	-0.0774	0.5160	-2.9910
-0.5056	-0.0739	0.5110	-2.9964
-0.5010	-0.0708	0.5060	-3.0011
-0.4965	-0.0673	0.5010	-3.0068
-0.4918	-0.0645	0.4960	-3.0112
-0.4872	-0.0610	0.4910	-3.0170
-0.4835	-0.0583	0.4870	-3.0216
-0.4788	-0.0551	0.4820	-3.0270
-0.4741	-0.0523	0.4770	-3.0316
-0.4704	-0.0497	0.4730	-3.0363
-0.4667	-0.0468	0.4690	-3.0417
-0.5175	-0.0509	0.5200	-3.0436
-0.4629	-0.0442	0.4650	-3.0464
-0.5177	-0.0486	0.5200	-3.0480
-0.5199	-0.0464	0.5220	-3.0526
-0.5201	-0.0439	0.5220	-3.0573
-0.5203	-0.0415	0.5220	-3.0619
-0.5225	-0.0399	0.5240	-3.0655
-0.5227	-0.0374	0.5240	-3.0701
-0.5228	-0.0350	0.5240	-3.0748
-0.5250	-0.0329	0.5260	-3.0791
-0.5251	-0.0304	0.5260	-3.0837
-0.5253	-0.0280	0.5260	-3.0884
-0.5274	-0.0257	0.5280	-3.0930
-0.5275	-0.0232	0.5280	-3.0977
-0.5276	-0.0209	0.5280	-3.1020
-0.5297	-0.0185	0.5300	-3.1066
-0.5298	-0.0161	0.5300	-3.1113
-0.5318	-0.0137	0.5320	-3.1159
-0.5319	-0.0112	0.5320	-3.1205
-0.5319	-0.0087	0.5320	-3.1252
-0.5320	-0.0064	0.5320	-3.1295
-0.5340	-0.0039	0.5340	-3.1342
-0.5340	-0.0015	0.5340	-3.1388
