x	y	r	phi
-0.6120	0.0008	0.6120	3.1403
-0.6180	0.0027	0.6180	3.1373
-0.6220	0.0051	0.6220	3.1334
-0.6260	0.0075	0.6260	3.1296
-0.6299	0.0101	0.6300	3.1256
-0.6339	0.0121	0.6340	3.1225
-0.6398	0.0146	0.6400	3.1188
-0.6438	0.0172	0.6440	3.1149
-0.6497	0.0193	0.6500	3.1119
-0.6536	0.0221	0.6540	3.1078
-0.6595	0.0248	0.6600	3.1040
-0.6634	0.0277	0.6640	3.0999
-0.6673	0.0296	0.6680	3.0972
-0.6732	0.0327	0.6740	3.0931
-0.6791	0.0356	0.6800	3.0892
-0.6850	0.0379	0.6860	3.0863
-0.6908	0.0409	0.6920	3.0824
-0.6946	0.0439	0.6960	3.0784
-0.7004	0.0470	0.7020	3.0746
-0.7063	0.0496	0.7080	3.0715
-0.7120	0.0529	0.7140	3.0675
-0.7178	0.0561	0.7200	3.0636
-0.7236	0.0587	0.7260	3.0607
-0.7294	0.0620	0.7320	3.0568
-0.7351	0.0655	0.7380	3.0527
-0.7408	0.0690	0.7440	3.0487
-0.7465	0.0719	0.7500	3.0456
-0.7542	0.0757	0.7580	3.0416
-0.7599	0.0794	0.7640	3.0375
-0.7656	0.0825	0.7700	3.0342
-0.7732	0.0866	0.7780	3.0301
-0.7831	0.1041	0.7900	3.0094
-0.7907	0.1075	0.7980	3.0064
-0.7878	0.1138	0.7960	2.9982
-0.7854	0.1167	0.7940	2.9941
-0.7828	0.1204	0.7920	2.9890
-0.7823	0.1236	0.7920	2.9848
-0.7798	0.1265	0.7900	2.9807
-0.7773	0.1294	0.7880	2.9767
-0.7768	0.1326	0.7880	2.9726
-0.7762	0.1360	0.7880	2.9682
-0.7737	0.1388	0.7860	2.9641
-0.7731	0.1419	0.7860	2.9600
-0.7705	0.1448	0.7840	2.9559
-0.7680	0.1475	0.7820	2.9519
-0.7674	0.1506	0.7820	2.9477
-0.7648	0.1534	0.7800	2.9436
-0.7641	0.1565	0.7800	2.9396
-0.7635	0.1596	0.7800	2.9355
-0.7609	0.1624	0.7780	2.9313
-0.7602	0.1654	0.7780	2.9273
-0.7575	0.1684	0.7760	2.9229
-0.7549	0.1710	0.7740	2.9189
-0.7542	0.1741	0.7740	2.9148
-0.7534	0.1772	0.7740	2.9106
-0.7508	0.1797	0.7720	2.9066
-0.7500	0.1828	0.7720	2.9025
-0.7473	0.1854	0.7700	2.8984
-0.7466	0.1885	0.7700	2.8943
-0.7458	0.1915	0.7700	2.8902
-0.7429	0.1949	0.7680	2.8850
-0.7421	0.1979	0.7680	2.8809
-0.7412	0.2009	0.7680	2.8769
-0.7385	0.2035	0.7660	2.8728
-0.7357	0.2060	0.7640	2.8686
-0.7349	0.2089	0.7640	2.8646
-0.7340	0.2122	0.7640	2.8602
-0.7331	0.2152	0.7640	2.8561
-0.7322	0.2181	0.7640	2.8521
-0.7294	0.2206	0.7620	2.8479
-0.7285	0.2236	0.7620	2.8438
-0.7256	0.2259	0.7600	2.8398
-0.7247	0.2289	0.7600	2.8357
-0.7238	0.2319	0.7600	2.8315
-0.7209	0.2342	0.7580	2.8275
-0.7199	0.2371	0.7580	2.8234
-0.7190	0.2401	0.7580	2.8193
-0.7160	0.2426	0.7560	2.8150
-0.7150	0.2455	0.7560	2.8108
-0.7140	0.2484	0.7560	2.8068
-0.7130	0.2513	0.7560	2.8027
-0.7101	0.2536	0.7540	2.7986
-0.7090	0.2565	0.7540	2.7945
-0.7080	0.2594	0.7540	2.7904
-0.7050	0.2616	0.7520	2.7863
-0.7040	0.2644	0.7520	2.7823
-0.7029	0.2673	0.7520	2.7781
-0.7018	0.2702	0.7520	2.7740
-0.7006	0.2733	0.7520	2.7697
-0.6976	0.2754	0.7500	2.7656
-0.6965	0.2783	0.7500	2.7615
-0.6953	0.2811	0.7500	2.7574
-0.6923	0.2832	0.7480	2.7533
-0.6911	0.2860	0.7480	2.7492
-0.6900	0.2888	0.7480	2.7452
-0.6888	0.2917	0.7480	2.7410
-0.6876	0.2945	0.7480	2.7369
-0.6864	0.2973	0.7480	2.7329
-0.6851	0.3003	0.7480	2.7285
-0.6820	0.3023	0.7460	2.7243
-0.6826	0.3059	0.7480	2.7203
-0.6813	0.3087	0.7480	2.7162
-0.6782	0.3107	0.7460	2.7121
-0.6770	0.3134	0.7460	2.7081
-0.6735	0.3160	0.7440	2.7029
-0.6744	0.3190	0.7460	2.6998
-0.6731	0.3217	0.7460	2.6958
-0.6696	0.3243	0.7440	2.6906
-0.6683	0.3270	0.7440	2.6865
-0.6669	0.3298	0.7440	2.6824
-0.6656	0.3325	0.7440	2.6783
-0.6642	0.3352	0.7440	2.6742
-0.6628	0.3379	0.7440	2.6701
-0.6614	0.3408	0.7440	2.6658
-0.6599	0.3435	0.7440	2.6616
-0.6568	0.3453	0.7420	2.6576
-0.6554	0.3480	0.7420	2.6535
-0.6557	0.3516	0.7440	2.6494
-0.6543	0.3542	0.7440	2.6453
-0.6510	0.3560	0.7420	2.6412
-0.6496	0.3587	0.7420	2.6371
-0.6499	0.3622	0.7440	2.6331
-0.6484	0.3649	0.7440	2.6290
-0.6451	0.3666	0.7420	2.6248
-0.6436	0.3692	0.7420	2.6208
-0.6438	0.3728	0.7440	2.6167
-0.6406	0.3745	0.7420	2.6126
-0.6391	0.3771	0.7420	2.6085
-0.6375	0.3797	0.7420	2.6044
-0.6376	0.3833	0.7440	2.6003
-0.6361	0.3859	0.7440	2.5963
-0.6345	0.3885	0.7440	2.5921
-0.6329	0.3911	0.7440	2.5880
-0.6313	0.3937	0.7440	2.5840
-0.6297	0.3963	0.7440	2.5799
-0.6280	0.3989	0.7440	2.5757
-0.6264	0.4014	0.7440	2.5717
-0.6248	0.4040	0.7440	2.5676
-0.6231	0.4066	0.7440	2.5635
-0.6215	0.4091	0.7440	2.5594
-0.6198	0.4116	0.7440	2.5553
-0.6181	0.4142	0.7440	2.5512
-0.6184	0.4173	0.7460	2.5479
-0.6166	0.4199	0.7460	2.5438
-0.6149	0.4223	0.7460	2.5398
-0.6132	0.4249	0.7460	2.5357
-0.6114	0.4274	0.7460	2.5315
-0.6113	0.4310	0.7480	2.5275
-0.6096	0.4335	0.7480	2.5234
-0.6078	0.4360	0.7480	2.5193
-0.6060	0.4385	0.7480	2.5152
-0.6042	0.4410	0.7480	2.5111
-0.6024	0.4434	0.7480	2.5070
-0.6006	0.4459	0.7480	2.5030
-0.6003	0.4495	0.7500	2.4989
-0.5985	0.4520	0.7500	2.4947
-0.5967	0.4544	0.7500	2.4907
-0.5948	0.4569	0.7500	2.4866
-0.5929	0.4593	0.7500	2.4825
-0.5926	0.4629	0.7520	2.4784
-0.5907	0.4654	0.7520	2.4743
-0.5888	0.4678	0.7520	2.4702
-0.5869	0.4702	0.7520	2.4662
-0.5849	0.4726	0.7520	2.4620
-0.5845	0.4763	0.7540	2.4579
-0.5826	0.4786	0.7540	2.4539
-0.5806	0.4810	0.7540	2.4498
-0.5787	0.4834	0.7540	2.4456
-0.5782	0.4870	0.7560	2.4416
-0.5762	0.4894	0.7560	2.4375
-0.5742	0.4918	0.7560	2.4334
-0.5737	0.4954	0.7580	2.4293
-0.5732	0.4991	0.7600	2.4252
-0.5696	0.5001	0.7580	2.4211
-0.5676	0.5024	0.7580	2.4171
-0.5670	0.5061	0.7600	2.4130
-0.5649	0.5084	0.7600	2.4088
-0.5629	0.5107	0.7600	2.4048
-0.5622	0.5143	0.7620	2.4007
-0.5616	0.5180	0.7640	2.3966
-0.5580	0.5189	0.7620	2.3925
-0.5573	0.5225	0.7640	2.3884
-0.5552	0.5248	0.7640	2.3843
-0.5529	0.5272	0.7640	2.3800
-0.5522	0.5309	0.7660	2.3758
-0.5500	0.5331	0.7660	2.3718
-0.5493	0.5368	0.7680	2.3677
-0.5471	0.5390	0.7680	2.3636
-0.5449	0.5412	0.7680	2.3595
-0.5446	0.5443	0.7700	2.3565
-0.5424	0.5465	0.7700	2.3525
-0.5416	0.5502	0.7720	2.3483
-0.5393	0.5524	0.7720	2.3442
-0.5371	0.5546	0.7720	2.3402
-0.5362	0.5582	0.7740	2.3361
-0.5339	0.5604	0.7740	2.3319
-0.5330	0.5640	0.7760	2.3279
-0.5320	0.5677	0.7780	2.3238
-0.5283	0.5684	0.7760	2.3197
-0.5274	0.5720	0.7780	2.3156
-0.5264	0.5756	0.7800	2.3115
-0.5240	0.5778	0.7800	2.3074
-0.5217	0.5799	0.7800	2.3034
-0.5206	0.5835	0.7820	2.2992
-0.5182	0.5857	0.7820	2.2951
-0.5171	0.5893	0.7840	2.2911
-0.5160	0.5929	0.7860	2.2870
-0.5136	0.5950	0.7860	2.2829
-0.5125	0.5986	0.7880	2.2788
-0.5113	0.6022	0.7900	2.2747
-0.5088	0.6043	0.7900	2.2706
-0.5062	0.6065	0.7900	2.2663
-0.5051	0.6100	0.7920	2.2624
-0.5046	0.6130	0.7940	2.2595
-0.5022	0.6150	0.7940	2.2556
-0.5010	0.6186	0.7960	2.2515
-0.4986	0.6205	0.7960	2.2477
-0.4973	0.6241	0.7980	2.2436
-0.4949	0.6260	0.7980	2.2398
-0.4936	0.6296	0.8000	2.2357
-0.4924	0.6331	0.8020	2.2318
-0.4911	0.6366	0.8040	2.2278
-0.4886	0.6385	0.8040	2.2240
-0.4860	0.6405	0.8040	2.2199
-0.4847	0.6440	0.8060	2.2160
-0.4833	0.6475	0.8080	2.2120
-0.4820	0.6510	0.8100	2.2082
-0.4793	0.6529	0.8100	2.2040
-0.4780	0.6564	0.8120	2.2002
-0.4754	0.6583	0.8120	2.1962
-0.4740	0.6618	0.8140	2.1923
-0.4724	0.6653	0.8160	2.1882
-0.4727	0.6700	0.8200	2.1853
-0.4702	0.6718	0.8200	2.1814
-0.4686	0.6754	0.8220	2.1774
-0.4671	0.6788	0.8240	2.1736
-0.4643	0.6807	0.8240	2.1694
-0.4628	0.6841	0.8260	2.1656
-0.4601	0.6860	0.8260	2.1616
-0.4586	0.6894	0.8280	2.1577
-0.4568	0.6930	0.8300	2.1536
-0.4552	0.6964	0.8320	2.1498
-0.4535	0.6999	0.8340	2.1458
-0.4519	0.7033	0.8360	2.1419
-0.4490	0.7052	0.8360	2.1378
-0.4474	0.7086	0.8380	2.1340
-0.4428	0.7138	0.8400	2.1261
-0.4236	0.7137	0.8300	2.1064
-0.4176	0.7103	0.8240	2.1023
-0.4129	0.7085	0.8200	2.0985
-0.4064	0.7053	0.8140	2.0936
-0.3996	0.7000	0.8060	2.0896
-0.3940	0.6963	0.8000	2.0857
-0.3892	0.6944	0.7960	2.0816
-0.3828	0.6910	0.7900	2.0767
-0.3771	0.6873	0.7840	2.0726
-0.3716	0.6835	0.7780	2.0688
-0.3671	0.6814	0.7740	2.0650
-0.3625	0.6794	0.7700	2.0609
-0.3563	0.6758	0.7640	2.0560
-0.3517	0.6737	0.7600	2.0519
-0.3473	0.6715	0.7560	2.0481
-0.3418	0.6676	0.7500	2.0440
-0.3375	0.6653	0.7460	2.0402
-0.3315	0.6616	0.7400	2.0353
-0.3270	0.6594	0.7360	2.0312
-0.3227	0.6570	0.7320	2.0273
-0.3182	0.6548	0.7280	2.0232
-0.3141	0.6523	0.7240	2.0195
-0.3082	0.6485	0.7180	2.0145
-0.3039	0.6461	0.7140	2.0105
-0.2997	0.6436	0.7100	2.0066
-0.2954	0.6412	0.7060	2.0025
-0.2921	0.6405	0.7040	1.9987
-0.2865	0.6365	0.6980	1.9938
-0.2823	0.6340	0.6940	1.9898
-0.2783	0.6314	0.6900	1.9859
-0.2741	0.6289	0.6860	1.9818
-0.2694	0.6265	0.6820	1.9769
-0.2662	0.6257	0.6800	1.9731
-0.2613	0.6213	0.6740	1.9690
-0.2575	0.6186	0.6700	1.9652
-0.2534	0.6159	0.6660	1.9611
-0.2496	0.6153	0.6640	1.9562
-0.2458	0.6125	0.6600	1.9524
-0.2418	0.6098	0.6560	1.9483
-0.2387	0.6089	0.6540	1.9444
-0.2348	0.6061	0.6500	1.9404
-0.2304	0.6035	0.6460	1.9355
-0.2274	0.6025	0.6440	1.9317
-0.2235	0.5997	0.6400	1.9275
-0.2198	0.5968	0.6360	1.9237
-0.2167	0.5958	0.6340	1.9197
-0.2138	0.5947	0.6320	1.9158
-0.2095	0.5920	0.6280	1.9110
-0.2064	0.5910	0.6260	1.9068
-0.2029	0.5880	0.6220	1.9030
-0.1998	0.5869	0.6200	1.8989
-0.1963	0.5839	0.6160	1.8951
-0.1928	0.5830	0.6140	1.8902
-0.1892	0.5799	0.6100	1.8861
-0.1863	0.5787	0.6080	1.8823
-0.1833	0.5776	0.6060	1.8782
-0.1804	0.5764	0.6040	1.8741
-0.1769	0.5733	0.6000	1.8700
-0.1735	0.5723	0.5980	1.8651
-0.1705	0.5711	0.5960	1.8610
-0.1671	0.5679	0.5920	1.8569
-0.1642	0.5667	0.5900	1.8529
-0.1613	0.5654	0.5880	1.8487
-0.1585	0.5642	0.5860	1.8446
-0.1550	0.5631	0.5840	1.8394
-0.1522	0.5617	0.5820	1.8354
-0.1489	0.5585	0.5780	1.8313
-0.1461	0.5572	0.5760	1.8272
-0.1433	0.5558	0.5740	1.8231
-0.1405	0.5545	0.5720	1.8190
-0.1372	0.5532	0.5700	1.8138
-0.1344	0.5519	0.5680	1.8097
-0.1317	0.5505	0.5660	1.8057
-0.1290	0.5490	0.5640	1.8016
-0.1263	0.5476	0.5620	1.7974
-0.1236	0.5462	0.5600	1.7934
-0.1205	0.5448	0.5580	1.7884
-0.1179	0.5434	0.5560	1.7844
-0.1152	0.5419	0.5540	1.7803
-0.1126	0.5404	0.5520	1.7762
-0.1104	0.5408	0.5520	1.7721
-0.1078	0.5393	0.5500	1.7680
-0.1042	0.5360	0.5460	1.7628
-0.1020	0.5364	0.5460	1.7587
-0.0995	0.5348	0.5440	1.7547
-0.0966	0.5313	0.5400	1.7506
-0.0940	0.5297	0.5380	1.7464
-0.0915	0.5281	0.5360	1.7424
-0.0886	0.5266	0.5340	1.7374
-0.0861	0.5250	0.5320	1.7334
-0.0836	0.5234	0.5300	1.7293
-0.0815	0.5237	0.5300	1.7252
-0.0791	0.5220	0.5280	1.7211
-0.0766	0.5204	0.5260	1.7170
-0.0745	0.5207	0.5260	1.7129
-0.0721	0.5190	0.5240	1.7089
-0.0692	0.5174	0.5220	1.7037
-0.0668	0.5157	0.5200	1.6996
-0.0644	0.5140	0.5180	1.6954
-0.0623	0.5142	0.5180	1.6914
-0.0600	0.5125	0.5160	1.6873
-0.0576	0.5108	0.5140	1.6832
-0.0556	0.5110	0.5140	1.6791
-0.0529	0.5093	0.5120	1.6742
-0.0506	0.5075	0.5100	1.6701
-0.0485	0.5077	0.5100	1.6660
-0.0463	0.5059	0.5080	1.6620
-0.0441	0.5051	0.5070	1.6578
-0.0420	0.5053	0.5070	1.6537
-0.0398	0.5034	0.5050	1.6497
-0.0375	0.5006	0.5020	1.6456
-0.0348	0.4998	0.5010	1.6404
-0.0327	0.4989	0.5000	1.6363
-0.0306	0.4981	0.4990	1.6322
-0.0285	0.4972	0.4980	1.6281
-0.0264	0.4963	0.4970	1.6240
-0.0243	0.4944	0.4950	1.6199
-0.0223	0.4935	0.4940	1.6159
-0.0201	0.4916	0.4920	1.6117
-0.0176	0.4907	0.4910	1.6066
-0.0155	0.4898	0.4900	1.6024
-0.0135	0.4888	0.4890	1.5984
-0.0115	0.4879	0.4880	1.5943
-0.0094	0.4869	0.4870	1.5902
-0.0074	0.4849	0.4850	1.5861
-0.0054	0.4840	0.4840	1.5820
-0.0034	0.4830	0.4830	1.5779
-0.0011	0.4820	0.4820	1.5730
0.0009	0.4810	0.4810	1.5690
0.0029	0.4810	0.4810	1.5649
0.0048	0.4790	0.4790	1.5607
0.0067	0.4770	0.4770	1.5567
0.0087	0.4769	0.4770	1.5526
0.0106	0.4759	0.4760	1.5485
0.0125	0.4738	0.4740	1.5444
0.0144	0.4738	0.4740	1.5403
0.0164	0.4727	0.4730	1.5362
0.0188	0.4716	0.4720	1.5310
0.0206	0.4705	0.4710	1.5270
0.0225	0.4695	0.4700	1.5229
0.0244	0.4684	0.4690	1.5187
0.0262	0.4663	0.4670	1.5147
0.0281	0.4662	0.4670	1.5106
0.0301	0.4670	0.4680	1.5065
0.0319	0.4659	0.4670	1.5024
0.0337	0.4638	0.4650	1.4983
0.0358	0.4616	0.4630	1.4934
0.0376	0.4605	0.4620	1.4893
0.0396	0.4613	0.4630	1.4852
0.0413	0.4591	0.4610	1.4812
0.0431	0.4580	0.4600	1.4770
0.0450	0.4578	0.4600	1.4729
0.0468	0.4576	0.4600	1.4689
0.0486	0.4554	0.4580	1.4645
0.0504	0.4542	0.4570	1.4603
0.0521	0.4530	0.4560	1.4563
0.0542	0.4518	0.4550	1.4514
0.0559	0.4505	0.4540	1.4473
0.0578	0.4503	0.4540	1.4432
0.0596	0.4491	0.4530	1.4389
0.0614	0.4488	0.4530	1.4348
0.0631	0.4476	0.4520	1.4306
0.0650	0.4473	0.4520	1.4266
0.0669	0.4480	0.4530	1.4225
0.0685	0.4458	0.4510	1.4184
0.0700	0.4435	0.4490	1.4143
0.0716	0.4422	0.4480	1.4102
0.0738	0.4409	0.4470	1.4050
0.0752	0.4386	0.4450	1.4009
0.0768	0.4373	0.4440	1.3969
0.0786	0.4370	0.4440	1.3928
0.0804	0.4367	0.4440	1.3886
0.0820	0.4353	0.4430	1.3846
0.0838	0.4350	0.4430	1.3805
0.0856	0.4347	0.4430	1.3764
0.0871	0.4333	0.4420	1.3723
0.0887	0.4320	0.4410	1.3682
0.0905	0.4316	0.4410	1.3641
0.0927	0.4332	0.4430	1.3601
0.0946	0.4328	0.4430	1.3557
0.0961	0.4314	0.4420	1.3516
0.0974	0.4291	0.4400	1.3475
0.0991	0.4266	0.4380	1.3426
0.1004	0.4243	0.4360	1.3385
0.1017	0.4219	0.4340	1.3342
0.1035	0.4215	0.4340	1.3301
0.1057	0.4230	0.4360	1.3259
0.1079	0.4245	0.4380	1.3219
0.1096	0.4241	0.4380	1.3178
0.1111	0.4226	0.4370	1.3137
0.1123	0.4202	0.4350	1.3096
0.1133	0.4169	0.4320	1.3055
0.1149	0.4144	0.4300	1.3003
0.1163	0.4129	0.4290	1.2962
0.1180	0.4124	0.4290	1.2921
0.1200	0.4129	0.4300	1.2881
0.1218	0.4145	0.4320	1.2851
0.1237	0.4149	0.4330	1.2810
0.1256	0.4144	0.4330	1.2766
0.1269	0.4129	0.4320	1.2725
0.1289	0.4134	0.4330	1.2684
0.1306	0.4128	0.4330	1.2643
0.1321	0.4103	0.4310	1.2594
0.1331	0.4078	0.4290	1.2553
0.1346	0.4063	0.4280	1.2510
0.1359	0.4048	0.4270	1.2468
0.1369	0.4023	0.4250	1.2428
0.1386	0.4018	0.4250	1.2387
0.1402	0.4012	0.4250	1.2346
0.1418	0.4006	0.4250	1.2305
0.1431	0.3991	0.4240	1.2264
0.1451	0.3995	0.4250	1.2223
0.1471	0.3998	0.4260	1.2183
0.1487	0.3992	0.4260	1.2141
0.1500	0.3976	0.4250	1.2100
0.1516	0.3970	0.4250	1.2060
0.1533	0.3964	0.4250	1.2019
0.1549	0.3958	0.4250	1.1978
0.1566	0.3951	0.4250	1.1934
0.1579	0.3935	0.4240	1.1893
0.1595	0.3929	0.4240	1.1852
0.1611	0.3922	0.4240	1.1812
0.1627	0.3916	0.4240	1.1770
0.1643	0.3909	0.4240	1.1729
0.1659	0.3902	0.4240	1.1689
0.1675	0.3895	0.4240	1.1648
0.1691	0.3888	0.4240	1.1606
0.1706	0.3882	0.4240	1.1566
0.1722	0.3874	0.4240	1.1525
0.1734	0.3847	0.4220	1.1473
0.1750	0.3840	0.4220	1.1432
0.1765	0.3833	0.4220	1.1392
0.1777	0.3817	0.4210	1.1350
0.1793	0.3809	0.4210	1.1309
0.1808	0.3802	0.4210	1.1269
0.1824	0.3795	0.4210	1.1228
0.1839	0.3787	0.4210	1.1187
0.1855	0.3780	0.4210	1.1146
0.1871	0.3771	0.4210	1.1102
0.1886	0.3764	0.4210	1.1062
0.1897	0.3747	0.4200	1.1021
0.1913	0.3739	0.4200	1.0979
0.1932	0.3740	0.4210	1.0939
0.1948	0.3732	0.4210	1.0898
0.1963	0.3724	0.4210	1.0857
0.1973	0.3707	0.4200	1.0816
0.1989	0.3699	0.4200	1.0775
0.2004	0.3691	0.4200	1.0734
0.2024	0.3692	0.4210	1.0694
0.2038	0.3684	0.4210	1.0655
0.2048	0.3667	0.4200	1.0614
0.2063	0.3658	0.4200	1.0573
0.2077	0.3651	0.4200	1.0536
0.2092	0.3642	0.4200	1.0494
0.2107	0.3633	0.4200	1.0453
0.2121	0.3625	0.4200	1.0415
0.2135	0.3617	0.4200	1.0375
0.2149	0.3608	0.4200	1.0336
0.2164	0.3600	0.4200	1.0295
0.2179	0.3591	0.4200	1.0255
0.2198	0.3591	0.4210	1.0216
0.2212	0.3582	0.4210	1.0175
0.2226	0.3573	0.4210	1.0137
0.2235	0.3556	0.4200	1.0096
0.2255	0.3555	0.4210	1.0055
0.2269	0.3546	0.4210	1.0017
0.2283	0.3537	0.4210	0.9976
0.2296	0.3528	0.4210	0.9938
0.2311	0.3519	0.4210	0.9897
0.2326	0.3509	0.4210	0.9856
0.2345	0.3509	0.4220	0.9817
0.2359	0.3499	0.4220	0.9777
0.2372	0.3490	0.4220	0.9739
0.2381	0.3472	0.4210	0.9698
0.2400	0.3471	0.4220	0.9657
0.2414	0.3462	0.4220	0.9619
0.2434	0.3460	0.4230	0.9578
0.2447	0.3450	0.4230	0.9539
0.2461	0.3441	0.4230	0.9499
0.2475	0.3430	0.4230	0.9458
0.2491	0.3431	0.4240	0.9428
0.2504	0.3422	0.4240	0.9390
0.2518	0.3411	0.4240	0.9349
0.2531	0.3401	0.4240	0.9310
0.2545	0.3391	0.4240	0.9270
0.2565	0.3389	0.4250	0.9229
0.2584	0.3387	0.4260	0.9190
0.2598	0.3376	0.4260	0.9150
0.2611	0.3366	0.4260	0.9112
0.2624	0.3356	0.4260	0.9071
0.2638	0.3345	0.4260	0.9029
0.2651	0.3335	0.4260	0.8992
0.2671	0.3332	0.4270	0.8951
0.2683	0.3321	0.4270	0.8912
0.2697	0.3310	0.4270	0.8871
0.2717	0.3307	0.4280	0.8831
0.2729	0.3297	0.4280	0.8793
0.2743	0.3285	0.4280	0.8751
0.2756	0.3275	0.4280	0.8713
0.2775	0.3271	0.4290	0.8673
0.2795	0.3268	0.4300	0.8632
0.2808	0.3257	0.4300	0.8593
0.2814	0.3238	0.4290	0.8553
0.2828	0.3226	0.4290	0.8512
0.2847	0.3223	0.4300	0.8473
0.2859	0.3211	0.4300	0.8433
0.2872	0.3200	0.4300	0.8395
0.2892	0.3196	0.4310	0.8353
0.2905	0.3184	0.4310	0.8312
0.2910	0.3166	0.4300	0.8275
0.2923	0.3154	0.4300	0.8234
0.2942	0.3150	0.4310	0.8195
0.2958	0.3148	0.4320	0.8166
0.2971	0.3136	0.4320	0.8124
0.2984	0.3124	0.4320	0.8083
0.2996	0.3113	0.4320	0.8046
0.3008	0.3100	0.4320	0.8005
0.3027	0.3096	0.4330	0.7966
0.3047	0.3091	0.4340	0.7925
0.3059	0.3078	0.4340	0.7885
0.3071	0.3066	0.4340	0.7846
0.3098	0.3068	0.4360	0.7805
0.3117	0.3063	0.4370	0.7767
0.3129	0.3050	0.4370	0.7726
0.3149	0.3044	0.4380	0.7685
0.3161	0.3032	0.4380	0.7647
0.3180	0.3026	0.4390	0.7607
0.3192	0.3014	0.4390	0.7568
0.3208	0.3012	0.4400	0.7539
0.3220	0.2998	0.4400	0.7497
0.3240	0.2992	0.4410	0.7456
0.3259	0.2986	0.4420	0.7418
0.3271	0.2973	0.4420	0.7377
0.3290	0.2967	0.4430	0.7339
0.3309	0.2960	0.4440	0.7298
0.3329	0.2953	0.4450	0.7258
0.3340	0.2941	0.4450	0.7219
0.3359	0.2933	0.4460	0.7178
0.3371	0.2921	0.4460	0.7140
0.3382	0.2907	0.4460	0.7099
0.3402	0.2900	0.4470	0.7058
0.3413	0.2886	0.4470	0.7020
0.3429	0.2883	0.4480	0.6990
0.3449	0.2875	0.4490	0.6949
0.3468	0.2867	0.4500	0.6908
0.3487	0.2860	0.4510	0.6870
0.3499	0.2846	0.4510	0.6829
0.3518	0.2838	0.4520	0.6788
0.3529	0.2824	0.4520	0.6748
0.3541	0.2809	0.4520	0.6706
0.3560	0.2802	0.4530	0.6668
0.3579	0.2793	0.4540	0.6627
0.3590	0.2779	0.4540	0.6587
0.3610	0.2770	0.4550	0.6545
0.3626	0.2765	0.4560	0.6516
0.3644	0.2757	0.4570	0.6477
0.3664	0.2748	0.4580	0.6436
0.3683	0.2740	0.4590	0.6396
0.3710	0.2736	0.4610	0.6355
0.3729	0.2727	0.4620	0.6313
0.3748	0.2719	0.4630	0.6276
0.3764	0.2713	0.4640	0.6245
0.3783	0.2704	0.4650	0.6205
0.3794	0.2688	0.4650	0.6164
0.3814	0.2678	0.4660	0.6123
0.3833	0.2668	0.4670	0.6082
0.3851	0.2659	0.4680	0.6044
0.3870	0.2649	0.4690	0.6003
0.3889	0.2639	0.4700	0.5961
0.3908	0.2629	0.4710	0.5921
0.3918	0.2614	0.4710	0.5883
0.3937	0.2603	0.4720	0.5842
0.3953	0.2597	0.4730	0.5812
0.3972	0.2586	0.4740	0.5771
0.4000	0.2581	0.4760	0.5730
0.4019	0.2570	0.4770	0.5689
0.4028	0.2554	0.4770	0.5651
0.4047	0.2543	0.4780	0.5611
0.4066	0.2532	0.4790	0.5569
0.4085	0.2520	0.4800	0.5528
0.4112	0.2515	0.4820	0.5490
0.4128	0.2507	0.4830	0.5457
0.4147	0.2496	0.4840	0.5419
0.4165	0.2485	0.4850	0.5379
0.4184	0.2473	0.4860	0.5337
0.4203	0.2460	0.4870	0.5296
0.4221	0.2450	0.4880	0.5259
0.4239	0.2437	0.4890	0.5217
0.4258	0.2425	0.4900	0.5176
0.4277	0.2412	0.4910	0.5136
0.4301	0.2409	0.4930	0.5105
0.4320	0.2396	0.4940	0.5065
0.4338	0.2385	0.4950	0.5027
0.4356	0.2372	0.4960	0.4985
0.4375	0.2358	0.4970	0.4944
0.4393	0.2345	0.4980	0.4904
0.4420	0.2338	0.5000	0.4866
0.4438	0.2324	0.5010	0.4824
0.4454	0.2316	0.5020	0.4795
0.4472	0.2302	0.5030	0.4753
0.4490	0.2288	0.5040	0.4713
0.4509	0.2274	0.5050	0.4672
0.4526	0.2262	0.5060	0.4634
0.4544	0.2248	0.5070	0.4593
0.4572	0.2238	0.5090	0.4552
0.4590	0.2223	0.5100	0.4511
0.4616	0.2214	0.5120	0.4473
0.4642	0.2208	0.5140	0.4440
0.4650	0.2190	0.5140	0.4402
0.4677	0.2180	0.5160	0.4361
0.4704	0.2169	0.5180	0.4320
0.4731	0.2158	0.5200	0.4279
0.4739	0.2140	0.5200	0.4241
0.4766	0.2129	0.5220	0.4200
0.4791	0.2123	0.5240	0.4171
0.4800	0.2103	0.5240	0.4129
0.4827	0.2091	0.5260	0.4088
0.4853	0.2080	0.5280	0.4050
0.4880	0.2069	0.5300	0.4009
0.4888	0.2048	0.5300	0.3968
0.4915	0.2036	0.5320	0.3927
0.4942	0.2024	0.5340	0.3887
0.4966	0.2016	0.5360	0.3857
0.4992	0.2005	0.5380	0.3819
0.5019	0.1992	0.5400	0.3777
0.5027	0.1971	0.5400	0.3736
0.5054	0.1958	0.5420	0.3696
0.5080	0.1946	0.5440	0.3658
0.5107	0.1932	0.5460	0.3616
0.5131	0.1924	0.5480	0.3587
0.5158	0.1909	0.5500	0.3545
0.5184	0.1895	0.5520	0.3505
0.5192	0.1874	0.5520	0.3464
0.5218	0.1861	0.5540	0.3426
0.5245	0.1846	0.5560	0.3384
0.5271	0.1831	0.5580	0.3344
0.5295	0.1822	0.5600	0.3313
0.5322	0.1807	0.5620	0.3273
0.5348	0.1791	0.5640	0.3232
0.5374	0.1775	0.5660	0.3191
0.5400	0.1762	0.5680	0.3153
0.5426	0.1745	0.5700	0.3112
0.5450	0.1735	0.5720	0.3082
0.5477	0.1719	0.5740	0.3041
0.5503	0.1702	0.5760	0.3000
0.5548	0.1692	0.5800	0.2960
0.5555	0.1669	0.5800	0.2918
0.5581	0.1652	0.5820	0.2877
0.5606	0.1636	0.5840	0.2840
0.5631	0.1623	0.5860	0.2806
0.5656	0.1607	0.5880	0.2769
0.5682	0.1589	0.5900	0.2728
0.5727	0.1577	0.5940	0.2686
0.5753	0.1559	0.5960	0.2646
0.5778	0.1540	0.5980	0.2605
0.5802	0.1528	0.6000	0.2575
0.5828	0.1509	0.6020	0.2534
0.5873	0.1495	0.6060	0.2493
0.5898	0.1477	0.6080	0.2454
0.5943	0.1463	0.6120	0.2414
0.5968	0.1443	0.6140	0.2373
0.5992	0.1430	0.6160	0.2343
0.6017	0.1410	0.6180	0.2302
0.6042	0.1390	0.6200	0.2262
0.6087	0.1374	0.6240	0.2220
0.6112	0.1353	0.6260	0.2179
0.6156	0.1338	0.6300	0.2141
0.6180	0.1323	0.6320	0.2108
0.6205	0.1303	0.6340	0.2070
0.6249	0.1286	0.6380	0.2030
0.6274	0.1264	0.6400	0.1988
0.6318	0.1246	0.6440	0.1947
0.6343	0.1224	0.6460	0.1907
0.6386	0.1212	0.6500	0.1876
0.6410	0.1190	0.6520	0.1836
0.6455	0.1171	0.6560	0.1795
0.6479	0.1150	0.6580	0.1756
0.6523	0.1131	0.6620	0.1716
0.6547	0.1107	0.6640	0.1675
0.6590	0.1094	0.6680	0.1645
0.6634	0.1073	0.6720	0.1604
0.6658	0.1049	0.6740	0.1563
0.6702	0.1028	0.6780	0.1522
0.6745	0.1007	0.6820	0.1481
0.6788	0.0992	0.6860	0.1452
0.6812	0.0967	0.6880	0.1410
0.6875	0.0947	0.6940	0.1369
0.6918	0.0927	0.6980	0.1332
0.6962	0.0903	0.7020	0.1290
0.6984	0.0885	0.7040	0.1261
0.7008	0.0859	0.7060	0.1220
0.7071	0.0837	0.7120	0.1178
0.7114	0.0813	0.7160	0.1138
0.7157	0.0788	0.7200	0.1097
0.7199	0.0771	0.7240	0.1067
0.7242	0.0746	0.7280	0.1026
0.7285	0.0720	0.7320	0.0985
0.7327	0.0696	0.7360	0.0947
0.7370	0.0670	0.7400	0.0906
0.7412	0.0643	0.7440	0.0865
0.7474	0.0626	0.7500	0.0835
0.7516	0.0598	0.7540	0.0794
0.7558	0.0571	0.7580	0.0754
0.7621	0.0544	0.7640	0.0712
0.7663	0.0515	0.7680	0.0671
0.7704	0.0495	0.7720	0.0641
0.7746	0.0465	0.7760	0.0600
0.7808	0.0439	0.7820	0.0562
0.7849	0.0410	0.7860	0.0522
0.7911	0.0380	0.7920	0.0480
0.7952	0.0359	0.7960	0.0451
0.8013	0.0328	0.8020	0.0409
0.8075	0.0297	0.8080	0.0368
0.8116	0.0266	0.8120	0.0328
0.8177	0.0234	0.8180	0.0287
0.8217	0.0211	0.8220	0.0257
0.8278	0.0179	0.8280	0.0216
0.8339	0.0146	0.8340	0.0175
0.8399	0.0115	0.8400	0.0137
0.8460	0.0081	0.8460	0.0096
0.8500	0.0056	0.8500	0.0066
0.8560	0.0021	0.8560	0.0025
0.8620	-0.0014	0.8620	-0.0016
0.8680	-0.0049	0.8680	-0.0057
0.8760	-0.0086	0.8760	-0.0098
0.8819	-0.0112	0.8820	-0.0128
0.8879	-0.0150	0.8880	-0.0169
0.8938	-0.0188	0.8940	-0.0210
0.8997	-0.0223	0.9000	-0.0247
0.9076	-0.0262	0.9080	-0.0289
0.9135	-0.0291	0.9140	-0.0318
0.9194	-0.0331	0.9200	-0.0360
0.9273	-0.0372	0.9280	-0.0401
0.9331	-0.0412	0.9340	-0.0441
0.9409	-0.0454	0.9420	-0.0482
0.9488	-0.0486	0.9500	-0.0512
0.9545	-0.0529	0.9560	-0.0553
0.9623	-0.0570	0.9640	-0.0592
0.9701	-0.0614	0.9720	-0.0632
0.9778	-0.0659	0.9800	-0.0673
0.9836	-0.0692	0.9860	-0.0703
0.9933	-0.0737	0.9960	-0.0741
0.0892	-0.9940	0.9980	-1.4813
0.0848	-0.9904	0.9940	-1.4854
0.0807	-0.9907	0.9940	-1.4895
0.0765	-0.9890	0.9920	-1.4936
0.0722	-0.9854	0.9880	-1.4976
0.0680	-0.9837	0.9860	-1.5018
0.0627	-0.9800	0.9820	-1.5069
0.0584	-0.9763	0.9780	-1.5111
0.0543	-0.9745	0.9760	-1.5151
0.0501	-0.9707	0.9720	-1.5192
0.0460	-0.9689	0.9700	-1.5233
0.0420	-0.9671	0.9680	-1.5274
0.0380	-0.9653	0.9660	-1.5315
0.0339	-0.9634	0.9640	-1.5356
0.0300	-0.9615	0.9620	-1.5396
0.0259	-0.9576	0.9580	-1.5438
0.0219	-0.9557	0.9560	-1.5479
0.0180	-0.9538	0.9540	-1.5519
0.0141	-0.9539	0.9540	-1.5560
0.0101	-0.9499	0.9500	-1.5602
0.0063	-0.9480	0.9480	-1.5642
0.0024	-0.9460	0.9460	-1.5683
-0.0025	-0.9440	0.9440	-1.5735
-0.0064	-0.9420	0.9420	-1.5776
-0.0102	-0.9399	0.9400	-1.5816
-0.0140	-0.9379	0.9380	-1.5858
-0.0179	-0.9358	0.9360	-1.5899
-0.0216	-0.9338	0.9340	-1.5939
-0.0253	-0.9297	0.9300	-1.5980
-0.0292	-0.9295	0.9300	-1.6021
-0.0328	-0.9274	0.9280	-1.6062
-0.0365	-0.9233	0.9240	-1.6103
-0.0400	-0.9231	0.9240	-1.6141
-0.0437	-0.9210	0.9220	-1.6182
-0.0471	-0.9188	0.9200	-1.6220
-0.0508	-0.9166	0.9180	-1.6261
-0.0543	-0.9164	0.9180	-1.6300
-0.0577	-0.9122	0.9140	-1.6340
-0.0611	-0.9100	0.9120	-1.6378
-0.0654	-0.9076	0.9100	-1.6427
-0.0691	-0.9074	0.9100	-1.6468
-0.0724	-0.9051	0.9080	-1.6507
-0.0757	-0.9028	0.9060	-1.6545
-0.0792	-0.9005	0.9040	-1.6585
-0.0825	-0.8982	0.9020	-1.6624
-0.0862	-0.8979	0.9020	-1.6665
-0.0894	-0.8955	0.9000	-1.6703
-0.0930	-0.8952	0.9000	-1.6743
-0.0962	-0.8928	0.8980	-1.6782
-0.0995	-0.8884	0.8940	-1.6823
-0.1029	-0.8881	0.8940	-1.6861
-0.1062	-0.8857	0.8920	-1.6902
-0.1094	-0.8833	0.8900	-1.6940
-0.1128	-0.8808	0.8880	-1.6981
-0.1161	-0.8804	0.8880	-1.7020
-0.1194	-0.8779	0.8860	-1.7060
-0.1225	-0.8755	0.8840	-1.7098
-0.1261	-0.8750	0.8840	-1.7139
-0.1289	-0.8705	0.8800	-1.7178
-0.1324	-0.8700	0.8800	-1.7218
-0.1364	-0.8673	0.8780	-1.7268
-0.1393	-0.8648	0.8760	-1.7305
-0.1429	-0.8643	0.8760	-1.7346
-0.1459	-0.8617	0.8740	-1.7385
-0.1494	-0.8611	0.8740	-1.7426
-0.1523	-0.8586	0.8720	-1.7463
-0.1558	-0.8580	0.8720	-1.7505
-0.1588	-0.8554	0.8700	-1.7543
-0.1618	-0.8528	0.8680	-1.7583
-0.1647	-0.8502	0.8660	-1.7622
-0.1680	-0.8496	0.8660	-1.7660
-0.1711	-0.8469	0.8640	-1.7701
-0.1743	-0.8462	0.8640	-1.7740
-0.1773	-0.8436	0.8620	-1.7780
-0.1806	-0.8429	0.8620	-1.7818
-0.1836	-0.8402	0.8600	-1.7859
-0.1864	-0.8375	0.8580	-1.7898
-0.1898	-0.8368	0.8580	-1.7938
-0.1925	-0.8341	0.8560	-1.7976
-0.1959	-0.8333	0.8560	-1.8018
-0.1991	-0.8325	0.8560	-1.8056
-0.2025	-0.8317	0.8560	-1.8096
-0.2052	-0.8290	0.8540	-1.8135
-0.2081	-0.8262	0.8520	-1.8176
-0.2113	-0.8254	0.8520	-1.8214
-0.2141	-0.8226	0.8500	-1.8254
-0.2173	-0.8218	0.8500	-1.8293
-0.2207	-0.8209	0.8500	-1.8334
-0.2243	-0.8219	0.8520	-1.8372
-0.2276	-0.8210	0.8520	-1.8413
-0.2302	-0.8182	0.8500	-1.8451
-0.2336	-0.8173	0.8500	-1.8492
-0.2362	-0.8144	0.8480	-1.8530
-0.2390	-0.8094	0.8440	-1.8579
-0.2417	-0.8066	0.8420	-1.8620
-0.2442	-0.8037	0.8400	-1.8658
-0.2467	-0.8009	0.8380	-1.8696
-0.2506	-0.8017	0.8400	-1.8738
-0.2531	-0.7989	0.8380	-1.8776
-0.2563	-0.7978	0.8380	-1.8816
-0.2594	-0.7969	0.8380	-1.8855
-0.2620	-0.7939	0.8360	-1.8896
-0.2637	-0.7891	0.8320	-1.8933
-0.2670	-0.7880	0.8320	-1.8974
-0.2700	-0.7870	0.8320	-1.9013
-0.2739	-0.7877	0.8340	-1.9054
-0.2768	-0.7867	0.8340	-1.9091
-0.2794	-0.7837	0.8320	-1.9133
-0.2824	-0.7826	0.8320	-1.9171
-0.2856	-0.7814	0.8320	-1.9212
-0.2885	-0.7804	0.8320	-1.9250
-0.2918	-0.7792	0.8320	-1.9291
-0.2947	-0.7780	0.8320	-1.9329
-0.2979	-0.7768	0.8320	-1.9370
-0.3008	-0.7757	0.8320	-1.9408
-0.3040	-0.7745	0.8320	-1.9449
-0.3063	-0.7714	0.8300	-1.9487
-0.3094	-0.7702	0.8300	-1.9529
-0.3123	-0.7690	0.8300	-1.9566
-0.3153	-0.7678	0.8300	-1.9604
-0.3184	-0.7665	0.8300	-1.9646
-0.3214	-0.7653	0.8300	-1.9684
-0.3237	-0.7621	0.8280	-1.9724
-0.3266	-0.7609	0.8280	-1.9762
-0.3297	-0.7595	0.8280	-1.9804
-0.3318	-0.7564	0.8260	-1.9842
-0.3357	-0.7569	0.8280	-1.9882
-0.3386	-0.7556	0.8280	-1.9921
-0.3409	-0.7524	0.8260	-1.9962
-0.3441	-0.7509	0.8260	-2.0005
-0.3472	-0.7495	0.8260	-2.0046
-0.3503	-0.7480	0.8260	-2.0087
-0.3533	-0.7466	0.8260	-2.0128
-0.3564	-0.7452	0.8260	-2.0169
-0.3594	-0.7437	0.8260	-2.0210
-0.3624	-0.7422	0.8260	-2.0250
-0.3655	-0.7407	0.8260	-2.0292
-0.3685	-0.7392	0.8260	-2.0333
-0.3715	-0.7377	0.8260	-2.0373
-0.3737	-0.7344	0.8240	-2.0414
-0.3767	-0.7329	0.8240	-2.0456
-0.3798	-0.7312	0.8240	-2.0499
-0.3828	-0.7297	0.8240	-2.0540
-0.3859	-0.7281	0.8240	-2.0581
-0.3888	-0.7265	0.8240	-2.0621
-0.3918	-0.7249	0.8240	-2.0663
-0.3948	-0.7233	0.8240	-2.0704
-0.3977	-0.7217	0.8240	-2.0744
-0.4006	-0.7200	0.8240	-2.0785
-0.4036	-0.7184	0.8240	-2.0827
-0.4065	-0.7168	0.8240	-2.0867
-0.4094	-0.7151	0.8240	-2.0908
-0.4124	-0.7134	0.8240	-2.0949
-0.4155	-0.7116	0.8240	-2.0993
-0.4184	-0.7099	0.8240	-2.1034
-0.4212	-0.7082	0.8240	-2.1074
-0.4242	-0.7064	0.8240	-2.1115
-0.4271	-0.7047	0.8240	-2.1156
-0.4299	-0.7030	0.8240	-2.1197
-0.4328	-0.7012	0.8240	-2.1238
-0.4357	-0.6994	0.8240	-2.1279
-0.4385	-0.6976	0.8240	-2.1319
-0.4424	-0.6975	0.8260	-2.1361
-0.4442	-0.6940	0.8240	-2.1402
-0.4481	-0.6939	0.8260	-2.1442
-0.4512	-0.6919	0.8260	-2.1486
-0.4540	-0.6900	0.8260	-2.1528
-0.4568	-0.6882	0.8260	-2.1568
-0.4596	-0.6863	0.8260	-2.1609
-0.4625	-0.6844	0.8260	-2.1650
-0.1897	-0.2426	0.3080	-2.2345
-0.1914	-0.2426	0.3090	-2.2387
-0.1930	-0.2426	0.3100	-2.2427
-0.1940	-0.2418	0.3100	-2.2468
-0.1950	-0.2410	0.3100	-2.2509
-0.1959	-0.2402	0.3100	-2.2550
-0.1975	-0.2402	0.3110	-2.2591
-0.1985	-0.2394	0.3110	-2.2632
-0.1995	-0.2386	0.3110	-2.2672
-0.2009	-0.2387	0.3120	-2.2705
-0.2019	-0.2379	0.3120	-2.2746
-0.2029	-0.2370	0.3120	-2.2787
-0.2038	-0.2362	0.3120	-2.2828
-0.2048	-0.2354	0.3120	-2.2869
-0.2058	-0.2345	0.3120	-2.2910
-0.2067	-0.2337	0.3120	-2.2950
-0.2083	-0.2336	0.3130	-2.2991
-0.2100	-0.2335	0.3140	-2.3033
-0.2109	-0.2326	0.3140	-2.3073
-0.2119	-0.2317	0.3140	-2.3117
-0.2129	-0.2308	0.3140	-2.3158
-0.2138	-0.2300	0.3140	-2.3199
-0.2148	-0.2291	0.3140	-2.3240
-0.2164	-0.2289	0.3150	-2.3281
-0.2173	-0.2280	0.3150	-2.3321
-0.2187	-0.2281	0.3160	-2.3351
-0.2197	-0.2271	0.3160	-2.3395
-0.2206	-0.2262	0.3160	-2.3436
-0.2215	-0.2253	0.3160	-2.3477
-0.2225	-0.2244	0.3160	-2.3518
-0.2241	-0.2242	0.3170	-2.3559
-0.2250	-0.2233	0.3170	-2.3599
-0.2266	-0.2231	0.3180	-2.3641
-0.2283	-0.2228	0.3190	-2.3682
-0.2291	-0.2219	0.3190	-2.3722
-0.2301	-0.2210	0.3190	-2.3763
-0.2310	-0.2200	0.3190	-2.3805
-0.2319	-0.2191	0.3190	-2.3845
-0.2333	-0.2190	0.3200	-2.3877
-0.2342	-0.2181	0.3200	-2.3919
-0.2351	-0.2171	0.3200	-2.3960
-0.2367	-0.2168	0.3210	-2.4000
-0.2376	-0.2158	0.3210	-2.4041
-0.2385	-0.2149	0.3210	-2.4083
-0.2401	-0.2146	0.3220	-2.4123
-0.2418	-0.2142	0.3230	-2.4167
-0.2427	-0.2132	0.3230	-2.4208
-0.2435	-0.2122	0.3230	-2.4248
-0.2449	-0.2121	0.3240	-2.4279
-0.2458	-0.2111	0.3240	-2.4319
-0.2466	-0.2101	0.3240	-2.4361
-0.2483	-0.2097	0.3250	-2.4402
-0.2499	-0.2094	0.3260	-2.4442
-0.2507	-0.2083	0.3260	-2.4483
-0.2524	-0.2079	0.3270	-2.4525
-0.2532	-0.2070	0.3270	-2.4562
-0.2540	-0.2059	0.3270	-2.4603
-0.2548	-0.2049	0.3270	-2.4644
-0.2562	-0.2048	0.3280	-2.4674
-0.2579	-0.2043	0.3290	-2.4715
-0.2587	-0.2033	0.3290	-2.4756
-0.2603	-0.2028	0.3300	-2.4797
-0.2619	-0.2024	0.3310	-2.4838
-0.2627	-0.2013	0.3310	-2.4878
-0.2635	-0.2003	0.3310	-2.4917
-0.2651	-0.1998	0.3320	-2.4958
-0.2665	-0.1996	0.3330	-2.4988
-0.2674	-0.1985	0.3330	-2.5029
-0.2690	-0.1980	0.3340	-2.5069
-0.2698	-0.1969	0.3340	-2.5110
-0.2714	-0.1964	0.3350	-2.5152
-0.2722	-0.1953	0.3350	-2.5192
-0.2738	-0.1948	0.3360	-2.5233
-0.2752	-0.1945	0.3370	-2.5263
-0.2760	-0.1934	0.3370	-2.5304
-0.2767	-0.1923	0.3370	-2.5342
-0.2783	-0.1918	0.3380	-2.5384
-0.2799	-0.1912	0.3390	-2.5424
-0.2816	-0.1906	0.3400	-2.5465
-0.2823	-0.1894	0.3400	-2.5506
-0.2839	-0.1889	0.3410	-2.5547
-0.2853	-0.1885	0.3420	-2.5577
-0.2861	-0.1874	0.3420	-2.5617
-0.2877	-0.1867	0.3430	-2.5659
-0.2893	-0.1862	0.3440	-2.5697
-0.2909	-0.1856	0.3450	-2.5737
-0.2925	-0.1849	0.3460	-2.5779
-0.2932	-0.1837	0.3460	-2.5820
-0.2940	-0.1825	0.3460	-2.5860
-0.2954	-0.1821	0.3470	-2.5891
-0.2970	-0.1814	0.3480	-2.5931
-0.2986	-0.1807	0.3490	-2.5972
-0.3002	-0.1800	0.3500	-2.6013
-0.3017	-0.1794	0.3510	-2.6051
-0.3024	-0.1782	0.3510	-2.6092
-0.3039	-0.1777	0.3520	-2.6125
-0.3054	-0.1770	0.3530	-2.6163
-0.3070	-0.1763	0.3540	-2.6204
-0.3077	-0.1750	0.3540	-2.6244
-0.3093	-0.1742	0.3550	-2.6286
-0.3109	-0.1734	0.3560	-2.6327
-0.3116	-0.1722	0.3560	-2.6367
-0.3130	-0.1717	0.3570	-2.6398
-0.3154	-0.1714	0.3590	-2.6438
-0.3170	-0.1706	0.3600	-2.6479
-0.3177	-0.1694	0.3600	-2.6518
-0.3193	-0.1685	0.3610	-2.6559
-0.3207	-0.1679	0.3620	-2.6592
-0.3222	-0.1672	0.3630	-2.6630
-0.3238	-0.1663	0.3640	-2.6670
-0.3245	-0.1650	0.3640	-2.6711
-0.3260	-0.1641	0.3650	-2.6753
-0.3276	-0.1632	0.3660	-2.6793
-0.3291	-0.1623	0.3670	-2.6834
-0.3305	-0.1618	0.3680	-2.6864
-0.3321	-0.1609	0.3690	-2.6905
-0.3336	-0.1600	0.3700	-2.6945
-0.3352	-0.1591	0.3710	-2.6984
-0.3367	-0.1581	0.3720	-2.7025
-0.3381	-0.1576	0.3730	-2.7055
-0.3396	-0.1566	0.3740	-2.7096
-0.3412	-0.1556	0.3750	-2.7137
-0.3427	-0.1546	0.3760	-2.7177
-0.3443	-0.1536	0.3770	-2.7219
-0.3458	-0.1526	0.3780	-2.7260
-0.3472	-0.1520	0.3790	-2.7290
-0.3487	-0.1510	0.3800	-2.7331
-0.3503	-0.1499	0.3810	-2.7371
-0.3517	-0.1490	0.3820	-2.7409
-0.3533	-0.1479	0.3830	-2.7451
-0.3548	-0.1469	0.3840	-2.7491
-0.3562	-0.1462	0.3850	-2.7522
-0.3577	-0.1451	0.3860	-2.7562
-0.3601	-0.1444	0.3880	-2.7603
-0.3617	-0.1433	0.3890	-2.7644
-0.3632	-0.1422	0.3900	-2.7685
-0.3645	-0.1414	0.3910	-2.7715
-0.3660	-0.1403	0.3920	-2.7755
-0.3675	-0.1392	0.3930	-2.7797
-0.3690	-0.1380	0.3940	-2.7838
-0.3714	-0.1373	0.3960	-2.7875
-0.3728	-0.1364	0.3970	-2.7909
-0.3743	-0.1352	0.3980	-2.7949
-0.3758	-0.1341	0.3990	-2.7987
-0.3773	-0.1329	0.4000	-2.8029
-0.3797	-0.1320	0.4020	-2.8069
-0.3811	-0.1309	0.4030	-2.8107
-0.3825	-0.1301	0.4040	-2.8137
-0.3849	-0.1292	0.4060	-2.8178
-0.3863	-0.1280	0.4070	-2.8217
-0.3878	-0.1268	0.4080	-2.8255
-0.3901	-0.1263	0.4100	-2.8285
-0.3915	-0.1251	0.4110	-2.8323
-0.3939	-0.1241	0.4130	-2.8364
-0.3953	-0.1229	0.4140	-2.8402
-0.3968	-0.1217	0.4150	-2.8440
-0.3990	-0.1210	0.4170	-2.8471
-0.4005	-0.1197	0.4180	-2.8511
-0.4019	-0.1185	0.4190	-2.8549
-0.4043	-0.1175	0.4210	-2.8588
-0.4067	-0.1164	0.4230	-2.8628
-0.4080	-0.1156	0.4240	-2.8656
-0.4103	-0.1144	0.4260	-2.8697
-0.4117	-0.1131	0.4270	-2.8734
-0.4141	-0.1121	0.4290	-2.8773
-0.4155	-0.1106	0.4300	-2.8814
-0.4178	-0.1099	0.4320	-2.8844
-0.4201	-0.1088	0.4340	-2.8882
-0.4215	-0.1074	0.4350	-2.8920
-0.4239	-0.1062	0.4370	-2.8962
-0.4253	-0.1048	0.4380	-2.8999
-0.4275	-0.1040	0.4400	-2.9030
-0.4299	-0.1029	0.4420	-2.9067
-0.4322	-0.1017	0.4440	-2.9105
-0.4336	-0.1001	0.4450	-2.9147
-0.4359	-0.0989	0.4470	-2.9185
-0.4382	-0.0980	0.4490	-2.9215
-0.4405	-0.0968	0.4510	-2.9253
-0.4428	-0.0954	0.4530	-2.9294
-0.4452	-0.0942	0.4550	-2.9332
-0.4474	-0.0932	0.4570	-2.9362
-0.4487	-0.0917	0.4580	-2.9400
-0.4520	-0.0906	0.4610	-2.9438
-0.4543	-0.0891	0.4630	-2.9479
-0.4566	-0.0881	0.4650	-2.9509
-0.4589	-0.0868	0.4670	-2.9547
-0.4612	-0.0854	0.4690	-2.9586
-0.4635	-0.0838	0.4710	-2.9627
-0.4667	-0.0831	0.4740	-2.9654
-0.4690	-0.0815	0.4760	-2.9695
-0.4703	-0.0799	0.4770	-2.9732
-0.4735	-0.0786	0.4800	-2.9771
-0.4758	-0.0770	0.4820	-2.9812
-0.4790	-0.0760	0.4850	-2.9842
-0.4813	-0.0745	0.4870	-2.9880
-0.4835	-0.0730	0.4890	-2.9918
-0.4858	-0.0713	0.4910	-2.9960
-0.4890	-0.0704	0.4940	-2.9986
-0.4912	-0.0686	0.4960	-3.0028
-0.4945	-0.0672	0.4990	-3.0066
-0.4967	-0.0656	0.5010	-3.0103
-0.4999	-0.0644	0.5040	-3.0134
-0.5021	-0.0627	0.5060	-3.0174
-0.5053	-0.0611	0.5090	-3.0213
-0.5065	-0.0593	0.5100	-3.0251
-0.5107	-0.0582	0.5140	-3.0281
-0.5129	-0.0565	0.5160	-3.0319
-0.5171	-0.0548	0.5200	-3.0360
-0.5193	-0.0530	0.5220	-3.0399
-0.5214	-0.0517	0.5240	-3.0428
-0.5177	-0.0489	0.5200	-3.0474
-0.5199	-0.0471	0.5220	-3.0513
-0.5240	-0.0459	0.5260	-3.0543
-0.5262	-0.0439	0.5280	-3.0584
-0.5303	-0.0422	0.5320	-3.0622
-0.5344	-0.0409	0.5360	-3.0652
-0.5366	-0.0390	0.5380	-3.0690
-0.5407	-0.0371	0.5420	-3.0731
-0.5449	-0.0353	0.5460	-3.0769
-0.5470	-0.0338	0.5480	-3.0799
-0.5511	-0.0319	0.5520	-3.0837
-0.5552	-0.0299	0.5560	-3.0878
-0.5573	-0.0279	0.5580	-3.0916
-0.5614	-0.0264	0.5620	-3.0946
-0.5655	-0.0244	0.5660	-3.0984
-0.5696	-0.0222	0.5700	-3.1026
-0.5716	-0.0206	0.5720	-3.1055
-0.5757	-0.0186	0.5760	-3.1094
-0.5798	-0.0163	0.5800	-3.1135
-0.5838	-0.0142	0.5840	-3.1172
-0.5879	-0.0125	0.5880	-3.1203
-0.5919	-0.0104	0.5920	-3.1240
-0.5959	-0.0080	0.5960	-3.1282
-0.6000	-0.0064	0.6000	-3.1310
-0.6040	-0.0040	0.6040	-3.1350
-0.6080	-0.0017	0.6080	-3.1388
-0.5620	-0.0032	0.5620	-3.1358
-0.5660	-0.0011	0.5660	-3.1397
-0.5019	-0.0088	0.5020	-3.1240
-0.5060	-0.0068	0.5060	-3.1282
-0.5080	-0.0049	0.5080	-3.1320
-0.5120	-0.0029	0.5120	-3.1358
-0.5160	-0.0014	0.5160	-3.1388
-0.4276	-0.0183	0.4280	-3.0987
-0.4307	-0.0168	0.4310	-3.1026
-0.4337	-0.0156	0.4340	-3.1055
-0.4358	-0.0140	0.4360	-3.1094
-0.4388	-0.0125	0.4390	-3.1132
-0.4419	-0.0112	0.4420	-3.1162
-0.4449	-0.0096	0.4450	-3.1200
-0.4479	-0.0083	0.4480	-3.1230
-0.4510	-0.0067	0.4510	-3.1268
-0.4550	-0.0050	0.4550	-3.1307
-0.4580	-0.0036	0.4580	-3.1336
-0.4610	-0.0019	0.4610	-3.1375
-0.4640	-0.0004	0.4640	-3.1407
-0.3718	-0.0302	0.3730	-3.0606
-0.3500	-0.0258	0.3510	-3.0680
-0.3511	-0.0249	0.3520	-3.0709
-0.3532	-0.0236	0.3540	-3.0748
-0.3563	-0.0227	0.3570	-3.0780
-0.3584	-0.0214	0.3590	-3.0819
-0.3604	-0.0201	0.3610	-3.0859
-0.3625	-0.0191	0.3630	-3.0890
-0.3646	-0.0177	0.3650	-3.0930
-0.3666	-0.0164	0.3670	-3.0968
-0.3687	-0.0154	0.3690	-3.0998
-0.3707	-0.0140	0.3710	-3.1039
-0.3728	-0.0129	0.3730	-3.1069
-0.3758	-0.0115	0.3760	-3.1110
-0.3779	-0.0101	0.3780	-3.1148
-0.3809	-0.0091	0.3810	-3.1178
-0.3829	-0.0075	0.3830	-3.1219
-0.3849	-0.0064	0.3850	-3.1249
-0.3880	-0.0049	0.3880	-3.1290
-0.3900	-0.0034	0.3900	-3.1328
-0.3930	-0.0021	0.3930	-3.1361
-0.3950	-0.0007	0.3950	-3.1399
