x	y	r	phi
-0.3860	0.0003	0.3860	3.1408
-0.3850	0.0018	0.3850	3.1370
-0.3830	0.0036	0.3830	3.1321
-0.3830	0.0052	0.3830	3.1280
-0.3809	0.0066	0.3810	3.1241
-0.3799	0.0082	0.3800	3.1201
-0.3789	0.0096	0.3790	3.1163
-0.3768	0.0115	0.3770	3.1111
-0.3758	0.0129	0.3760	3.1073
-0.3747	0.0144	0.3750	3.1031
-0.3737	0.0158	0.3740	3.0994
-0.3726	0.0173	0.3730	3.0953
-0.3715	0.0190	0.3720	3.0904
-0.3704	0.0204	0.3710	3.0866
-0.3694	0.0219	0.3700	3.0824
-0.3673	0.0232	0.3680	3.0784
-0.3661	0.0250	0.3670	3.0734
-0.3651	0.0263	0.3660	3.0697
-0.3639	0.0277	0.3650	3.0656
-0.3628	0.0290	0.3640	3.0617
-0.3617	0.0305	0.3630	3.0576
-0.3606	0.0318	0.3620	3.0536
-0.3594	0.0335	0.3610	3.0487
-0.3583	0.0348	0.3600	3.0449
-0.3572	0.0361	0.3590	3.0407
-0.3560	0.0374	0.3580	3.0369
-0.3549	0.0387	0.3570	3.0329
-0.3537	0.0404	0.3560	3.0279
-0.3525	0.0417	0.3550	3.0239
-0.3524	0.0431	0.3550	3.0200
-0.3512	0.0444	0.3540	3.0159
-0.3491	0.0455	0.3520	3.0121
-0.3478	0.0470	0.3510	3.0072
-0.3467	0.0483	0.3500	3.0032
-0.3455	0.0495	0.3490	2.9993
-0.3453	0.0509	0.3490	2.9952
-0.3441	0.0522	0.3480	2.9911
-0.3429	0.0533	0.3470	2.9873
-0.3416	0.0549	0.3460	2.9823
-0.3404	0.0561	0.3450	2.9783
-0.3392	0.0572	0.3440	2.9745
-0.3390	0.0586	0.3440	2.9704
-0.3378	0.0597	0.3430	2.9665
-0.3365	0.0609	0.3420	2.9625
-0.3363	0.0623	0.3420	2.9584
-0.3350	0.0638	0.3410	2.9535
-0.3338	0.0649	0.3400	2.9497
-0.3325	0.0660	0.3390	2.9455
-0.3323	0.0673	0.3390	2.9418
-0.3310	0.0684	0.3380	2.9377
-0.3307	0.0697	0.3380	2.9338
-0.3295	0.0709	0.3370	2.9297
-0.3281	0.0723	0.3360	2.9248
-0.3278	0.0736	0.3360	2.9207
-0.3266	0.0746	0.3350	2.9170
-0.3253	0.0757	0.3340	2.9128
-0.3240	0.0768	0.3330	2.9090
-0.3227	0.0782	0.3320	2.9038
-0.3214	0.0792	0.3310	2.9000
-0.3211	0.0805	0.3310	2.8960
-0.3208	0.0817	0.3310	2.8921
-0.3194	0.0828	0.3300	2.8880
-0.3182	0.0838	0.3290	2.8842
-0.3169	0.0848	0.3280	2.8801
-0.3165	0.0860	0.3280	2.8763
-0.3151	0.0874	0.3270	2.8711
-0.3138	0.0883	0.3260	2.8673
-0.3134	0.0896	0.3260	2.8632
-0.3121	0.0905	0.3250	2.8593
-0.3118	0.0918	0.3250	2.8553
-0.3105	0.0927	0.3240	2.8515
-0.3090	0.0939	0.3230	2.8466
-0.3087	0.0952	0.3230	2.8425
-0.3083	0.0964	0.3230	2.8386
-0.3069	0.0973	0.3220	2.8346
-0.3065	0.0986	0.3220	2.8305
-0.3052	0.0994	0.3210	2.8266
-0.3048	0.1007	0.3210	2.8225
-0.3035	0.1015	0.3200	2.8188
-0.3020	0.1027	0.3190	2.8138
-0.3016	0.1039	0.3190	2.8098
-0.3003	0.1047	0.3180	2.8059
-0.2998	0.1060	0.3180	2.8018
-0.2994	0.1072	0.3180	2.7978
-0.2980	0.1080	0.3170	2.7940
-0.2976	0.1092	0.3170	2.7898
-0.2972	0.1104	0.3170	2.7860
-0.2958	0.1112	0.3160	2.7820
-0.2954	0.1123	0.3160	2.7781
-0.2939	0.1134	0.3150	2.7732
-0.2934	0.1146	0.3150	2.7691
-0.2920	0.1155	0.3140	2.7650
-0.2915	0.1166	0.3140	2.7610
-0.2910	0.1179	0.3140	2.7569
-0.2896	0.1187	0.3130	2.7527
-0.2882	0.1195	0.3120	2.7487
-0.2877	0.1206	0.3120	2.7446
-0.2873	0.1217	0.3120	2.7407
-0.2868	0.1229	0.3120	2.7366
-0.2863	0.1241	0.3120	2.7326
-0.2847	0.1252	0.3110	2.7274
-0.2842	0.1263	0.3110	2.7233
-0.2828	0.1271	0.3100	2.7192
-0.2822	0.1282	0.3100	2.7151
-0.2826	0.1298	0.3110	2.7110
-0.2831	0.1311	0.3120	2.7081
-0.2826	0.1322	0.3120	2.7039
-0.2792	0.1323	0.3090	2.6990
-0.2767	0.1329	0.3070	2.6939
-0.2762	0.1340	0.3070	2.6897
-0.2756	0.1352	0.3070	2.6857
-0.2761	0.1364	0.3080	2.6826
-0.2746	0.1373	0.3070	2.6778
-0.2740	0.1385	0.3070	2.6736
-0.2734	0.1396	0.3070	2.6696
-0.2729	0.1407	0.3070	2.6655
-0.2723	0.1418	0.3070	2.6614
-0.2717	0.1429	0.3070	2.6573
-0.2702	0.1436	0.3060	2.6532
-0.2696	0.1447	0.3060	2.6491
-0.2690	0.1458	0.3060	2.6451
-0.2676	0.1464	0.3050	2.6409
-0.2670	0.1475	0.3050	2.6368
-0.2655	0.1481	0.3040	2.6328
-0.2649	0.1491	0.3040	2.6290
-0.2643	0.1502	0.3040	2.6248
-0.2637	0.1513	0.3040	2.6208
-0.2631	0.1523	0.3040	2.6167
-0.2624	0.1534	0.3040	2.6126
-0.2618	0.1545	0.3040	2.6085
-0.2612	0.1556	0.3040	2.6044
-0.2605	0.1566	0.3040	2.6003
-0.2608	0.1582	0.3050	2.5963
-0.2601	0.1593	0.3050	2.5921
-0.2603	0.1609	0.3060	2.5880
-0.2596	0.1619	0.3060	2.5840
-0.2582	0.1624	0.3050	2.5802
-0.2575	0.1634	0.3050	2.5760
-0.2560	0.1640	0.3040	2.5719
-0.2543	0.1647	0.3030	2.5667
-0.2520	0.1647	0.3010	2.5627
-0.2513	0.1657	0.3010	2.5586
-0.2498	0.1662	0.3000	2.5545
-0.2500	0.1677	0.3010	2.5507
-0.2493	0.1687	0.3010	2.5466
-0.2486	0.1697	0.3010	2.5425
-0.2479	0.1707	0.3010	2.5385
-0.2472	0.1718	0.3010	2.5343
-0.2465	0.1728	0.3010	2.5302
-0.2458	0.1738	0.3010	2.5262
-0.2451	0.1748	0.3010	2.5221
-0.2443	0.1758	0.3010	2.5179
-0.2436	0.1768	0.3010	2.5139
-0.2429	0.1778	0.3010	2.5098
-0.2422	0.1787	0.3010	2.5059
-0.2415	0.1797	0.3010	2.5018
-0.2407	0.1807	0.3010	2.4978
-0.2400	0.1817	0.3010	2.4937
-0.2392	0.1826	0.3010	2.4896
-0.2385	0.1836	0.3010	2.4855
-0.2378	0.1846	0.3010	2.4814
-0.2370	0.1856	0.3010	2.4773
-0.2362	0.1865	0.3010	2.4733
-0.2355	0.1875	0.3010	2.4691
-0.2347	0.1885	0.3010	2.4650
-0.2339	0.1894	0.3010	2.4610
-0.2332	0.1903	0.3010	2.4571
-0.2324	0.1913	0.3010	2.4530
-0.2316	0.1922	0.3010	2.4490
-0.2309	0.1932	0.3010	2.4449
-0.2301	0.1941	0.3010	2.4408
-0.2293	0.1950	0.3010	2.4367
-0.2292	0.1966	0.3020	2.4326
-0.2284	0.1976	0.3020	2.4285
-0.2276	0.1985	0.3020	2.4245
-0.2268	0.1994	0.3020	2.4203
-0.2260	0.2004	0.3020	2.4162
-0.2252	0.2013	0.3020	2.4122
-0.2244	0.2021	0.3020	2.4083
-0.2236	0.2030	0.3020	2.4042
-0.2227	0.2040	0.3020	2.4001
-0.2219	0.2049	0.3020	2.3961
-0.2218	0.2065	0.3030	2.3920
-0.2209	0.2074	0.3030	2.3878
-0.2201	0.2083	0.3030	2.3838
-0.2192	0.2092	0.3030	2.3797
-0.2184	0.2101	0.3030	2.3756
-0.2175	0.2109	0.3030	2.3715
-0.2166	0.2118	0.3030	2.3674
-0.2158	0.2127	0.3030	2.3633
-0.2149	0.2136	0.3030	2.3593
-0.2140	0.2145	0.3030	2.3551
-0.2131	0.2154	0.3030	2.3510
-0.2123	0.2162	0.3030	2.3470
-0.2114	0.2171	0.3030	2.3429
-0.2114	0.2184	0.3040	2.3399
-0.2105	0.2193	0.3040	2.3358
-0.2096	0.2202	0.3040	2.3317
-0.2087	0.2210	0.3040	2.3276
-0.2078	0.2219	0.3040	2.3235
-0.2069	0.2227	0.3040	2.3194
-0.2060	0.2236	0.3040	2.3154
-0.2051	0.2244	0.3040	2.3112
-0.2042	0.2252	0.3040	2.3071
-0.2039	0.2268	0.3050	2.3031
-0.2030	0.2277	0.3050	2.2990
-0.2020	0.2285	0.3050	2.2948
-0.2018	0.2301	0.3060	2.2908
-0.2015	0.2316	0.3070	2.2867
-0.2005	0.2325	0.3070	2.2826
-0.1996	0.2333	0.3070	2.2785
-0.1986	0.2341	0.3070	2.2744
-0.1977	0.2348	0.3070	2.2706
-0.1968	0.2356	0.3070	2.2666
-0.1966	0.2371	0.3080	2.2633
-0.1957	0.2379	0.3080	2.2592
-0.1947	0.2387	0.3080	2.2550
-0.1944	0.2402	0.3090	2.2510
-0.1934	0.2410	0.3090	2.2469
-0.1924	0.2418	0.3090	2.2428
-0.1914	0.2426	0.3090	2.2387
-0.1910	0.2442	0.3100	2.2346
-0.1900	0.2450	0.3100	2.2305
-0.1890	0.2457	0.3100	2.2265
-0.1880	0.2465	0.3100	2.2224
-0.1876	0.2480	0.3110	2.2185
-0.1866	0.2488	0.3110	2.2144
-0.1856	0.2495	0.3110	2.2104
-0.1854	0.2509	0.3120	2.2071
-0.1850	0.2525	0.3130	2.2030
-0.1839	0.2533	0.3130	2.1989
-0.1829	0.2540	0.3130	2.1948
-0.1818	0.2548	0.3130	2.1907
-0.1814	0.2563	0.3140	2.1866
-0.1803	0.2571	0.3140	2.1826
-0.1793	0.2578	0.3140	2.1784
-0.1782	0.2585	0.3140	2.1743
-0.1778	0.2600	0.3150	2.1705
-0.1775	0.2614	0.3160	2.1672
-0.1764	0.2622	0.3160	2.1632
-0.1754	0.2629	0.3160	2.1591
-0.1748	0.2644	0.3170	2.1550
-0.1738	0.2651	0.3170	2.1509
-0.1727	0.2658	0.3170	2.1468
-0.1721	0.2674	0.3180	2.1427
-0.1710	0.2681	0.3180	2.1387
-0.1699	0.2688	0.3180	2.1345
-0.1693	0.2703	0.3190	2.1304
-0.1691	0.2717	0.3200	2.1274
-0.1679	0.2724	0.3200	2.1233
-0.1674	0.2739	0.3210	2.1193
-0.1662	0.2746	0.3210	2.1152
-0.1651	0.2753	0.3210	2.1110
-0.1645	0.2768	0.3220	2.1070
-0.1634	0.2775	0.3220	2.1029
-0.1627	0.2790	0.3230	2.0988
-0.1616	0.2797	0.3230	2.0947
-0.1612	0.2810	0.3240	2.0917
-0.1601	0.2817	0.3240	2.0877
-0.1594	0.2832	0.3250	2.0835
-0.1588	0.2847	0.3260	2.0794
-0.1581	0.2862	0.3270	2.0754
-0.1577	0.2876	0.3280	2.0723
-0.1570	0.2891	0.3290	2.0683
-0.1568	0.2915	0.3310	2.0642
-0.1556	0.2922	0.3310	2.0600
-0.1530	0.2901	0.3280	2.0560
-0.1506	0.2892	0.3260	2.0508
-0.1494	0.2898	0.3260	2.0467
-0.1494	0.2920	0.3280	2.0437
-0.1487	0.2935	0.3290	2.0396
-0.1479	0.2950	0.3300	2.0355
-0.1471	0.2965	0.3310	2.0315
-0.1464	0.2980	0.3320	2.0273
-0.1451	0.2986	0.3320	2.0232
-0.1447	0.2999	0.3330	2.0203
-0.1439	0.3014	0.3340	2.0161
-0.1427	0.3020	0.3340	2.0121
-0.1418	0.3035	0.3350	2.0080
-0.1410	0.3050	0.3360	2.0039
-0.1404	0.3063	0.3370	2.0006
-0.1392	0.3069	0.3370	1.9966
-0.1383	0.3084	0.3380	1.9924
-0.1371	0.3089	0.3380	1.9886
-0.1363	0.3104	0.3390	1.9846
-0.1355	0.3118	0.3400	1.9808
-0.1342	0.3124	0.3400	1.9766
-0.1334	0.3138	0.3410	1.9728
-0.1329	0.3151	0.3420	1.9698
-0.1320	0.3166	0.3430	1.9657
-0.1307	0.3171	0.3430	1.9619
-0.1298	0.3186	0.3440	1.9578
-0.1290	0.3200	0.3450	1.9540
-0.1280	0.3214	0.3460	1.9499
-0.1275	0.3227	0.3470	1.9469
-0.1262	0.3232	0.3470	1.9431
-0.1252	0.3247	0.3480	1.9390
-0.1244	0.3261	0.3490	1.9352
-0.1230	0.3266	0.3490	1.9311
-0.1221	0.3280	0.3500	1.9273
-0.1212	0.3294	0.3510	1.9232
-0.1205	0.3307	0.3520	1.9202
-0.1196	0.3321	0.3530	1.9163
-0.1186	0.3336	0.3540	1.9123
-0.1173	0.3340	0.3540	1.9085
-0.1162	0.3354	0.3550	1.9043
-0.1152	0.3368	0.3560	1.9003
-0.1146	0.3381	0.3570	1.8975
-0.1135	0.3395	0.3580	1.8934
-0.1121	0.3400	0.3580	1.8894
-0.1111	0.3414	0.3590	1.8855
-0.1103	0.3437	0.3610	1.8814
-0.1096	0.3450	0.3620	1.8785
-0.1086	0.3464	0.3630	1.8746
-0.1075	0.3478	0.3640	1.8706
-0.1062	0.3482	0.3640	1.8668
-0.1050	0.3496	0.3650	1.8626
-0.1040	0.3509	0.3660	1.8588
-0.1028	0.3523	0.3670	1.8548
-0.1020	0.3536	0.3680	1.8517
-0.1009	0.3549	0.3690	1.8479
-0.1000	0.3573	0.3710	1.8438
-0.0989	0.3586	0.3720	1.8400
-0.0975	0.3590	0.3720	1.8359
-0.0961	0.3594	0.3720	1.8321
-0.0953	0.3606	0.3730	1.8291
-0.0941	0.3620	0.3740	1.8251
-0.0927	0.3623	0.3740	1.8212
-0.0914	0.3637	0.3750	1.8171
-0.0908	0.3669	0.3780	1.8133
-0.0901	0.3692	0.3800	1.8103
-0.0886	0.3695	0.3800	1.8062
-0.0872	0.3699	0.3800	1.8023
-0.0862	0.3722	0.3820	1.7983
-0.0850	0.3735	0.3830	1.7945
-0.0843	0.3757	0.3850	1.7915
-0.0827	0.3760	0.3850	1.7874
-0.0813	0.3763	0.3850	1.7835
-0.0799	0.3776	0.3860	1.7794
-0.0786	0.3789	0.3870	1.7754
-0.0776	0.3812	0.3890	1.7716
-0.0762	0.3825	0.3900	1.7674
-0.0754	0.3847	0.3920	1.7645
-0.0742	0.3859	0.3930	1.7606
-0.0730	0.3882	0.3950	1.7566
-0.0717	0.3895	0.3960	1.7528
-0.0706	0.3907	0.3970	1.7497
-0.0692	0.3919	0.3980	1.7457
-0.0681	0.3942	0.4000	1.7418
-0.0666	0.3954	0.4010	1.7377
-0.0653	0.3967	0.4020	1.7339
-0.0644	0.3988	0.4040	1.7309
-0.0630	0.4001	0.4050	1.7269
-0.0617	0.4023	0.4070	1.7230
-0.0602	0.4035	0.4080	1.7189
-0.0588	0.4047	0.4090	1.7151
-0.0579	0.4069	0.4110	1.7121
-0.0563	0.4081	0.4120	1.7080
-0.0550	0.4103	0.4140	1.7042
-0.0537	0.4125	0.4160	1.7001
-0.0525	0.4137	0.4170	1.6971
-0.0511	0.4149	0.4180	1.6933
-0.0496	0.4171	0.4200	1.6892
-0.0481	0.4182	0.4210	1.6854
-0.0466	0.4204	0.4230	1.6812
-0.0456	0.4225	0.4250	1.6783
-0.0442	0.4247	0.4270	1.6744
-0.0426	0.4259	0.4280	1.6704
-0.0411	0.4280	0.4300	1.6666
-0.0394	0.4292	0.4310	1.6625
-0.0383	0.4313	0.4330	1.6595
-0.0369	0.4334	0.4350	1.6556
-0.0352	0.4356	0.4370	1.6515
-0.0338	0.4377	0.4390	1.6478
-0.0325	0.4388	0.4400	1.6447
-0.0309	0.4409	0.4420	1.6407
-0.0293	0.4430	0.4440	1.6369
-0.0276	0.4451	0.4460	1.6327
-0.0264	0.4472	0.4480	1.6298
-0.0247	0.4493	0.4500	1.6256
-0.0230	0.4514	0.4520	1.6218
-0.0213	0.4535	0.4540	1.6178
-0.0200	0.4556	0.4560	1.6147
-0.0184	0.4576	0.4580	1.6110
-0.0166	0.4597	0.4600	1.6068
-0.0147	0.4618	0.4620	1.6027
-0.0134	0.4638	0.4640	1.5998
-0.0117	0.4669	0.4670	1.5959
-0.0099	0.4689	0.4690	1.5919
-0.0081	0.4709	0.4710	1.5881
-0.0067	0.4730	0.4730	1.5850
-0.0048	0.4760	0.4760	1.5810
-0.0029	0.4780	0.4780	1.5768
-0.0011	0.4800	0.4800	1.5730
0.0004	0.4830	0.4830	1.5700
0.0024	0.4850	0.4850	1.5659
0.0042	0.4870	0.4870	1.5621
0.0062	0.4890	0.4890	1.5580
0.0077	0.4919	0.4920	1.5551
0.0098	0.4939	0.4940	1.5510
0.0118	0.4969	0.4970	1.5471
0.0139	0.4998	0.5000	1.5430
0.0154	0.5018	0.5020	1.5400
0.0175	0.5047	0.5050	1.5362
0.0196	0.5066	0.5070	1.5322
0.0218	0.5095	0.5100	1.5280
0.0235	0.5125	0.5130	1.5251
0.0256	0.5154	0.5160	1.5212
0.0278	0.5173	0.5180	1.5171
0.0299	0.5191	0.5200	1.5133
0.0317	0.5230	0.5240	1.5103
0.0340	0.5249	0.5260	1.5062
0.0362	0.5288	0.5300	1.5024
0.0385	0.5306	0.5320	1.4983
0.0404	0.5345	0.5360	1.4953
0.0428	0.5363	0.5380	1.4912
0.0450	0.5381	0.5400	1.4874
0.0476	0.5419	0.5440	1.4833
0.0498	0.5437	0.5460	1.4795
0.0518	0.5476	0.5500	1.4765
0.0544	0.5513	0.5540	1.4724
0.0569	0.5531	0.5560	1.4683
0.0589	0.5569	0.5600	1.4653
0.0615	0.5606	0.5640	1.4615
0.0641	0.5624	0.5660	1.4574
0.0667	0.5661	0.5700	1.4535
0.0691	0.5718	0.5760	1.4506
0.0717	0.5735	0.5780	1.4464
0.0743	0.5752	0.5800	1.4424
0.0770	0.5789	0.5840	1.4386
0.0792	0.5826	0.5880	1.4356
0.0822	0.5863	0.5920	1.4315
0.0850	0.5899	0.5960	1.4277
0.0874	0.5936	0.6000	1.4247
0.0904	0.5972	0.6040	1.4206
0.0934	0.6008	0.6080	1.4165
0.0964	0.6044	0.6120	1.4127
0.0992	0.6059	0.6140	1.4086
0.1020	0.6116	0.6200	1.4056
0.1050	0.6151	0.6240	1.4018
0.1082	0.6186	0.6280	1.3976
0.1107	0.6222	0.6320	1.3947
0.1140	0.6257	0.6360	1.3906
0.1175	0.6312	0.6420	1.3867
0.1208	0.6346	0.6460	1.3827
0.1234	0.6382	0.6500	1.3797
0.1267	0.6416	0.6540	1.3759
0.1305	0.6470	0.6600	1.3718
0.1340	0.6503	0.6640	1.3676
0.1367	0.6539	0.6680	1.3647
0.1405	0.6592	0.6740	1.3608
0.1444	0.6645	0.6800	1.3568
0.1473	0.6680	0.6840	1.3537
0.1512	0.6732	0.6900	1.3499
0.1548	0.6765	0.6940	1.3459
0.1589	0.6817	0.7000	1.3418
0.1623	0.6871	0.7060	1.3388
0.1664	0.6923	0.7120	1.3349
0.1702	0.6955	0.7160	1.3308
0.1742	0.7027	0.7240	1.3279
0.1783	0.7079	0.7300	1.3240
0.1822	0.7110	0.7340	1.3200
0.1866	0.7161	0.7400	1.3159
0.1908	0.7233	0.7480	1.3129
0.1951	0.7283	0.7540	1.3091
0.1997	0.7333	0.7600	1.3049
0.2041	0.7383	0.7660	1.3011
0.2084	0.7454	0.7740	1.2981
0.2131	0.7503	0.7800	1.2940
0.2184	0.7571	0.7880	1.2900
0.2224	0.7622	0.7940	1.2869
0.2275	0.7691	0.8020	1.2832
0.2330	0.7758	0.8100	1.2791
0.2383	0.7825	0.8180	1.2752
0.2424	0.7875	0.8240	1.2722
0.2486	0.7961	0.8340	1.2681
0.2543	0.8027	0.8420	1.2640
0.2591	0.8095	0.8500	1.2610
0.2648	0.8161	0.8580	1.2570
0.2713	0.8245	0.8680	1.2529
0.2773	0.8310	0.8760	1.2488
0.2823	0.8377	0.8840	1.2458
0.2890	0.8460	0.8940	1.2417
0.2956	0.8543	0.9040	1.2376
0.3016	0.8628	0.9140	1.2346
0.3084	0.8710	0.9240	1.2305
0.3151	0.8793	0.9340	1.2267
0.3221	0.8873	0.9440	1.2226
0.3289	0.8977	0.9560	1.2196
0.3361	0.9057	0.9660	1.2155
0.3439	0.9155	0.9780	1.2115
0.3510	0.9257	0.9900	1.2084
0.9569	-0.2834	0.9980	-0.2879
0.9538	-0.2867	0.9960	-0.2920
0.9507	-0.2901	0.9940	-0.2962
0.9476	-0.2933	0.9920	-0.3002
0.9445	-0.2966	0.9900	-0.3043
0.9414	-0.2999	0.9880	-0.3084
0.9383	-0.3031	0.9860	-0.3125
0.9351	-0.3063	0.9840	-0.3166
0.9338	-0.3102	0.9840	-0.3207
0.9326	-0.3139	0.9840	-0.3247
0.9332	-0.3184	0.9860	-0.3288
0.9318	-0.3223	0.9860	-0.3330
0.9264	-0.3258	0.9820	-0.3381
0.9272	-0.3295	0.9840	-0.3414
0.9237	-0.3333	0.9820	-0.3463
0.9129	-0.3337	0.9720	-0.3504
0.9097	-0.3367	0.9700	-0.3544
0.9083	-0.3404	0.9700	-0.3586
0.9050	-0.3434	0.9680	-0.3627
0.9018	-0.3464	0.9660	-0.3667
0.8965	-0.3489	0.9620	-0.3711
0.8914	-0.3510	0.9580	-0.3752
0.8936	-0.3562	0.9620	-0.3793
0.8922	-0.3599	0.9620	-0.3834
0.8888	-0.3627	0.9600	-0.3874
0.8892	-0.3671	0.9620	-0.3915
0.8858	-0.3700	0.9600	-0.3957
0.8825	-0.3728	0.9580	-0.3997
0.8809	-0.3764	0.9580	-0.4038
0.8775	-0.3793	0.9560	-0.4079
0.8760	-0.3828	0.9560	-0.4120
0.8744	-0.3864	0.9560	-0.4161
0.8728	-0.3900	0.9560	-0.4202
0.8694	-0.3927	0.9540	-0.4242
0.8660	-0.3954	0.9520	-0.4284
0.8625	-0.3982	0.9500	-0.4325
0.8608	-0.4019	0.9500	-0.4368
0.8591	-0.4054	0.9500	-0.4409
0.8575	-0.4090	0.9500	-0.4450
0.8540	-0.4116	0.9480	-0.4491
0.8505	-0.4142	0.9460	-0.4532
0.8467	-0.4175	0.9440	-0.4581
0.8448	-0.4212	0.9440	-0.4625
0.8431	-0.4246	0.9440	-0.4665
0.8414	-0.4281	0.9440	-0.4706
0.8378	-0.4306	0.9420	-0.4748
0.8361	-0.4340	0.9420	-0.4788
0.8325	-0.4365	0.9400	-0.4829
0.8307	-0.4399	0.9400	-0.4870
0.8289	-0.4433	0.9400	-0.4911
0.8253	-0.4457	0.9380	-0.4952
0.8235	-0.4491	0.9380	-0.4993
0.8217	-0.4524	0.9380	-0.5033
0.8198	-0.4558	0.9380	-0.5075
0.8162	-0.4582	0.9360	-0.5116
0.8143	-0.4615	0.9360	-0.5156
0.8124	-0.4649	0.9360	-0.5197
0.8105	-0.4682	0.9360	-0.5239
0.8067	-0.4707	0.9340	-0.5282
0.8048	-0.4740	0.9340	-0.5323
0.8028	-0.4773	0.9340	-0.5364
0.7992	-0.4795	0.9320	-0.5404
0.7972	-0.4828	0.9320	-0.5446
0.7952	-0.4861	0.9320	-0.5487
0.7932	-0.4893	0.9320	-0.5527
0.7912	-0.4926	0.9320	-0.5568
0.7892	-0.4958	0.9320	-0.5610
0.7855	-0.4979	0.9300	-0.5650
0.7834	-0.5012	0.9300	-0.5691
0.7813	-0.5044	0.9300	-0.5732
0.7827	-0.5097	0.9340	-0.5773
0.7822	-0.5140	0.9360	-0.5814
0.7784	-0.5161	0.9340	-0.5855
0.7714	-0.5159	0.9280	-0.5895
0.7641	-0.5160	0.9220	-0.5939
0.7587	-0.5168	0.9180	-0.5980
0.7599	-0.5222	0.9220	-0.6021
0.7577	-0.5253	0.9220	-0.6062
0.7556	-0.5284	0.9220	-0.6102
0.7550	-0.5326	0.9240	-0.6144
0.7545	-0.5369	0.9260	-0.6185
0.7507	-0.5388	0.9240	-0.6225
0.7484	-0.5419	0.9240	-0.6266
0.7478	-0.5461	0.9260	-0.6308
0.7456	-0.5491	0.9260	-0.6348
0.7433	-0.5522	0.9260	-0.6389
0.7411	-0.5552	0.9260	-0.6430
0.7372	-0.5570	0.9240	-0.6471
0.7365	-0.5613	0.9260	-0.6512
0.7326	-0.5631	0.9240	-0.6553
0.7302	-0.5662	0.9240	-0.6596
0.7278	-0.5692	0.9240	-0.6637
0.7255	-0.5722	0.9240	-0.6679
0.7233	-0.5749	0.9240	-0.6716
0.7211	-0.5777	0.9240	-0.6754
0.7187	-0.5807	0.9240	-0.6796
0.7165	-0.5834	0.9240	-0.6834
0.7141	-0.5863	0.9240	-0.6874
0.7134	-0.5903	0.9260	-0.6913
0.7110	-0.5933	0.9260	-0.6954
0.7087	-0.5960	0.9260	-0.6992
0.7050	-0.5973	0.9240	-0.7029
0.7025	-0.6002	0.9240	-0.7071
0.7002	-0.6029	0.9240	-0.7109
0.6977	-0.6058	0.9240	-0.7150
0.6969	-0.6097	0.9260	-0.7188
0.6931	-0.6111	0.9240	-0.7226
0.6906	-0.6139	0.9240	-0.7267
0.6897	-0.6179	0.9260	-0.7306
0.6872	-0.6207	0.9260	-0.7346
0.6848	-0.6233	0.9260	-0.7384
0.6822	-0.6261	0.9260	-0.7425
0.6798	-0.6287	0.9260	-0.7464
0.6774	-0.6313	0.9260	-0.7502
0.6749	-0.6341	0.9260	-0.7542
0.6739	-0.6380	0.9280	-0.7581
0.6712	-0.6408	0.9280	-0.7622
0.6688	-0.6434	0.9280	-0.7660
0.6664	-0.6459	0.9280	-0.7698
0.6637	-0.6486	0.9280	-0.7739
0.6612	-0.6511	0.9280	-0.7777
0.6599	-0.6553	0.9300	-0.7819
0.6575	-0.6577	0.9300	-0.7856
0.6548	-0.6604	0.9300	-0.7897
0.6522	-0.6629	0.9300	-0.7935
0.6497	-0.6654	0.9300	-0.7974
0.6470	-0.6681	0.9300	-0.8014
0.6458	-0.6720	0.9320	-0.8052
0.6430	-0.6746	0.9320	-0.8094
0.6418	-0.6785	0.9340	-0.8132
0.6379	-0.6795	0.9320	-0.8169
0.6351	-0.6821	0.9320	-0.8211
0.6325	-0.6845	0.9320	-0.8249
0.6324	-0.6901	0.9360	-0.8290
0.6298	-0.6924	0.9360	-0.8328
0.6256	-0.6935	0.9340	-0.8369
0.6242	-0.6974	0.9360	-0.8407
0.6216	-0.6998	0.9360	-0.8446
0.6187	-0.7023	0.9360	-0.8486
0.6174	-0.7062	0.9380	-0.8524
0.6144	-0.7087	0.9380	-0.8565
0.6130	-0.7126	0.9400	-0.8604
0.6103	-0.7149	0.9400	-0.8642
0.6087	-0.7189	0.9420	-0.8682
0.6059	-0.7213	0.9420	-0.8721
0.6030	-0.7237	0.9420	-0.8762
0.6015	-0.7276	0.9440	-0.8800
0.5985	-0.7300	0.9440	-0.8841
0.5977	-0.7332	0.9460	-0.8868
0.5948	-0.7356	0.9460	-0.8909
0.5920	-0.7379	0.9460	-0.8947
0.5902	-0.7419	0.9480	-0.8988
0.5873	-0.7442	0.9480	-0.9027
0.5858	-0.7479	0.9500	-0.9064
0.5839	-0.7519	0.9520	-0.9105
0.5810	-0.7541	0.9520	-0.9143
0.5779	-0.7565	0.9520	-0.9185
0.5751	-0.7587	0.9520	-0.9222
0.5731	-0.7626	0.9540	-0.9263
0.5702	-0.7648	0.9540	-0.9302
0.5696	-0.7702	0.9580	-0.9340
0.5677	-0.7741	0.9600	-0.9380
0.5636	-0.7747	0.9580	-0.9419
0.5615	-0.7786	0.9600	-0.9460
0.5597	-0.7824	0.9620	-0.9498
0.5579	-0.7862	0.9640	-0.9537
0.5547	-0.7884	0.9640	-0.9577
0.5505	-0.7889	0.9620	-0.9615
0.5484	-0.7928	0.9640	-0.9656
0.5465	-0.7966	0.9660	-0.9695
0.5444	-0.8004	0.9680	-0.9735
0.5425	-0.8041	0.9700	-0.9773
0.5394	-0.8062	0.9700	-0.9812
0.5350	-0.8067	0.9680	-0.9852
0.5319	-0.8088	0.9680	-0.9890
0.5297	-0.8126	0.9700	-0.9932
0.5287	-0.8180	0.9740	-0.9970
0.5267	-0.8217	0.9760	-1.0008
0.5244	-0.8255	0.9780	-1.0049
0.5223	-0.8292	0.9800	-1.0087
0.5189	-0.8314	0.9800	-1.0128
0.5167	-0.8350	0.9820	-1.0166
0.5136	-0.8370	0.9820	-1.0204
0.5121	-0.8402	0.9840	-1.0235
0.5097	-0.8440	0.9860	-1.0275
0.5075	-0.8477	0.9880	-1.0313
0.5040	-0.8498	0.9880	-1.0354
0.5028	-0.8551	0.9920	-1.0393
0.4995	-0.8571	0.9920	-1.0431
0.4971	-0.8608	0.9940	-1.0471
0.4945	-0.8646	0.9960	-1.0513
0.4919	-0.8683	0.9980	-1.0554
0.4884	-0.8703	0.9980	-1.0594
0.0285	-0.6394	0.6400	-1.5263
0.0257	-0.6375	0.6380	-1.5304
0.0231	-0.6356	0.6360	-1.5345
0.0204	-0.6337	0.6340	-1.5386
0.0178	-0.6318	0.6320	-1.5427
0.0153	-0.6338	0.6340	-1.5467
0.0127	-0.6359	0.6360	-1.5509
0.0101	-0.6379	0.6380	-1.5550
0.0076	-0.6420	0.6420	-1.5590
0.0049	-0.6440	0.6440	-1.5631
0.0030	-0.6480	0.6480	-1.5661
0.0004	-0.6500	0.6500	-1.5702
-0.0023	-0.6540	0.6540	-1.5742
-0.0050	-0.6560	0.6560	-1.5784
-0.0077	-0.6600	0.6600	-1.5825
-0.0104	-0.6619	0.6620	-1.5865
-0.0125	-0.6659	0.6660	-1.5896
-0.0153	-0.6698	0.6700	-1.5936
-0.0181	-0.6718	0.6720	-1.5977
-0.0210	-0.6757	0.6760	-1.6019
-0.0239	-0.6796	0.6800	-1.6059
-0.0263	-0.6835	0.6840	-1.6092
-0.0291	-0.6854	0.6860	-1.6133
-0.0321	-0.6893	0.6900	-1.6174
-0.0350	-0.6931	0.6940	-1.6212
-0.0380	-0.6970	0.6980	-1.6253
-0.0411	-0.7008	0.7020	-1.6294
-0.0436	-0.7047	0.7060	-1.6326
-0.0468	-0.7085	0.7100	-1.6368
-0.0500	-0.7122	0.7140	-1.6409
-0.0532	-0.7160	0.7180	-1.6449
-0.0564	-0.7198	0.7220	-1.6490
-0.0589	-0.7236	0.7260	-1.6520
-0.0622	-0.7273	0.7300	-1.6561
-0.0655	-0.7311	0.7340	-1.6602
-0.0689	-0.7348	0.7380	-1.6643
-0.0723	-0.7385	0.7420	-1.6684
-0.0749	-0.7422	0.7460	-1.6714
-0.0784	-0.7459	0.7500	-1.6755
-0.0820	-0.7515	0.7560	-1.6795
-0.0856	-0.7552	0.7600	-1.6836
-0.0892	-0.7588	0.7640	-1.6878
-0.0924	-0.7644	0.7700	-1.6910
-0.0960	-0.7680	0.7740	-1.6951
-0.0996	-0.7716	0.7780	-1.6992
-0.1033	-0.7751	0.7820	-1.7033
-0.1071	-0.7807	0.7880	-1.7071
-0.1108	-0.7842	0.7920	-1.7112
-0.1143	-0.7898	0.7980	-1.7145
-0.1181	-0.7933	0.8020	-1.7185
-0.1222	-0.7987	0.8080	-1.7227
-0.1265	-0.8041	0.8140	-1.7268
-0.1303	-0.8076	0.8180	-1.7308
-0.1337	-0.8131	0.8240	-1.7338
-0.1381	-0.8184	0.8300	-1.7379
-0.1421	-0.8218	0.8340	-1.7420
-0.1465	-0.8271	0.8400	-1.7461
-0.1509	-0.8324	0.8460	-1.7502
-0.1545	-0.8379	0.8520	-1.7531
-0.1591	-0.8431	0.8580	-1.7573
-0.1637	-0.8484	0.8640	-1.7614
-0.1683	-0.8536	0.8700	-1.7654
-0.1730	-0.8588	0.8760	-1.7695
-0.1770	-0.8641	0.8820	-1.7728
-0.1817	-0.8692	0.8880	-1.7769
-0.1866	-0.8743	0.8940	-1.7810
-0.1914	-0.8794	0.9000	-1.7851
-0.1960	-0.8845	0.9060	-1.7889
-0.2007	-0.8917	0.9140	-1.7922
-0.2057	-0.8967	0.9200	-1.7963
-0.2112	-0.9036	0.9280	-1.8004
-0.2162	-0.9086	0.9340	-1.8044
-0.2219	-0.9155	0.9420	-1.8086
-0.2260	-0.9207	0.9480	-1.8115
-0.2318	-0.9275	0.9560	-1.8157
-0.2375	-0.9343	0.9640	-1.8197
-0.2428	-0.9391	0.9700	-1.8238
-0.2487	-0.9458	0.9780	-1.8279
-0.2533	-0.9529	0.9860	-1.8306
-0.2598	-0.9615	0.9960	-1.8347
-0.8335	-0.5417	0.9940	-2.5653
-0.8260	-0.5311	0.9820	-2.5702
-0.8164	-0.5201	0.9680	-2.5743
-0.8084	-0.5104	0.9560	-2.5784
-0.8018	-0.5020	0.9460	-2.5823
-0.7942	-0.4915	0.9340	-2.5874
-0.7877	-0.4831	0.9240	-2.5915
-0.7794	-0.4736	0.9120	-2.5956
-0.7731	-0.4646	0.9020	-2.6005
-0.7682	-0.4573	0.8940	-2.6046
-0.7614	-0.4491	0.8840	-2.6086
-0.7551	-0.4401	0.8740	-2.6139
-0.7500	-0.4330	0.8660	-2.6179
-0.7430	-0.4250	0.8560	-2.6221
-0.7378	-0.4180	0.8480	-2.6262
-0.7313	-0.4093	0.8380	-2.6314
-0.7242	-0.4015	0.8280	-2.6354
-0.7188	-0.3946	0.8200	-2.6395
-0.7138	-0.3871	0.8120	-2.6447
-0.7083	-0.3804	0.8040	-2.6488
-0.7028	-0.3738	0.7960	-2.6528
-0.6975	-0.3666	0.7880	-2.6577
-0.6920	-0.3598	0.7800	-2.6621
-0.6864	-0.3533	0.7720	-2.6663
-0.6810	-0.3463	0.7640	-2.6711
-0.6771	-0.3408	0.7580	-2.6753
-0.6731	-0.3354	0.7520	-2.6793
-0.6676	-0.3284	0.7440	-2.6845
-0.6636	-0.3230	0.7380	-2.6886
-0.6577	-0.3168	0.7300	-2.6927
-0.6535	-0.3116	0.7240	-2.6967
-0.6497	-0.3056	0.7180	-2.7019
-0.6455	-0.3004	0.7120	-2.7060
-0.6413	-0.2952	0.7060	-2.7102
-0.6374	-0.2894	0.7000	-2.7153
-0.6331	-0.2844	0.6940	-2.7194
-0.6287	-0.2793	0.6880	-2.7235
-0.6246	-0.2739	0.6820	-2.7284
-0.6202	-0.2689	0.6760	-2.7325
-0.6159	-0.2639	0.6700	-2.7368
-0.6116	-0.2584	0.6640	-2.7418
-0.6090	-0.2544	0.6600	-2.7458
-0.6045	-0.2496	0.6540	-2.7499
-0.5999	-0.2449	0.6480	-2.7541
-0.5975	-0.2403	0.6440	-2.7592
-0.5947	-0.2364	0.6400	-2.7633
-0.5901	-0.2317	0.6340	-2.7674
-0.5876	-0.2272	0.6300	-2.7726
-0.5829	-0.2227	0.6240	-2.7767
-0.5801	-0.2189	0.6200	-2.7807
-0.5772	-0.2151	0.6160	-2.7848
-0.5746	-0.2108	0.6120	-2.7900
-0.5698	-0.2063	0.6060	-2.7941
-0.5668	-0.2027	0.6020	-2.7982
-0.5641	-0.1985	0.5980	-2.8032
-0.5611	-0.1950	0.5940	-2.8072
-0.5581	-0.1913	0.5900	-2.8113
-0.5551	-0.1877	0.5860	-2.8156
-0.5523	-0.1836	0.5820	-2.8206
-0.5492	-0.1802	0.5780	-2.8246
-0.5461	-0.1767	0.5740	-2.8288
-0.5432	-0.1726	0.5700	-2.8339
-0.5401	-0.1692	0.5660	-2.8381
-0.5370	-0.1658	0.5620	-2.8421
-0.5357	-0.1630	0.5600	-2.8462
-0.5328	-0.1591	0.5560	-2.8514
-0.5296	-0.1558	0.5520	-2.8555
-0.5263	-0.1525	0.5480	-2.8595
-0.5252	-0.1493	0.5460	-2.8647
-0.5220	-0.1460	0.5420	-2.8688
-0.5187	-0.1428	0.5380	-2.8730
-0.5173	-0.1402	0.5360	-2.8770
-0.5142	-0.1366	0.5320	-2.8820
-0.5128	-0.1340	0.5300	-2.8860
-0.5095	-0.1307	0.5260	-2.8904
-0.5081	-0.1282	0.5240	-2.8944
-0.5048	-0.1247	0.5200	-2.8994
-0.5034	-0.1222	0.5180	-2.9034
-0.5000	-0.1192	0.5140	-2.9076
-0.4987	-0.1162	0.5120	-2.9127
-0.4962	-0.1134	0.5090	-2.9169
-0.4947	-0.1110	0.5070	-2.9209
-0.4932	-0.1085	0.5050	-2.9250
-0.4907	-0.1059	0.5020	-2.9291
-0.4883	-0.1027	0.4990	-2.9343
-0.4868	-0.1003	0.4970	-2.9383
-0.4842	-0.0977	0.4940	-2.9425
-0.4827	-0.0953	0.4920	-2.9466
-0.4802	-0.0923	0.4890	-2.9518
-0.4786	-0.0900	0.4870	-2.9558
-0.4760	-0.0875	0.4840	-2.9599
-0.4745	-0.0846	0.4820	-2.9651
-0.4719	-0.0822	0.4790	-2.9692
-0.4703	-0.0799	0.4770	-2.9732
-0.4686	-0.0777	0.4750	-2.9774
-0.4660	-0.0749	0.4720	-2.9823
-0.4643	-0.0727	0.4700	-2.9864
-0.4617	-0.0703	0.4670	-2.9905
-0.4600	-0.0680	0.4650	-2.9948
-0.4583	-0.0655	0.4630	-2.9997
-0.4566	-0.0633	0.4610	-3.0038
-0.4559	-0.0613	0.4600	-3.0079
-0.4542	-0.0592	0.4580	-3.0120
-0.4524	-0.0571	0.4560	-3.0161
-0.4517	-0.0547	0.4550	-3.0210
-0.4499	-0.0526	0.4530	-3.0251
-0.4472	-0.0505	0.4500	-3.0292
-0.4464	-0.0487	0.4490	-3.0330
-0.4446	-0.0462	0.4470	-3.0380
-0.4428	-0.0443	0.4450	-3.0420
-0.4410	-0.0422	0.4430	-3.0461
-0.4391	-0.0404	0.4410	-3.0499
-0.4145	-0.0351	0.4160	-3.0570
-0.4127	-0.0333	0.4140	-3.0611
-0.4118	-0.0315	0.4130	-3.0652
-0.4099	-0.0297	0.4110	-3.0693
-0.4081	-0.0274	0.4090	-3.0745
-0.4072	-0.0257	0.4080	-3.0785
-0.4063	-0.0240	0.4070	-3.0826
-0.4044	-0.0222	0.4050	-3.0868
-0.4035	-0.0205	0.4040	-3.0908
-0.4016	-0.0183	0.4020	-3.0960
-0.3997	-0.0166	0.4000	-3.1001
-0.3987	-0.0149	0.3990	-3.1042
-0.3968	-0.0132	0.3970	-3.1082
-0.3948	-0.0111	0.3950	-3.1135
-0.3939	-0.0095	0.3940	-3.1175
-0.3929	-0.0079	0.3930	-3.1214
-0.3919	-0.0063	0.3920	-3.1255
-0.3900	-0.0044	0.3900	-3.1304
-0.3890	-0.0029	0.3890	-3.1342
-0.3880	-0.0013	0.3880	-3.1382
-0.2930	-0.0245	0.2940	-3.0581
-0.6778	-0.0547	0.6800	-3.0611
-0.2911	-0.0229	0.2920	-3.0630
-0.6640	-0.0510	0.6660	-3.0649
-0.2892	-0.0216	0.2900	-3.0671
-0.6523	-0.0469	0.6540	-3.0698
-0.2883	-0.0201	0.2890	-3.0720
-0.6426	-0.0430	0.6440	-3.0748
-0.2864	-0.0188	0.2870	-3.0761
-0.6327	-0.0400	0.6340	-3.0785
-0.2845	-0.0173	0.2850	-3.0810
-0.6229	-0.0362	0.6240	-3.0835
-0.6131	-0.0327	0.6140	-3.0884
-0.6033	-0.0298	0.6040	-3.0922
-0.5934	-0.0264	0.5940	-3.0971
-0.5855	-0.0238	0.5860	-3.1009
-0.5776	-0.0207	0.5780	-3.1058
-0.5697	-0.0176	0.5700	-3.1107
-0.5618	-0.0152	0.5620	-3.1146
-0.5539	-0.0123	0.5540	-3.1194
-0.5459	-0.0094	0.5460	-3.1243
-0.5380	-0.0072	0.5380	-3.1282
-0.5300	-0.0045	0.5300	-3.1331
-0.5240	-0.0025	0.5240	-3.1369
-0.9613	-0.1133	0.9680	-3.0242
-0.9658	-0.1098	0.9720	-3.0284
-0.9722	-0.1068	0.9780	-3.0322
-0.9784	-0.1045	0.9840	-3.0352
-0.9848	-0.1014	0.9900	-3.0390
-0.9912	-0.0979	0.9960	-3.0431
