x	y	r	phi
-0.4900	0.0001	0.4900	3.1414
-0.4940	0.0016	0.4940	3.1383
-0.4970	0.0036	0.4970	3.1343
-0.5010	0.0056	0.5010	3.1305
-0.5039	0.0071	0.5040	3.1275
-0.5079	0.0093	0.5080	3.1234
-0.5109	0.0114	0.5110	3.1193
-0.5138	0.0130	0.5140	3.1163
-0.5178	0.0151	0.5180	3.1124
-0.5217	0.0174	0.5220	3.1083
-0.5257	0.0191	0.5260	3.1054
-0.5296	0.0213	0.5300	3.1013
-0.5335	0.0235	0.5340	3.0975
-0.5374	0.0254	0.5380	3.0944
-0.5413	0.0277	0.5420	3.0904
-0.5472	0.0297	0.5480	3.0873
-0.5511	0.0322	0.5520	3.0833
-0.5549	0.0345	0.5560	3.0795
-0.5588	0.0364	0.5600	3.0765
-0.5646	0.0391	0.5660	3.0724
-0.5685	0.0418	0.5700	3.0682
-0.5723	0.0438	0.5740	3.0653
-0.5781	0.0464	0.5800	3.0614
-0.5819	0.0491	0.5840	3.0574
-0.5878	0.0514	0.5900	3.0543
-0.5915	0.0541	0.5940	3.0503
-0.5973	0.0565	0.6000	3.0473
-0.6011	0.0592	0.6040	3.0434
-0.6068	0.0622	0.6100	3.0394
-0.6126	0.0647	0.6160	3.0364
-0.6163	0.0676	0.6200	3.0323
-0.6220	0.0707	0.6260	3.0285
-0.6277	0.0732	0.6320	3.0255
-0.6328	0.0815	0.6380	3.0135
-0.6497	0.1043	0.6580	2.9823
-0.6493	0.1068	0.6580	2.9786
-0.6469	0.1091	0.6560	2.9745
-0.6464	0.1118	0.6560	2.9704
-0.6460	0.1143	0.6560	2.9665
-0.6435	0.1165	0.6540	2.9625
-0.6411	0.1188	0.6520	2.9584
-0.6406	0.1212	0.6520	2.9545
-0.6401	0.1238	0.6520	2.9505
-0.6397	0.1263	0.6520	2.9467
-0.6372	0.1285	0.6500	2.9426
-0.6366	0.1311	0.6500	2.9384
-0.6361	0.1335	0.6500	2.9347
-0.6336	0.1357	0.6480	2.9306
-0.6331	0.1383	0.6480	2.9265
-0.6304	0.1410	0.6460	2.9216
-0.6279	0.1430	0.6440	2.9177
-0.6273	0.1455	0.6440	2.9137
-0.6287	0.1485	0.6460	2.9096
-0.6262	0.1505	0.6440	2.9057
-0.6255	0.1531	0.6440	2.9016
-0.6249	0.1556	0.6440	2.8976
-0.6224	0.1575	0.6420	2.8938
-0.6198	0.1596	0.6400	2.8896
-0.6211	0.1624	0.6420	2.8858
-0.6185	0.1644	0.6400	2.8818
-0.6178	0.1670	0.6400	2.8777
-0.6172	0.1693	0.6400	2.8738
-0.6146	0.1713	0.6380	2.8698
-0.6139	0.1736	0.6380	2.8660
-0.6132	0.1762	0.6380	2.8618
-0.6105	0.1781	0.6360	2.8577
-0.6099	0.1804	0.6360	2.8540
-0.6091	0.1829	0.6360	2.8498
-0.6084	0.1854	0.6360	2.8457
-0.6057	0.1872	0.6340	2.8419
-0.6050	0.1896	0.6340	2.8379
-0.6042	0.1919	0.6340	2.8340
-0.6015	0.1938	0.6320	2.8299
-0.6008	0.1962	0.6320	2.8259
-0.6000	0.1985	0.6320	2.8220
-0.5992	0.2010	0.6320	2.8179
-0.5984	0.2033	0.6320	2.8141
-0.5955	0.2057	0.6300	2.8089
-0.5947	0.2080	0.6300	2.8051
-0.5938	0.2104	0.6300	2.8010
-0.5930	0.2127	0.6300	2.7972
-0.5902	0.2145	0.6280	2.7931
-0.5894	0.2168	0.6280	2.7891
-0.5885	0.2191	0.6280	2.7852
-0.5876	0.2215	0.6280	2.7811
-0.5848	0.2232	0.6260	2.7770
-0.5840	0.2254	0.6260	2.7732
-0.5849	0.2285	0.6280	2.7691
-0.5822	0.2300	0.6260	2.7653
-0.5812	0.2324	0.6260	2.7612
-0.5803	0.2348	0.6260	2.7571
-0.5794	0.2370	0.6260	2.7533
-0.5784	0.2394	0.6260	2.7492
-0.5775	0.2416	0.6260	2.7454
-0.5765	0.2439	0.6260	2.7413
-0.5755	0.2463	0.6260	2.7372
-0.5727	0.2477	0.6240	2.7334
-0.5717	0.2500	0.6240	2.7293
-0.5707	0.2524	0.6240	2.7252
-0.5697	0.2546	0.6240	2.7214
-0.5687	0.2569	0.6240	2.7174
-0.5677	0.2590	0.6240	2.7135
-0.5666	0.2614	0.6240	2.7094
-0.5655	0.2637	0.6240	2.7053
-0.5627	0.2650	0.6220	2.7015
-0.5616	0.2673	0.6220	2.6974
-0.5624	0.2703	0.6240	2.6936
-0.5595	0.2717	0.6220	2.6895
-0.5584	0.2740	0.6220	2.6854
-0.5573	0.2761	0.6220	2.6816
-0.5562	0.2784	0.6220	2.6775
-0.5551	0.2807	0.6220	2.6734
-0.5540	0.2828	0.6220	2.6696
-0.5528	0.2851	0.6220	2.6655
-0.5517	0.2872	0.6220	2.6616
-0.5523	0.2903	0.6240	2.6576
-0.5511	0.2926	0.6240	2.6535
-0.5482	0.2938	0.6220	2.6497
-0.5470	0.2960	0.6220	2.6455
-0.5459	0.2981	0.6220	2.6418
-0.5447	0.3003	0.6220	2.6377
-0.5434	0.3026	0.6220	2.6336
-0.5423	0.3047	0.6220	2.6297
-0.5410	0.3068	0.6220	2.6257
-0.5399	0.3089	0.6220	2.6219
-0.5386	0.3111	0.6220	2.6177
-0.5373	0.3133	0.6220	2.6137
-0.5378	0.3164	0.6240	2.6099
-0.5348	0.3176	0.6220	2.6058
-0.5352	0.3208	0.6240	2.6016
-0.5323	0.3218	0.6220	2.5979
-0.5327	0.3250	0.6240	2.5938
-0.5314	0.3270	0.6240	2.5899
-0.5301	0.3292	0.6240	2.5859
-0.5288	0.3314	0.6240	2.5818
-0.5275	0.3334	0.6240	2.5780
-0.5261	0.3356	0.6240	2.5738
-0.5248	0.3375	0.6240	2.5701
-0.5234	0.3397	0.6240	2.5660
-0.5220	0.3418	0.6240	2.5618
-0.5224	0.3449	0.6260	2.5580
-0.5193	0.3459	0.6240	2.5540
-0.5179	0.3481	0.6240	2.5499
-0.5182	0.3512	0.6260	2.5460
-0.5168	0.3533	0.6260	2.5420
-0.5153	0.3554	0.6260	2.5379
-0.5139	0.3575	0.6260	2.5338
-0.5124	0.3596	0.6260	2.5297
-0.5109	0.3617	0.6260	2.5256
-0.5112	0.3648	0.6280	2.5218
-0.5113	0.3681	0.6300	2.5176
-0.5098	0.3701	0.6300	2.5136
-0.5067	0.3710	0.6280	2.5095
-0.5051	0.3731	0.6280	2.5054
-0.5036	0.3752	0.6280	2.5013
-0.5021	0.3772	0.6280	2.4972
-0.5021	0.3805	0.6300	2.4931
-0.5007	0.3824	0.6300	2.4894
-0.4991	0.3844	0.6300	2.4852
-0.4975	0.3865	0.6300	2.4811
-0.4979	0.3892	0.6320	2.4781
-0.4963	0.3913	0.6320	2.4740
-0.4947	0.3933	0.6320	2.4700
-0.4947	0.3965	0.6340	2.4659
-0.4930	0.3986	0.6340	2.4618
-0.4914	0.4006	0.6340	2.4577
-0.4898	0.4026	0.6340	2.4536
-0.4881	0.4046	0.6340	2.4495
-0.4866	0.4065	0.6340	2.4456
-0.4864	0.4097	0.6360	2.4416
-0.4848	0.4117	0.6360	2.4375
-0.4831	0.4137	0.6360	2.4334
-0.4829	0.4170	0.6380	2.4293
-0.4812	0.4189	0.6380	2.4252
-0.4794	0.4209	0.6380	2.4211
-0.4777	0.4229	0.6380	2.4171
-0.4761	0.4247	0.6380	2.4132
-0.4759	0.4280	0.6400	2.4091
-0.4741	0.4299	0.6400	2.4051
-0.4738	0.4332	0.6420	2.4010
-0.4720	0.4351	0.6420	2.3968
-0.4703	0.4370	0.6420	2.3928
-0.4699	0.4403	0.6440	2.3887
-0.4681	0.4423	0.6440	2.3846
-0.4664	0.4441	0.6440	2.3807
-0.4661	0.4473	0.6460	2.3767
-0.4642	0.4492	0.6460	2.3726
-0.4624	0.4512	0.6460	2.3685
-0.4624	0.4539	0.6480	2.3655
-0.4606	0.4558	0.6480	2.3615
-0.4587	0.4577	0.6480	2.3573
-0.4583	0.4610	0.6500	2.3532
-0.4564	0.4628	0.6500	2.3492
-0.4545	0.4647	0.6500	2.3451
-0.4540	0.4680	0.6520	2.3410
-0.4521	0.4698	0.6520	2.3369
-0.4516	0.4730	0.6540	2.3331
-0.4497	0.4749	0.6540	2.3290
-0.4477	0.4767	0.6540	2.3248
-0.4472	0.4800	0.6560	2.3208
-0.4452	0.4818	0.6560	2.3167
-0.4445	0.4851	0.6580	2.3126
-0.4426	0.4869	0.6580	2.3085
-0.4406	0.4887	0.6580	2.3044
-0.4400	0.4919	0.6600	2.3006
-0.4394	0.4952	0.6620	2.2966
-0.4373	0.4970	0.6620	2.2924
-0.4366	0.5003	0.6640	2.2883
-0.4346	0.5020	0.6640	2.2843
-0.4325	0.5038	0.6640	2.2802
-0.4323	0.5066	0.6660	2.2772
-0.4315	0.5099	0.6680	2.2731
-0.4294	0.5117	0.6680	2.2689
-0.4286	0.5150	0.6700	2.2649
-0.4265	0.5167	0.6700	2.2608
-0.4258	0.5199	0.6720	2.2570
-0.4236	0.5217	0.6720	2.2528
-0.4228	0.5249	0.6740	2.2488
-0.4206	0.5267	0.6740	2.2447
-0.4197	0.5300	0.6760	2.2406
-0.4175	0.5316	0.6760	2.2365
-0.4166	0.5349	0.6780	2.2324
-0.4156	0.5382	0.6800	2.2283
-0.4136	0.5398	0.6800	2.2246
-0.4125	0.5431	0.6820	2.2204
-0.4103	0.5448	0.6820	2.2163
-0.4099	0.5476	0.6840	2.2133
-0.4076	0.5493	0.6840	2.2092
-0.4066	0.5525	0.6860	2.2052
-0.4055	0.5558	0.6880	2.2011
-0.4044	0.5591	0.6900	2.1969
-0.4021	0.5607	0.6900	2.1929
-0.3998	0.5624	0.6900	2.1888
-0.3986	0.5657	0.6920	2.1847
-0.3977	0.5688	0.6940	2.1809
-0.3964	0.5721	0.6960	2.1768
-0.3941	0.5737	0.6960	2.1727
-0.3929	0.5769	0.6980	2.1687
-0.3905	0.5785	0.6980	2.1645
-0.3892	0.5818	0.7000	2.1604
-0.3897	0.5863	0.7040	2.1574
-0.3875	0.5878	0.7040	2.1536
-0.3863	0.5909	0.7060	2.1498
-0.3850	0.5942	0.7080	2.1458
-0.3827	0.5956	0.7080	2.1419
-0.3815	0.5988	0.7100	2.1381
-0.3801	0.6020	0.7120	2.1340
-0.3778	0.6035	0.7120	2.1301
-0.3766	0.6066	0.7140	2.1264
-0.3751	0.6099	0.7160	2.1223
-0.3738	0.6130	0.7180	2.1184
-0.3725	0.6161	0.7200	2.1146
-0.3711	0.6194	0.7220	2.1106
-0.3704	0.6221	0.7240	2.1078
-0.3689	0.6253	0.7260	2.1038
-0.3665	0.6267	0.7260	2.0999
-0.3651	0.6298	0.7280	2.0961
-0.3635	0.6331	0.7300	2.0920
-0.3610	0.6345	0.7300	2.0881
-0.3606	0.6393	0.7340	2.0844
-0.3590	0.6425	0.7360	2.0803
-0.3575	0.6457	0.7380	2.0764
-0.3559	0.6488	0.7400	2.0726
-0.3543	0.6520	0.7420	2.0686
-0.3518	0.6533	0.7420	2.0647
-0.3502	0.6564	0.7440	2.0609
-0.3492	0.6592	0.7460	2.0579
-0.3476	0.6623	0.7480	2.0541
-0.3467	0.6673	0.7520	2.0500
-0.3451	0.6704	0.7540	2.0461
-0.3426	0.6717	0.7540	2.0424
-0.3416	0.6767	0.7580	2.0383
-0.3399	0.6798	0.7600	2.0344
-0.3382	0.6829	0.7620	2.0306
-0.3363	0.6860	0.7640	2.0266
-0.3345	0.6891	0.7660	2.0227
-0.3327	0.6922	0.7680	2.0189
-0.3316	0.6950	0.7700	2.0159
-0.3295	0.6981	0.7720	2.0118
-0.3222	0.7038	0.7740	2.0001
-0.3096	0.7050	0.7700	1.9846
-0.3037	0.7010	0.7640	1.9796
-0.3002	0.7004	0.7620	1.9758
-0.2960	0.6978	0.7580	1.9720
-0.2916	0.6953	0.7540	1.9679
-0.2874	0.6927	0.7500	1.9641
-0.2832	0.6901	0.7460	1.9602
-0.2784	0.6878	0.7420	1.9553
-0.2740	0.6852	0.7380	1.9512
-0.2700	0.6825	0.7340	1.9475
-0.2666	0.6817	0.7320	1.9436
-0.2624	0.6791	0.7280	1.9395
-0.2584	0.6763	0.7240	1.9357
-0.2543	0.6757	0.7220	1.9308
-0.2504	0.6729	0.7180	1.9270
-0.2470	0.6721	0.7160	1.9229
-0.2430	0.6692	0.7120	1.9191
-0.2391	0.6664	0.7080	1.9153
-0.2357	0.6655	0.7060	1.9111
-0.2311	0.6629	0.7020	1.9063
-0.2279	0.6619	0.7000	1.9024
-0.2241	0.6589	0.6960	1.8987
-0.2208	0.6579	0.6940	1.8946
-0.2170	0.6550	0.6900	1.8907
-0.2139	0.6539	0.6880	1.8869
-0.2100	0.6510	0.6840	1.8829
-0.2063	0.6500	0.6820	1.8782
-0.2031	0.6490	0.6800	1.8741
-0.1995	0.6459	0.6760	1.8703
-0.1964	0.6448	0.6740	1.8665
-0.1932	0.6436	0.6720	1.8623
-0.1896	0.6405	0.6680	1.8585
-0.1866	0.6393	0.6660	1.8548
-0.1829	0.6383	0.6640	1.8498
-0.1797	0.6371	0.6620	1.8458
-0.1768	0.6359	0.6600	1.8419
-0.1733	0.6327	0.6560	1.8381
-0.1701	0.6315	0.6540	1.8340
-0.1673	0.6302	0.6520	1.8302
-0.1638	0.6269	0.6480	1.8264
-0.1603	0.6258	0.6460	1.8215
-0.1572	0.6245	0.6440	1.8174
-0.1543	0.6232	0.6420	1.8135
-0.1515	0.6218	0.6400	1.8097
-0.1485	0.6205	0.6380	1.8057
-0.1456	0.6191	0.6360	1.8019
-0.1428	0.6177	0.6340	1.7980
-0.1398	0.6163	0.6320	1.7939
-0.1366	0.6150	0.6300	1.7893
-0.1332	0.6117	0.6260	1.7852
-0.1304	0.6102	0.6240	1.7813
-0.1275	0.6088	0.6220	1.7773
-0.1246	0.6073	0.6200	1.7732
-0.1217	0.6059	0.6180	1.7691
-0.1189	0.6044	0.6160	1.7650
-0.1156	0.6030	0.6140	1.7601
-0.1131	0.6035	0.6140	1.7560
-0.1102	0.6020	0.6120	1.7519
-0.1071	0.5985	0.6080	1.7479
-0.1043	0.5970	0.6060	1.7438
-0.1020	0.5974	0.6060	1.7399
-0.0992	0.5958	0.6040	1.7358
-0.0965	0.5942	0.6020	1.7318
-0.0937	0.5926	0.6000	1.7276
-0.0905	0.5911	0.5980	1.7228
-0.0878	0.5895	0.5960	1.7186
-0.0851	0.5879	0.5940	1.7146
-0.0827	0.5882	0.5940	1.7105
-0.0800	0.5866	0.5920	1.7064
-0.0774	0.5849	0.5900	1.7023
-0.0747	0.5832	0.5880	1.6982
-0.0721	0.5816	0.5860	1.6941
-0.0690	0.5799	0.5840	1.6892
-0.0664	0.5782	0.5820	1.6851
-0.0640	0.5785	0.5820	1.6811
-0.0614	0.5767	0.5800	1.6769
-0.0590	0.5750	0.5780	1.6731
-0.0567	0.5752	0.5780	1.6690
-0.0541	0.5734	0.5760	1.6649
-0.0516	0.5717	0.5740	1.6608
-0.0491	0.5699	0.5720	1.6567
-0.0468	0.5701	0.5720	1.6527
-0.0438	0.5683	0.5700	1.6478
-0.0414	0.5665	0.5680	1.6437
-0.0389	0.5647	0.5660	1.6395
-0.0366	0.5648	0.5660	1.6355
-0.0342	0.5630	0.5640	1.6314
-0.0319	0.5611	0.5620	1.6276
-0.0296	0.5612	0.5620	1.6234
-0.0272	0.5593	0.5600	1.6194
-0.0249	0.5594	0.5600	1.6153
-0.0219	0.5576	0.5580	1.6101
-0.0197	0.5557	0.5560	1.6063
-0.0175	0.5557	0.5560	1.6022
-0.0151	0.5538	0.5540	1.5981
-0.0128	0.5519	0.5520	1.5940
-0.0106	0.5519	0.5520	1.5900
-0.0083	0.5519	0.5520	1.5858
-0.0060	0.5500	0.5500	1.5817
-0.0039	0.5480	0.5480	1.5779
-0.0017	0.5480	0.5480	1.5739
0.0012	0.5460	0.5460	1.5687
0.0034	0.5460	0.5460	1.5646
0.0055	0.5440	0.5440	1.5607
0.0077	0.5439	0.5440	1.5567
0.0099	0.5419	0.5420	1.5526
0.0121	0.5399	0.5400	1.5485
0.0142	0.5398	0.5400	1.5444
0.0165	0.5417	0.5420	1.5403
0.0187	0.5397	0.5400	1.5362
0.0207	0.5356	0.5360	1.5322
0.0233	0.5335	0.5340	1.5272
0.0254	0.5334	0.5340	1.5231
0.0275	0.5313	0.5320	1.5190
0.0296	0.5292	0.5300	1.5149
0.0316	0.5291	0.5300	1.5112
0.0336	0.5269	0.5280	1.5070
0.0357	0.5248	0.5260	1.5029
0.0376	0.5226	0.5240	1.4989
0.0398	0.5225	0.5240	1.4948
0.0420	0.5223	0.5240	1.4906
0.0441	0.5221	0.5240	1.4866
0.0465	0.5199	0.5220	1.4816
0.0486	0.5197	0.5220	1.4776
0.0507	0.5195	0.5220	1.4735
0.0527	0.5173	0.5200	1.4694
0.0547	0.5171	0.5200	1.4653
0.0567	0.5169	0.5200	1.4615
0.0586	0.5147	0.5180	1.4574
0.0607	0.5144	0.5180	1.4534
0.0626	0.5122	0.5160	1.4492
0.0647	0.5119	0.5160	1.4451
0.0667	0.5117	0.5160	1.4411
0.0689	0.5114	0.5160	1.4370
0.0705	0.5091	0.5140	1.4331
0.0726	0.5088	0.5140	1.4290
0.0750	0.5065	0.5120	1.4238
0.0770	0.5062	0.5120	1.4198
0.0788	0.5039	0.5100	1.4157
0.0810	0.5055	0.5120	1.4118
0.0829	0.5042	0.5110	1.4078
0.0847	0.5019	0.5090	1.4037
0.0867	0.5016	0.5090	1.3996
0.0886	0.5002	0.5080	1.3955
0.0905	0.4989	0.5070	1.3914
0.0923	0.4975	0.5060	1.3873
0.0942	0.4971	0.5060	1.3835
0.0962	0.4968	0.5060	1.3794
0.0981	0.4954	0.5050	1.3753
0.0999	0.4940	0.5040	1.3712
0.1017	0.4926	0.5030	1.3672
0.1038	0.4922	0.5030	1.3630
0.1056	0.4908	0.5020	1.3589
0.1075	0.4903	0.5020	1.3549
0.1096	0.4899	0.5020	1.3508
0.1119	0.4883	0.5010	1.3456
0.1137	0.4869	0.5000	1.3415
0.1156	0.4864	0.5000	1.3374
0.1174	0.4850	0.4990	1.3333
0.1192	0.4835	0.4980	1.3292
0.1208	0.4821	0.4970	1.3254
0.1229	0.4826	0.4980	1.3213
0.1249	0.4821	0.4980	1.3172
0.1264	0.4796	0.4960	1.3131
0.1283	0.4791	0.4960	1.3091
0.1306	0.4795	0.4970	1.3049
0.1323	0.4780	0.4960	1.3008
0.1337	0.4756	0.4940	1.2968
0.1356	0.4750	0.4940	1.2927
0.1379	0.4754	0.4950	1.2885
0.1398	0.4749	0.4950	1.2845
0.1415	0.4733	0.4940	1.2804
0.1431	0.4718	0.4930	1.2763
0.1447	0.4702	0.4920	1.2722
0.1467	0.4686	0.4910	1.2674
0.1486	0.4680	0.4910	1.2632
0.1505	0.4684	0.4920	1.2600
0.1524	0.4678	0.4920	1.2559
0.1543	0.4672	0.4920	1.2517
0.1560	0.4645	0.4900	1.2468
0.1578	0.4639	0.4900	1.2428
0.1598	0.4632	0.4900	1.2387
0.1617	0.4626	0.4900	1.2346
0.1635	0.4619	0.4900	1.2305
0.1651	0.4603	0.4890	1.2264
0.1670	0.4596	0.4890	1.2223
0.1692	0.4599	0.4900	1.2183
0.1707	0.4582	0.4890	1.2141
0.1726	0.4575	0.4890	1.2100
0.1741	0.4559	0.4880	1.2060
0.1756	0.4542	0.4870	1.2019
0.1775	0.4535	0.4870	1.1978
0.1797	0.4537	0.4880	1.1937
0.1816	0.4530	0.4880	1.1896
0.1830	0.4513	0.4870	1.1855
0.1849	0.4506	0.4870	1.1815
0.1867	0.4498	0.4870	1.1773
0.1892	0.4509	0.4890	1.1735
0.1911	0.4501	0.4890	1.1694
0.1921	0.4475	0.4870	1.1653
0.1931	0.4449	0.4850	1.1612
0.1954	0.4450	0.4860	1.1571
0.1972	0.4442	0.4860	1.1531
0.1986	0.4425	0.4850	1.1490
0.2000	0.4407	0.4840	1.1448
0.2013	0.4390	0.4830	1.1408
0.2036	0.4391	0.4840	1.1367
0.2054	0.4383	0.4840	1.1326
0.2071	0.4374	0.4840	1.1285
0.2089	0.4366	0.4840	1.1244
0.2107	0.4357	0.4840	1.1203
0.2125	0.4349	0.4840	1.1163
0.2147	0.4349	0.4850	1.1121
0.2170	0.4349	0.4860	1.1080
0.2196	0.4358	0.4880	1.1040
0.2214	0.4349	0.4880	1.0999
0.2232	0.4340	0.4880	1.0957
0.2240	0.4313	0.4860	1.0917
0.2249	0.4286	0.4840	1.0876
0.2260	0.4257	0.4820	1.0827
0.2273	0.4239	0.4810	1.0786
0.2290	0.4230	0.4810	1.0746
0.2317	0.4249	0.4840	1.0715
0.2354	0.4275	0.4880	1.0675
0.2376	0.4274	0.4890	1.0633
0.2384	0.4246	0.4870	1.0592
0.2391	0.4219	0.4850	1.0552
0.2398	0.4181	0.4820	1.0500
0.2405	0.4154	0.4800	1.0459
0.2418	0.4135	0.4790	1.0418
0.2444	0.4143	0.4810	1.0377
0.2472	0.4161	0.4840	1.0347
0.2504	0.4177	0.4870	1.0306
0.2527	0.4175	0.4880	1.0265
0.2549	0.4173	0.4890	1.0224
0.2566	0.4163	0.4890	1.0184
0.2583	0.4152	0.4890	1.0142
0.2590	0.4124	0.4870	1.0101
0.2596	0.4097	0.4850	1.0061
0.2607	0.4078	0.4840	1.0020
0.2624	0.4067	0.4840	0.9979
0.2635	0.4048	0.4830	0.9938
0.2651	0.4037	0.4830	0.9897
0.2678	0.4044	0.4850	0.9859
0.2693	0.4033	0.4850	0.9820
0.2715	0.4031	0.4860	0.9780
0.2736	0.4029	0.4870	0.9742
0.2757	0.4026	0.4880	0.9703
0.2774	0.4015	0.4880	0.9662
0.2789	0.4005	0.4880	0.9625
0.2804	0.3994	0.4880	0.9586
0.2825	0.3991	0.4890	0.9548
0.2842	0.3980	0.4890	0.9507
0.2857	0.3969	0.4890	0.9468
0.2872	0.3958	0.4890	0.9431
0.2888	0.3946	0.4890	0.9390
0.2915	0.3951	0.4910	0.9352
0.2933	0.3950	0.4920	0.9322
0.2954	0.3947	0.4930	0.9283
0.2969	0.3936	0.4930	0.9245
0.2970	0.3897	0.4900	0.9196
0.2980	0.3877	0.4890	0.9155
0.3001	0.3874	0.4900	0.9117
0.3022	0.3870	0.4910	0.9079
0.3040	0.3869	0.4920	0.9049
0.3060	0.3865	0.4930	0.9011
0.3082	0.3860	0.4940	0.8970
0.3097	0.3849	0.4940	0.8932
0.3112	0.3837	0.4940	0.8893
0.3127	0.3825	0.4940	0.8855
0.3148	0.3820	0.4950	0.8815
0.3163	0.3808	0.4950	0.8776
0.3184	0.3803	0.4960	0.8738
0.3200	0.3790	0.4960	0.8697
0.3220	0.3786	0.4970	0.8659
0.3235	0.3773	0.4970	0.8621
0.3250	0.3760	0.4970	0.8580
0.3271	0.3755	0.4980	0.8541
0.3286	0.3742	0.4980	0.8503
0.3307	0.3737	0.4990	0.8463
0.3328	0.3731	0.5000	0.8424
0.3342	0.3719	0.5000	0.8386
0.3365	0.3712	0.5010	0.8345
0.3381	0.3711	0.5020	0.8318
0.3393	0.3687	0.5010	0.8269
0.3410	0.3684	0.5020	0.8239
0.3431	0.3678	0.5030	0.8201
0.3446	0.3664	0.5030	0.8160
0.3467	0.3658	0.5040	0.8121
0.3481	0.3645	0.5040	0.8083
0.3502	0.3639	0.5050	0.8046
0.3524	0.3631	0.5060	0.8005
0.3538	0.3618	0.5060	0.7966
0.3558	0.3611	0.5070	0.7928
0.3580	0.3604	0.5080	0.7888
0.3594	0.3590	0.5080	0.7849
0.3608	0.3577	0.5080	0.7811
0.3629	0.3569	0.5090	0.7770
0.3650	0.3562	0.5100	0.7731
0.3671	0.3555	0.5110	0.7694
0.3693	0.3547	0.5120	0.7653
0.3706	0.3533	0.5120	0.7614
0.3720	0.3518	0.5120	0.7576
0.3745	0.3521	0.5140	0.7546
0.3758	0.3507	0.5140	0.7508
0.3787	0.3505	0.5160	0.7468
0.3800	0.3490	0.5160	0.7429
0.3814	0.3476	0.5160	0.7391
0.3843	0.3474	0.5180	0.7350
0.3856	0.3459	0.5180	0.7311
0.3884	0.3458	0.5200	0.7274
0.3897	0.3443	0.5200	0.7236
0.3926	0.3440	0.5220	0.7194
0.3940	0.3425	0.5220	0.7156
0.3953	0.3410	0.5220	0.7118
0.3978	0.3411	0.5240	0.7088
0.3991	0.3396	0.5240	0.7050
0.4005	0.3379	0.5240	0.7009
0.4033	0.3377	0.5260	0.6971
0.4046	0.3361	0.5260	0.6933
0.4060	0.3345	0.5260	0.6891
0.4072	0.3329	0.5260	0.6854
0.4085	0.3314	0.5260	0.6816
0.4114	0.3310	0.5280	0.6774
0.4142	0.3306	0.5300	0.6736
0.4155	0.3290	0.5300	0.6698
0.4168	0.3274	0.5300	0.6657
0.4181	0.3258	0.5300	0.6619
0.4209	0.3254	0.5320	0.6581
0.4221	0.3238	0.5320	0.6542
0.4234	0.3221	0.5320	0.6502
0.4263	0.3216	0.5340	0.6464
0.4288	0.3216	0.5360	0.6434
0.4301	0.3199	0.5360	0.6396
0.4329	0.3194	0.5380	0.6357
0.4358	0.3188	0.5400	0.6316
0.4387	0.3183	0.5420	0.6278
0.4398	0.3167	0.5420	0.6240
0.4411	0.3149	0.5420	0.6199
0.4440	0.3143	0.5440	0.6161
0.4469	0.3137	0.5460	0.6120
0.4482	0.3119	0.5460	0.6079
0.4494	0.3101	0.5460	0.6041
0.4519	0.3099	0.5480	0.6011
0.4549	0.3092	0.5500	0.5970
0.4578	0.3084	0.5520	0.5929
0.4590	0.3067	0.5520	0.5890
0.4619	0.3059	0.5540	0.5850
0.4631	0.3040	0.5540	0.5809
0.4660	0.3033	0.5560	0.5771
0.4672	0.3015	0.5560	0.5730
0.4700	0.3007	0.5580	0.5692
0.4727	0.3003	0.5600	0.5659
0.4738	0.2985	0.5600	0.5621
0.4768	0.2976	0.5620	0.5580
0.4779	0.2957	0.5620	0.5542
0.4808	0.2949	0.5640	0.5501
0.4837	0.2939	0.5660	0.5460
0.4865	0.2931	0.5680	0.5422
0.4894	0.2921	0.5700	0.5381
0.4906	0.2901	0.5700	0.5340
0.4900	0.2872	0.5680	0.5302
0.4929	0.2862	0.5700	0.5261
0.4955	0.2857	0.5720	0.5231
0.4984	0.2847	0.5740	0.5190
0.5012	0.2838	0.5760	0.5152
0.5041	0.2827	0.5780	0.5111
0.5070	0.2816	0.5800	0.5070
0.5099	0.2806	0.5820	0.5031
0.5128	0.2795	0.5840	0.4991
0.5139	0.2774	0.5840	0.4950
0.5165	0.2768	0.5860	0.4920
0.5175	0.2749	0.5860	0.4882
0.5204	0.2736	0.5880	0.4841
0.5233	0.2725	0.5900	0.4800
0.5261	0.2714	0.5920	0.4762
0.5290	0.2701	0.5940	0.4721
0.5319	0.2689	0.5960	0.4681
0.5329	0.2668	0.5960	0.4642
0.5358	0.2655	0.5980	0.4601
0.5384	0.2648	0.6000	0.4571
0.5413	0.2635	0.6020	0.4530
0.5441	0.2623	0.6040	0.4492
0.5469	0.2609	0.6060	0.4451
0.5498	0.2597	0.6080	0.4413
0.5508	0.2574	0.6080	0.4372
0.5537	0.2560	0.6100	0.4331
0.5565	0.2547	0.6120	0.4293
0.5593	0.2533	0.6140	0.4252
0.5619	0.2524	0.6160	0.4222
0.5648	0.2509	0.6180	0.4181
0.5676	0.2496	0.6200	0.4143
0.5704	0.2481	0.6220	0.4102
0.5732	0.2465	0.6240	0.4061
0.5760	0.2451	0.6260	0.4023
0.5789	0.2435	0.6280	0.3982
0.5799	0.2412	0.6280	0.3941
0.5826	0.2397	0.6300	0.3903
0.5852	0.2387	0.6320	0.3873
0.5899	0.2378	0.6360	0.3832
0.5927	0.2361	0.6380	0.3791
0.5955	0.2346	0.6400	0.3753
0.5983	0.2329	0.6420	0.3712
0.6011	0.2311	0.6440	0.3671
0.6038	0.2295	0.6460	0.3633
0.6064	0.2285	0.6480	0.3603
0.6092	0.2266	0.6500	0.3562
0.6139	0.2256	0.6540	0.3521
0.6166	0.2239	0.6560	0.3483
0.6194	0.2220	0.6580	0.3442
0.6222	0.2202	0.6600	0.3402
0.6249	0.2185	0.6620	0.3363
0.6294	0.2179	0.6660	0.3333
0.6321	0.2160	0.6680	0.3292
0.6349	0.2140	0.6700	0.3251
0.6395	0.2128	0.6740	0.3213
0.6423	0.2109	0.6760	0.3172
0.6450	0.2090	0.6780	0.3134
0.6477	0.2070	0.6800	0.3093
0.6522	0.2063	0.6840	0.3063
0.6549	0.2042	0.6860	0.3022
0.6576	0.2022	0.6880	0.2984
0.6622	0.2008	0.6920	0.2943
0.6650	0.1986	0.6940	0.2902
0.6696	0.1972	0.6980	0.2864
0.6723	0.1950	0.7000	0.2823
0.6767	0.1941	0.7040	0.2793
0.6794	0.1919	0.7060	0.2753
0.6840	0.1903	0.7100	0.2714
0.6867	0.1881	0.7120	0.2673
0.6894	0.1857	0.7140	0.2632
0.6940	0.1842	0.7180	0.2594
0.6986	0.1823	0.7220	0.2553
0.7011	0.1808	0.7240	0.2523
0.7057	0.1789	0.7280	0.2482
0.7122	0.1774	0.7340	0.2441
0.7130	0.1745	0.7340	0.2401
0.7156	0.1723	0.7360	0.2362
0.7221	0.1707	0.7420	0.2321
0.7247	0.1682	0.7440	0.2280
0.7272	0.1662	0.7460	0.2247
0.7337	0.1648	0.7520	0.2209
0.7383	0.1627	0.7560	0.2169
0.7409	0.1600	0.7580	0.2127
0.7455	0.1578	0.7620	0.2086
0.7500	0.1556	0.7660	0.2046
0.7544	0.1542	0.7700	0.2016
0.7590	0.1519	0.7740	0.1975
0.7635	0.1495	0.7780	0.1934
0.7680	0.1472	0.7820	0.1894
0.7726	0.1448	0.7860	0.1852
0.7771	0.1423	0.7900	0.1811
0.7814	0.1407	0.7940	0.1781
0.7859	0.1382	0.7980	0.1740
0.7904	0.1357	0.8020	0.1700
0.7949	0.1331	0.8060	0.1659
0.8014	0.1308	0.8120	0.1617
0.8059	0.1282	0.8160	0.1577
0.8102	0.1263	0.8200	0.1546
0.8147	0.1236	0.8240	0.1506
0.8211	0.1212	0.8300	0.1465
0.8256	0.1183	0.8340	0.1424
0.8300	0.1156	0.8380	0.1383
0.8344	0.1127	0.8420	0.1342
0.8407	0.1110	0.8480	0.1313
0.8471	0.1083	0.8540	0.1271
0.8515	0.1053	0.8580	0.1230
0.8559	0.1023	0.8620	0.1190
0.8623	0.0995	0.8680	0.1149
0.8667	0.0964	0.8720	0.1107
0.8730	0.0938	0.8780	0.1070
0.8773	0.0912	0.8820	0.1036
0.8836	0.0883	0.8880	0.0996
0.8899	0.0852	0.8940	0.0955
0.8962	0.0824	0.9000	0.0917
0.9005	0.0791	0.9040	0.0876
0.9068	0.0759	0.9100	0.0835
0.9131	0.0734	0.9160	0.0802
0.9173	0.0700	0.9200	0.0761
0.9236	0.0669	0.9260	0.0723
0.9298	0.0636	0.9320	0.0683
0.9361	0.0601	0.9380	0.0641
0.9423	0.0566	0.9440	0.0600
0.9485	0.0542	0.9500	0.0570
0.9547	0.0506	0.9560	0.0529
0.9609	0.0470	0.9620	0.0489
0.9670	0.0433	0.9680	0.0448
0.9752	0.0397	0.9760	0.0407
0.9813	0.0360	0.9820	0.0366
0.9874	0.0331	0.9880	0.0336
0.9956	0.0294	0.9960	0.0295
0.2299	-0.9670	0.9940	-1.3373
0.2256	-0.9660	0.9920	-1.3414
0.2219	-0.9669	0.9920	-1.3452
0.2166	-0.9619	0.9860	-1.3493
0.2129	-0.9627	0.9860	-1.3532
0.2086	-0.9616	0.9840	-1.3572
0.2026	-0.9568	0.9780	-1.3622
0.1979	-0.9537	0.9740	-1.3662
0.1938	-0.9525	0.9720	-1.3700
0.1895	-0.9513	0.9700	-1.3742
0.1852	-0.9481	0.9660	-1.3779
0.1805	-0.9449	0.9620	-1.3820
0.1765	-0.9436	0.9600	-1.3859
0.1723	-0.9424	0.9580	-1.3900
0.1681	-0.9391	0.9540	-1.3937
0.1638	-0.9378	0.9520	-1.3978
0.1596	-0.9365	0.9500	-1.4020
0.1554	-0.9332	0.9460	-1.4058
0.1502	-0.9300	0.9420	-1.4107
0.1461	-0.9286	0.9400	-1.4147
0.1420	-0.9252	0.9360	-1.4185
0.1378	-0.9238	0.9340	-1.4227
0.1343	-0.9243	0.9340	-1.4265
0.1300	-0.9209	0.9300	-1.4305
0.1259	-0.9194	0.9280	-1.4347
0.1219	-0.9159	0.9240	-1.4385
0.1179	-0.9144	0.9220	-1.4426
0.1139	-0.9109	0.9180	-1.4464
0.1099	-0.9094	0.9160	-1.4505
0.1065	-0.9098	0.9160	-1.4543
0.1025	-0.9082	0.9140	-1.4584
0.0976	-0.9047	0.9100	-1.4633
0.0939	-0.9031	0.9080	-1.4672
0.0899	-0.8995	0.9040	-1.4712
0.0860	-0.8979	0.9020	-1.4753
0.0824	-0.8962	0.9000	-1.4791
0.0786	-0.8946	0.8980	-1.4832
0.0750	-0.8929	0.8960	-1.4870
0.0712	-0.8912	0.8940	-1.4911
0.0676	-0.8894	0.8920	-1.4950
0.0639	-0.8877	0.8900	-1.4990
0.0603	-0.8859	0.8880	-1.5028
0.0565	-0.8842	0.8860	-1.5069
0.0528	-0.8824	0.8840	-1.5111
0.0492	-0.8786	0.8800	-1.5148
0.0456	-0.8788	0.8800	-1.5189
0.0412	-0.8770	0.8780	-1.5238
0.0377	-0.8732	0.8740	-1.5277
0.0340	-0.8713	0.8720	-1.5318
0.0306	-0.8695	0.8700	-1.5356
0.0271	-0.8696	0.8700	-1.5396
0.0235	-0.8677	0.8680	-1.5438
0.0201	-0.8658	0.8660	-1.5476
0.0166	-0.8638	0.8640	-1.5516
0.0132	-0.8619	0.8620	-1.5555
0.0096	-0.8599	0.8600	-1.5596
0.0063	-0.8580	0.8580	-1.5634
0.0029	-0.8560	0.8560	-1.5674
-0.0004	-0.8540	0.8540	-1.5713
-0.0039	-0.8520	0.8520	-1.5754
-0.0074	-0.8500	0.8500	-1.5795
-0.0106	-0.8499	0.8500	-1.5833
-0.0141	-0.8479	0.8480	-1.5874
-0.0182	-0.8458	0.8460	-1.5923
-0.0214	-0.8437	0.8440	-1.5961
-0.0248	-0.8416	0.8420	-1.6002
-0.0280	-0.8415	0.8420	-1.6041
-0.0313	-0.8394	0.8400	-1.6081
-0.0347	-0.8373	0.8380	-1.6122
-0.0378	-0.8351	0.8360	-1.6160
-0.0411	-0.8330	0.8340	-1.6201
-0.0442	-0.8308	0.8320	-1.6239
-0.0475	-0.8286	0.8300	-1.6280
-0.0507	-0.8285	0.8300	-1.6319
-0.0539	-0.8262	0.8280	-1.6359
-0.0570	-0.8260	0.8280	-1.6397
-0.0604	-0.8258	0.8280	-1.6439
-0.0636	-0.8256	0.8280	-1.6477
-0.0668	-0.8233	0.8260	-1.6517
-0.0766	-0.8224	0.8260	-1.6637
-0.0431	-0.2493	0.2530	-1.7420
-0.0440	-0.2502	0.2540	-1.7450
-0.0451	-0.2489	0.2530	-1.7502
-0.0461	-0.2488	0.2530	-1.7540
-0.0471	-0.2486	0.2530	-1.7581
-0.0480	-0.2484	0.2530	-1.7619
-0.0489	-0.2472	0.2520	-1.7660
-0.0498	-0.2470	0.2520	-1.7698
-0.0508	-0.2468	0.2520	-1.7740
-0.0516	-0.2456	0.2510	-1.7780
-0.0526	-0.2454	0.2510	-1.7818
-0.0536	-0.2452	0.2510	-1.7859
-0.0545	-0.2450	0.2510	-1.7898
-0.0556	-0.2437	0.2500	-1.7949
-0.0565	-0.2435	0.2500	-1.7987
-0.0575	-0.2433	0.2500	-1.8028
-0.0582	-0.2421	0.2490	-1.8066
-0.0592	-0.2419	0.2490	-1.8108
-0.0601	-0.2416	0.2490	-1.8145
-0.0611	-0.2414	0.2490	-1.8186
-0.0621	-0.2411	0.2490	-1.8228
-0.0630	-0.2399	0.2480	-1.8276
-0.0639	-0.2396	0.2480	-1.8315
-0.0649	-0.2394	0.2480	-1.8355
-0.0659	-0.2391	0.2480	-1.8396
-0.0668	-0.2388	0.2480	-1.8435
-0.0678	-0.2386	0.2480	-1.8476
-0.0687	-0.2383	0.2480	-1.8513
-0.0694	-0.2371	0.2470	-1.8554
-0.0700	-0.2358	0.2460	-1.8593
-0.0710	-0.2355	0.2460	-1.8634
-0.0718	-0.2342	0.2450	-1.8683
-0.0728	-0.2339	0.2450	-1.8723
-0.0737	-0.2337	0.2450	-1.8762
-0.0746	-0.2334	0.2450	-1.8803
-0.0756	-0.2331	0.2450	-1.8844
-0.0765	-0.2328	0.2450	-1.8881
-0.0774	-0.2324	0.2450	-1.8923
-0.0783	-0.2322	0.2450	-1.8961
-0.0793	-0.2318	0.2450	-1.9002
-0.0802	-0.2315	0.2450	-1.9042
-0.0811	-0.2312	0.2450	-1.9081
-0.0820	-0.2309	0.2450	-1.9122
-0.0826	-0.2296	0.2440	-1.9160
-0.0835	-0.2293	0.2440	-1.9201
-0.0844	-0.2289	0.2440	-1.9239
-0.0853	-0.2286	0.2440	-1.9280
-0.0862	-0.2283	0.2440	-1.9320
-0.0871	-0.2279	0.2440	-1.9359
-0.0881	-0.2276	0.2440	-1.9400
-0.0888	-0.2262	0.2430	-1.9449
-0.0897	-0.2258	0.2430	-1.9490
-0.0906	-0.2255	0.2430	-1.9529
-0.0915	-0.2251	0.2430	-1.9569
-0.0924	-0.2248	0.2430	-1.9607
-0.0934	-0.2254	0.2440	-1.9637
-0.0942	-0.2240	0.2430	-1.9687
-0.0951	-0.2236	0.2430	-1.9727
-0.0960	-0.2232	0.2430	-1.9768
-0.0964	-0.2220	0.2420	-1.9807
-0.0973	-0.2216	0.2420	-1.9847
-0.0982	-0.2212	0.2420	-1.9885
-0.0995	-0.2217	0.2430	-1.9926
-0.1004	-0.2213	0.2430	-1.9968
-0.1008	-0.2200	0.2420	-2.0005
-0.1017	-0.2196	0.2420	-2.0046
-0.1030	-0.2201	0.2430	-2.0085
-0.1039	-0.2197	0.2430	-2.0126
-0.1047	-0.2193	0.2430	-2.0163
-0.1056	-0.2188	0.2430	-2.0204
-0.1061	-0.2175	0.2420	-2.0246
-0.1069	-0.2171	0.2420	-2.0283
-0.1078	-0.2167	0.2420	-2.0324
-0.1086	-0.2163	0.2420	-2.0363
-0.1095	-0.2158	0.2420	-2.0404
-0.1103	-0.2154	0.2420	-2.0441
-0.1112	-0.2149	0.2420	-2.0482
-0.1121	-0.2145	0.2420	-2.0524
-0.1129	-0.2140	0.2420	-2.0562
-0.1138	-0.2136	0.2420	-2.0602
-0.1146	-0.2132	0.2420	-2.0641
-0.1155	-0.2127	0.2420	-2.0682
-0.1163	-0.2122	0.2420	-2.0722
-0.1171	-0.2118	0.2420	-2.0761
-0.1180	-0.2113	0.2420	-2.0802
-0.1188	-0.2108	0.2420	-2.0840
-0.1202	-0.2112	0.2430	-2.0880
-0.1205	-0.2099	0.2420	-2.0919
-0.1213	-0.2094	0.2420	-2.0960
-0.1227	-0.2097	0.2430	-2.1001
-0.1235	-0.2093	0.2430	-2.1039
-0.1243	-0.2088	0.2430	-2.1080
-0.1251	-0.2083	0.2430	-2.1118
-0.1260	-0.2078	0.2430	-2.1159
-0.1268	-0.2073	0.2430	-2.1200
-0.1276	-0.2068	0.2430	-2.1238
-0.1285	-0.2063	0.2430	-2.1279
-0.1293	-0.2058	0.2430	-2.1318
-0.1301	-0.2052	0.2430	-2.1358
-0.1309	-0.2047	0.2430	-2.1399
-0.1317	-0.2042	0.2430	-2.1437
-0.1329	-0.2046	0.2440	-2.1470
-0.1337	-0.2041	0.2440	-2.1508
-0.1345	-0.2036	0.2440	-2.1549
-0.1354	-0.2030	0.2440	-2.1590
-0.1362	-0.2025	0.2440	-2.1628
-0.1370	-0.2019	0.2440	-2.1668
-0.1378	-0.2014	0.2440	-2.1710
-0.1386	-0.2008	0.2440	-2.1748
-0.1394	-0.2003	0.2440	-2.1789
-0.1402	-0.1997	0.2440	-2.1830
-0.1410	-0.1992	0.2440	-2.1868
-0.1418	-0.1986	0.2440	-2.1909
-0.1432	-0.1988	0.2450	-2.1949
-0.1439	-0.1983	0.2450	-2.1988
-0.1448	-0.1977	0.2450	-2.2029
-0.1456	-0.1971	0.2450	-2.2070
-0.1463	-0.1965	0.2450	-2.2108
-0.1471	-0.1959	0.2450	-2.2149
-0.1479	-0.1953	0.2450	-2.2190
-0.1487	-0.1947	0.2450	-2.2228
-0.1495	-0.1941	0.2450	-2.2269
-0.1507	-0.1945	0.2460	-2.2299
-0.1514	-0.1939	0.2460	-2.2340
-0.1522	-0.1932	0.2460	-2.2381
-0.1530	-0.1926	0.2460	-2.2419
-0.1544	-0.1928	0.2470	-2.2459
-0.1552	-0.1922	0.2470	-2.2501
-0.1559	-0.1916	0.2470	-2.2539
-0.1567	-0.1909	0.2470	-2.2580
-0.1575	-0.1903	0.2470	-2.2620
-0.1582	-0.1897	0.2470	-2.2659
-0.1596	-0.1898	0.2480	-2.2700
-0.1604	-0.1892	0.2480	-2.2740
-0.1611	-0.1885	0.2480	-2.2779
-0.1623	-0.1888	0.2490	-2.2808
-0.1631	-0.1882	0.2490	-2.2850
-0.1639	-0.1875	0.2490	-2.2891
-0.1646	-0.1869	0.2490	-2.2929
-0.1653	-0.1862	0.2490	-2.2969
-0.1668	-0.1862	0.2500	-2.3011
-0.1675	-0.1856	0.2500	-2.3049
-0.1682	-0.1849	0.2500	-2.3089
-0.1690	-0.1842	0.2500	-2.3131
-0.1702	-0.1845	0.2510	-2.3160
-0.1710	-0.1838	0.2510	-2.3201
-0.1724	-0.1838	0.2520	-2.3240
-0.1731	-0.1831	0.2520	-2.3281
-0.1739	-0.1824	0.2520	-2.3321
-0.1746	-0.1818	0.2520	-2.3360
-0.1753	-0.1810	0.2520	-2.3401
-0.1760	-0.1803	0.2520	-2.3441
-0.1774	-0.1804	0.2530	-2.3479
-0.1782	-0.1796	0.2530	-2.3521
-0.1789	-0.1789	0.2530	-2.3562
-0.1801	-0.1791	0.2540	-2.3592
-0.1808	-0.1784	0.2540	-2.3630
-0.1815	-0.1776	0.2540	-2.3670
-0.1823	-0.1769	0.2540	-2.3712
-0.1837	-0.1769	0.2550	-2.3750
-0.1844	-0.1762	0.2550	-2.3790
-0.1858	-0.1761	0.2560	-2.3831
-0.1865	-0.1754	0.2560	-2.3870
-0.1878	-0.1754	0.2570	-2.3902
-0.1885	-0.1747	0.2570	-2.3941
-0.1899	-0.1746	0.2580	-2.3982
-0.1906	-0.1738	0.2580	-2.4022
-0.1913	-0.1731	0.2580	-2.4060
-0.1920	-0.1723	0.2580	-2.4102
-0.1927	-0.1716	0.2580	-2.4142
-0.1940	-0.1716	0.2590	-2.4173
-0.1946	-0.1709	0.2590	-2.4210
-0.1961	-0.1707	0.2600	-2.4251
-0.1968	-0.1699	0.2600	-2.4293
-0.1974	-0.1692	0.2600	-2.4331
-0.1989	-0.1690	0.2610	-2.4371
-0.1996	-0.1682	0.2610	-2.4412
-0.2008	-0.1683	0.2620	-2.4442
-0.2015	-0.1674	0.2620	-2.4483
-0.2022	-0.1667	0.2620	-2.4522
-0.2036	-0.1665	0.2630	-2.4562
-0.2043	-0.1656	0.2630	-2.4603
-0.2057	-0.1655	0.2640	-2.4641
-0.2070	-0.1655	0.2650	-2.4671
-0.2077	-0.1646	0.2650	-2.4712
-0.2083	-0.1638	0.2650	-2.4754
-0.2097	-0.1636	0.2660	-2.4791
-0.2104	-0.1627	0.2660	-2.4832
-0.2119	-0.1625	0.2670	-2.4873
-0.2125	-0.1617	0.2670	-2.4912
-0.2138	-0.1616	0.2680	-2.4942
-0.2144	-0.1608	0.2680	-2.4982
-0.2159	-0.1605	0.2690	-2.5023
-0.2165	-0.1596	0.2690	-2.5064
-0.2180	-0.1593	0.2700	-2.5105
-0.2186	-0.1584	0.2700	-2.5146
-0.2193	-0.1575	0.2700	-2.5187
-0.2206	-0.1574	0.2710	-2.5217
-0.2212	-0.1565	0.2710	-2.5258
-0.2227	-0.1562	0.2720	-2.5298
-0.2233	-0.1553	0.2720	-2.5339
-0.2248	-0.1549	0.2730	-2.5381
-0.2254	-0.1540	0.2730	-2.5424
-0.2267	-0.1538	0.2740	-2.5454
-0.2282	-0.1535	0.2750	-2.5495
-0.2296	-0.1531	0.2760	-2.5536
-0.2303	-0.1521	0.2760	-2.5577
-0.2309	-0.1512	0.2760	-2.5617
-0.2322	-0.1511	0.2770	-2.5648
-0.2337	-0.1506	0.2780	-2.5691
-0.2343	-0.1496	0.2780	-2.5733
-0.2357	-0.1492	0.2790	-2.5773
-0.2364	-0.1482	0.2790	-2.5814
-0.2376	-0.1481	0.2800	-2.5844
-0.2391	-0.1476	0.2810	-2.5885
-0.2397	-0.1466	0.2810	-2.5926
-0.2412	-0.1462	0.2820	-2.5966
-0.2418	-0.1452	0.2820	-2.6008
-0.2431	-0.1449	0.2830	-2.6040
-0.2445	-0.1444	0.2840	-2.6082
-0.2460	-0.1439	0.2850	-2.6122
-0.2466	-0.1429	0.2850	-2.6163
-0.2479	-0.1427	0.2860	-2.6193
-0.2485	-0.1417	0.2860	-2.6234
-0.2499	-0.1411	0.2870	-2.6275
-0.2513	-0.1406	0.2880	-2.6315
-0.2519	-0.1396	0.2880	-2.6357
-0.2534	-0.1390	0.2890	-2.6398
-0.2547	-0.1387	0.2900	-2.6430
-0.2553	-0.1376	0.2900	-2.6472
-0.2567	-0.1371	0.2910	-2.6512
-0.2582	-0.1365	0.2920	-2.6553
-0.2594	-0.1362	0.2930	-2.6583
-0.2600	-0.1351	0.2930	-2.6624
-0.2614	-0.1345	0.2940	-2.6664
-0.2629	-0.1339	0.2950	-2.6706
-0.2643	-0.1332	0.2960	-2.6747
-0.2649	-0.1322	0.2960	-2.6787
-0.2662	-0.1317	0.2970	-2.6821
-0.2676	-0.1311	0.2980	-2.6861
-0.2691	-0.1304	0.2990	-2.6902
-0.2703	-0.1301	0.3000	-2.6932
-0.2709	-0.1289	0.3000	-2.6973
-0.2723	-0.1283	0.3010	-2.7014
-0.2737	-0.1276	0.3020	-2.7055
-0.2752	-0.1268	0.3030	-2.7099
-0.2765	-0.1264	0.3040	-2.7128
-0.2779	-0.1257	0.3050	-2.7170
-0.2784	-0.1245	0.3050	-2.7210
-0.2798	-0.1238	0.3060	-2.7251
-0.2813	-0.1230	0.3070	-2.7292
-0.2826	-0.1225	0.3080	-2.7325
-0.2840	-0.1217	0.3090	-2.7366
-0.2854	-0.1210	0.3100	-2.7406
-0.2868	-0.1202	0.3110	-2.7448
-0.2881	-0.1197	0.3120	-2.7477
-0.2895	-0.1189	0.3130	-2.7519
-0.2909	-0.1181	0.3140	-2.7559
-0.2923	-0.1173	0.3150	-2.7600
-0.2928	-0.1161	0.3150	-2.7641
-0.2941	-0.1155	0.3160	-2.7674
-0.2955	-0.1147	0.3170	-2.7715
-0.2979	-0.1142	0.3190	-2.7755
-0.2983	-0.1129	0.3190	-2.7797
-0.2996	-0.1124	0.3200	-2.7826
-0.3010	-0.1115	0.3210	-2.7868
-0.3033	-0.1110	0.3230	-2.7909
-0.3046	-0.1103	0.3240	-2.7941
-0.3060	-0.1094	0.3250	-2.7982
-0.3065	-0.1082	0.3250	-2.8023
-0.3079	-0.1072	0.3260	-2.8064
-0.3101	-0.1070	0.3280	-2.8094
-0.3115	-0.1060	0.3290	-2.8135
-0.3128	-0.1051	0.3300	-2.8175
-0.3142	-0.1041	0.3310	-2.8217
-0.3156	-0.1031	0.3320	-2.8258
-0.3178	-0.1027	0.3340	-2.8290
-0.3192	-0.1017	0.3350	-2.8331
-0.3206	-0.1007	0.3360	-2.8372
-0.3218	-0.1000	0.3370	-2.8402
-0.3232	-0.0990	0.3380	-2.8443
-0.3255	-0.0983	0.3400	-2.8484
-0.3268	-0.0972	0.3410	-2.8524
-0.3281	-0.0964	0.3420	-2.8558
-0.3304	-0.0957	0.3440	-2.8598
-0.3318	-0.0946	0.3450	-2.8639
-0.3331	-0.0935	0.3460	-2.8681
-0.3353	-0.0930	0.3480	-2.8710
-0.3367	-0.0919	0.3490	-2.8751
-0.3380	-0.0908	0.3500	-2.8792
-0.3402	-0.0903	0.3520	-2.8822
-0.3415	-0.0892	0.3530	-2.8860
-0.3438	-0.0884	0.3550	-2.8898
-0.3451	-0.0873	0.3560	-2.8940
-0.3463	-0.0866	0.3570	-2.8966
-0.3486	-0.0856	0.3590	-2.9008
-0.3499	-0.0845	0.3600	-2.9046
-0.3521	-0.0839	0.3620	-2.9076
-0.3544	-0.0831	0.3640	-2.9114
-0.3557	-0.0818	0.3650	-2.9154
-0.3580	-0.0809	0.3670	-2.9193
-0.3592	-0.0800	0.3680	-2.9223
-0.3614	-0.0791	0.3700	-2.9261
-0.3637	-0.0781	0.3720	-2.9302
-0.3649	-0.0773	0.3730	-2.9330
-0.3672	-0.0762	0.3750	-2.9370
-0.3684	-0.0750	0.3760	-2.9408
-0.3707	-0.0739	0.3780	-2.9450
-0.3739	-0.0734	0.3810	-2.9476
-0.3751	-0.0721	0.3820	-2.9518
-0.3774	-0.0710	0.3840	-2.9556
-0.3796	-0.0703	0.3860	-2.9586
-0.3808	-0.0690	0.3870	-2.9624
-0.3830	-0.0678	0.3890	-2.9664
-0.3852	-0.0671	0.3910	-2.9692
-0.3874	-0.0659	0.3930	-2.9732
-0.3897	-0.0647	0.3950	-2.9771
-0.3918	-0.0638	0.3970	-2.9801
-0.3940	-0.0627	0.3990	-2.9839
-0.3963	-0.0613	0.4010	-2.9880
-0.3985	-0.0601	0.4030	-2.9918
-0.4006	-0.0592	0.4050	-2.9948
-0.4028	-0.0580	0.4070	-2.9986
-0.4060	-0.0572	0.4100	-3.0016
-0.4082	-0.0559	0.4120	-3.0055
-0.4104	-0.0545	0.4140	-3.0096
-0.4126	-0.0532	0.4160	-3.0134
-0.4147	-0.0522	0.4180	-3.0164
-0.4179	-0.0510	0.4210	-3.0202
-0.4201	-0.0495	0.4230	-3.0242
-0.4222	-0.0486	0.4250	-3.0270
-0.4254	-0.0472	0.4280	-3.0311
-0.4276	-0.0458	0.4300	-3.0349
-0.4297	-0.0447	0.4320	-3.0380
-0.4328	-0.0434	0.4350	-3.0417
-0.4360	-0.0419	0.4380	-3.0458
-0.4381	-0.0408	0.4400	-3.0488
-0.4215	-0.0354	0.4230	-3.0578
-0.4236	-0.0343	0.4250	-3.0609
-0.4267	-0.0328	0.4280	-3.0649
-0.4289	-0.0313	0.4300	-3.0687
-0.4319	-0.0302	0.4330	-3.0717
-0.4341	-0.0286	0.4350	-3.0758
-0.4372	-0.0270	0.4380	-3.0799
-0.4402	-0.0259	0.4410	-3.0829
-0.4433	-0.0243	0.4440	-3.0868
-0.4454	-0.0227	0.4460	-3.0908
-0.4485	-0.0214	0.4490	-3.0938
-0.4516	-0.0198	0.4520	-3.0979
-0.4546	-0.0181	0.4550	-3.1017
-0.4577	-0.0169	0.4580	-3.1048
-0.4608	-0.0151	0.4610	-3.1088
-0.4638	-0.0138	0.4640	-3.1118
-0.4668	-0.0120	0.4670	-3.1159
-0.4699	-0.0103	0.4700	-3.1197
-0.4739	-0.0090	0.4740	-3.1227
-0.4769	-0.0070	0.4770	-3.1268
-0.4800	-0.0051	0.4800	-3.1310
-0.4830	-0.0037	0.4830	-3.1339
-0.4870	-0.0019	0.4870	-3.1378
-0.3853	-0.0230	0.3860	-3.0821
-0.3874	-0.0216	0.3880	-3.0859
-0.3905	-0.0206	0.3910	-3.0890
-0.3925	-0.0192	0.3930	-3.0927
-0.3956	-0.0177	0.3960	-3.0968
-0.3976	-0.0167	0.3980	-3.0995
-0.4007	-0.0152	0.4010	-3.1036
-0.4037	-0.0142	0.4040	-3.1064
-0.4058	-0.0126	0.4060	-3.1104
-0.4088	-0.0112	0.4090	-3.1143
-0.4109	-0.0100	0.4110	-3.1172
-0.4139	-0.0085	0.4140	-3.1211
-0.4169	-0.0073	0.4170	-3.1240
-0.4200	-0.0058	0.4200	-3.1279
-0.4220	-0.0042	0.4220	-3.1317
-0.4250	-0.0029	0.4250	-3.1347
-0.4280	-0.0013	0.4280	-3.1385
-0.3289	-0.0376	0.3310	-3.0278
-0.3300	-0.0363	0.3320	-3.0319
-0.3321	-0.0356	0.3340	-3.0349
-0.3342	-0.0345	0.3360	-3.0387
-0.3363	-0.0337	0.3380	-3.0417
-0.3374	-0.0324	0.3390	-3.0458
-0.3396	-0.0312	0.3410	-3.0499
-0.3417	-0.0304	0.3430	-3.0529
-0.3438	-0.0292	0.3450	-3.0567
-0.3458	-0.0284	0.3470	-3.0597
-0.3479	-0.0271	0.3490	-3.0638
-0.3243	-0.0216	0.3250	-3.0750
-0.3264	-0.0205	0.3270	-3.0788
-0.3284	-0.0196	0.3290	-3.0819
-0.3305	-0.0184	0.3310	-3.0859
-0.3316	-0.0172	0.3320	-3.0897
-0.3336	-0.0163	0.3340	-3.0927
-0.3357	-0.0151	0.3360	-3.0965
-0.3377	-0.0142	0.3380	-3.0995
-0.3398	-0.0130	0.3400	-3.1033
-0.3418	-0.0120	0.3420	-3.1064
-0.3438	-0.0108	0.3440	-3.1101
-0.3459	-0.0096	0.3460	-3.1140
-0.3479	-0.0085	0.3480	-3.1170
-0.3499	-0.0073	0.3500	-3.1208
-0.3519	-0.0062	0.3520	-3.1239
-0.3540	-0.0050	0.3540	-3.1276
-0.3560	-0.0035	0.3560	-3.1317
-0.3580	-0.0025	0.3580	-3.1345
-0.3600	-0.0011	0.3600	-3.1385
