x	y	r	phi
-0.2200	0.0002	0.2200	3.1408
-0.2200	0.0011	0.2200	3.1364
-0.2200	0.0021	0.2200	3.1321
-0.2210	0.0031	0.2210	3.1275
-0.2210	0.0041	0.2210	3.1231
-0.2209	0.0050	0.2210	3.1188
-0.2209	0.0060	0.2210	3.1144
-0.2209	0.0070	0.2210	3.1101
-0.2209	0.0079	0.2210	3.1056
-0.2208	0.0089	0.2210	3.1013
-0.2208	0.0099	0.2210	3.0969
-0.2207	0.0109	0.2210	3.0923
-0.2197	0.0118	0.2200	3.0879
-0.2206	0.0128	0.2210	3.0836
-0.2206	0.0138	0.2210	3.0792
-0.2205	0.0147	0.2210	3.0749
-0.2204	0.0157	0.2210	3.0705
-0.2204	0.0167	0.2210	3.0661
-0.2213	0.0175	0.2220	3.0626
-0.2212	0.0185	0.2220	3.0582
-0.2211	0.0194	0.2220	3.0539
-0.2211	0.0204	0.2220	3.0495
-0.2210	0.0214	0.2220	3.0451
-0.2209	0.0224	0.2220	3.0404
-0.2208	0.0234	0.2220	3.0361
-0.2207	0.0243	0.2220	3.0317
-0.2206	0.0253	0.2220	3.0274
-0.2204	0.0263	0.2220	3.0230
-0.2203	0.0272	0.2220	3.0187
-0.2202	0.0282	0.2220	3.0143
-0.2211	0.0293	0.2230	3.0100
-0.2209	0.0303	0.2230	3.0053
-0.2208	0.0313	0.2230	3.0009
-0.2217	0.0321	0.2240	2.9977
-0.2215	0.0331	0.2240	2.9933
-0.2214	0.0341	0.2240	2.9890
-0.2212	0.0351	0.2240	2.9843
-0.2211	0.0361	0.2240	2.9799
-0.2209	0.0370	0.2240	2.9755
-0.2217	0.0381	0.2250	2.9712
-0.2216	0.0391	0.2250	2.9668
-0.2214	0.0401	0.2250	2.9625
-0.2212	0.0411	0.2250	2.9581
-0.2210	0.0420	0.2250	2.9538
-0.2208	0.0430	0.2250	2.9491
-0.2217	0.0440	0.2260	2.9458
-0.2215	0.0449	0.2260	2.9415
-0.2213	0.0459	0.2260	2.9371
-0.2211	0.0468	0.2260	2.9328
-0.2218	0.0481	0.2270	2.9281
-0.2216	0.0491	0.2270	2.9238
-0.2214	0.0500	0.2270	2.9194
-0.2212	0.0510	0.2270	2.9150
-0.2220	0.0519	0.2280	2.9118
-0.2218	0.0530	0.2280	2.9071
-0.2215	0.0539	0.2280	2.9028
-0.2223	0.0552	0.2290	2.8984
-0.2220	0.0561	0.2290	2.8940
-0.2218	0.0571	0.2290	2.8896
-0.2215	0.0580	0.2290	2.8853
-0.2223	0.0591	0.2300	2.8818
-0.2220	0.0601	0.2300	2.8774
-0.2227	0.0613	0.2310	2.8731
-0.2224	0.0623	0.2310	2.8686
-0.2222	0.0632	0.2310	2.8643
-0.2219	0.0642	0.2310	2.8599
-0.2216	0.0652	0.2310	2.8553
-0.2223	0.0662	0.2320	2.8521
-0.2220	0.0672	0.2320	2.8476
-0.2227	0.0685	0.2330	2.8433
-0.2224	0.0695	0.2330	2.8389
-0.2230	0.0708	0.2340	2.8343
-0.2227	0.0718	0.2340	2.8299
-0.2224	0.0727	0.2340	2.8256
-0.2221	0.0737	0.2340	2.8212
-0.2228	0.0747	0.2350	2.8179
-0.2234	0.0761	0.2360	2.8133
-0.2231	0.0770	0.2360	2.8092
-0.2227	0.0780	0.2360	2.8049
-0.2224	0.0790	0.2360	2.8005
-0.2231	0.0800	0.2370	2.7972
-0.2228	0.0809	0.2370	2.7931
-0.2224	0.0819	0.2370	2.7888
-0.2230	0.0832	0.2380	2.7844
-0.2226	0.0841	0.2380	2.7803
-0.2233	0.0853	0.2390	2.7768
-0.2229	0.0862	0.2390	2.7727
-0.2235	0.0875	0.2400	2.7683
-0.2231	0.0885	0.2400	2.7639
-0.2236	0.0898	0.2410	2.7598
-0.2233	0.0908	0.2410	2.7555
-0.2239	0.0919	0.2420	2.7522
-0.2235	0.0928	0.2420	2.7478
-0.2231	0.0938	0.2420	2.7437
-0.2236	0.0951	0.2430	2.7394
-0.2242	0.0962	0.2440	2.7361
-0.2238	0.0972	0.2440	2.7317
-0.2243	0.0986	0.2450	2.7274
-0.2239	0.0995	0.2450	2.7233
-0.2245	0.1007	0.2460	2.7200
-0.2240	0.1016	0.2460	2.7156
-0.2245	0.1030	0.2470	2.7113
-0.2241	0.1040	0.2470	2.7072
-0.2236	0.1049	0.2470	2.7029
-0.2240	0.1063	0.2480	2.6985
-0.2236	0.1072	0.2480	2.6944
-0.2241	0.1085	0.2490	2.6909
-0.2246	0.1098	0.2500	2.6868
-0.2241	0.1108	0.2500	2.6824
-0.2246	0.1120	0.2510	2.6791
-0.2241	0.1130	0.2510	2.6748
-0.2246	0.1143	0.2520	2.6707
-0.2250	0.1158	0.2530	2.6663
-0.2244	0.1168	0.2530	2.6619
-0.2239	0.1177	0.2530	2.6576
-0.2244	0.1189	0.2540	2.6543
-0.2248	0.1203	0.2550	2.6502
-0.2252	0.1218	0.2560	2.6458
-0.2247	0.1228	0.2560	2.6415
-0.2251	0.1240	0.2570	2.6383
-0.2246	0.1249	0.2570	2.6341
-0.2249	0.1264	0.2580	2.6297
-0.2254	0.1276	0.2590	2.6265
-0.2248	0.1286	0.2590	2.6221
-0.2251	0.1301	0.2600	2.6177
-0.2255	0.1315	0.2610	2.6137
-0.2259	0.1327	0.2620	2.6105
-0.2253	0.1337	0.2620	2.6060
-0.2256	0.1352	0.2630	2.6016
-0.2259	0.1366	0.2640	2.5976
-0.2263	0.1379	0.2650	2.5943
-0.2257	0.1389	0.2650	2.5899
-0.2259	0.1404	0.2660	2.5856
-0.2262	0.1419	0.2670	2.5812
-0.2256	0.1428	0.2670	2.5771
-0.2260	0.1441	0.2680	2.5738
-0.2262	0.1456	0.2690	2.5695
-0.2264	0.1472	0.2700	2.5651
-0.2267	0.1485	0.2710	2.5618
-0.2261	0.1494	0.2710	2.5575
-0.2263	0.1509	0.2720	2.5534
-0.2265	0.1525	0.2730	2.5491
-0.2268	0.1538	0.2740	2.5457
-0.2261	0.1548	0.2740	2.5414
-0.2256	0.1572	0.2750	2.5330
-0.2257	0.1588	0.2760	2.5286
-0.2262	0.1616	0.2780	2.5212
-0.2190	0.1696	0.2770	2.4825
-0.2150	0.1699	0.2740	2.4730
-0.2118	0.1691	0.2710	2.4678
-0.2093	0.1689	0.2690	2.4626
-0.2078	0.1692	0.2680	2.4582
-0.2062	0.1697	0.2670	2.4530
-0.2047	0.1699	0.2660	2.4487
-0.2022	0.1697	0.2640	2.4435
-0.2007	0.1699	0.2630	2.4391
-0.1992	0.1701	0.2620	2.4348
-0.1968	0.1699	0.2600	2.4296
-0.1953	0.1701	0.2590	2.4252
-0.1937	0.1704	0.2580	2.4200
-0.1923	0.1706	0.2570	2.4159
-0.1898	0.1702	0.2550	2.4106
-0.1883	0.1704	0.2540	2.4061
-0.1867	0.1708	0.2530	2.4007
-0.1852	0.1709	0.2520	2.3964
-0.1837	0.1710	0.2510	2.3920
-0.1821	0.1713	0.2500	2.3865
-0.1806	0.1714	0.2490	2.3822
-0.1789	0.1717	0.2480	2.3767
-0.1774	0.1718	0.2470	2.3723
-0.1760	0.1719	0.2460	2.3680
-0.1736	0.1714	0.2440	2.3625
-0.1729	0.1722	0.2440	2.3581
-0.1712	0.1724	0.2430	2.3527
-0.1698	0.1725	0.2420	2.3483
-0.1682	0.1726	0.2410	2.3432
-0.1674	0.1734	0.2410	2.3386
-0.1659	0.1734	0.2400	2.3341
-0.1636	0.1728	0.2380	2.3290
-0.1613	0.1722	0.2360	2.3235
-0.1606	0.1729	0.2360	2.3192
-0.1591	0.1729	0.2350	2.3148
-0.1575	0.1730	0.2340	2.3093
-0.1561	0.1730	0.2330	2.3050
-0.1547	0.1729	0.2320	2.3006
-0.1539	0.1736	0.2320	2.2960
-0.1523	0.1737	0.2310	2.2908
-0.1508	0.1736	0.2300	2.2861
-0.1493	0.1736	0.2290	2.2809
-0.1479	0.1735	0.2280	2.2766
-0.1463	0.1736	0.2270	2.2712
-0.1455	0.1742	0.2270	2.2668
-0.1441	0.1741	0.2260	2.2624
-0.1426	0.1741	0.2250	2.2570
-0.1418	0.1747	0.2250	2.2527
-0.1404	0.1746	0.2240	2.2480
-0.1382	0.1737	0.2220	2.2428
-0.1375	0.1743	0.2220	2.2385
-0.1366	0.1750	0.2220	2.2338
-0.1351	0.1749	0.2210	2.2286
-0.1344	0.1755	0.2210	2.2243
-0.1329	0.1753	0.2200	2.2196
-0.1308	0.1744	0.2180	2.2144
-0.1293	0.1743	0.2170	2.2089
-0.1285	0.1749	0.2170	2.2046
-0.1277	0.1754	0.2170	2.2002
-0.1269	0.1760	0.2170	2.1956
-0.1256	0.1757	0.2160	2.1913
-0.1241	0.1756	0.2150	2.1861
-0.1227	0.1753	0.2140	2.1814
-0.1212	0.1751	0.2130	2.1762
-0.1205	0.1757	0.2130	2.1719
-0.1196	0.1762	0.2130	2.1672
-0.1183	0.1759	0.2120	2.1629
-0.1175	0.1764	0.2120	2.1585
-0.1168	0.1769	0.2120	2.1542
-0.1160	0.1774	0.2120	2.1498
-0.1145	0.1772	0.2110	2.1443
-0.1130	0.1770	0.2100	2.1388
-0.1122	0.1775	0.2100	2.1345
-0.1109	0.1772	0.2090	2.1301
-0.1101	0.1776	0.2090	2.1258
-0.1093	0.1781	0.2090	2.1214
-0.1079	0.1778	0.2080	2.1160
-0.1066	0.1775	0.2070	2.1116
-0.1058	0.1779	0.2070	2.1073
-0.1043	0.1776	0.2060	2.1018
-0.1035	0.1781	0.2060	2.0974
-0.1023	0.1777	0.2050	2.0931
-0.1014	0.1781	0.2050	2.0884
-0.1007	0.1786	0.2050	2.0841
-0.0993	0.1782	0.2040	2.0789
-0.0984	0.1787	0.2040	2.0742
-0.0976	0.1791	0.2040	2.0699
-0.0962	0.1787	0.2030	2.0647
-0.0954	0.1792	0.2030	2.0600
-0.0942	0.1787	0.2020	2.0557
-0.0934	0.1791	0.2020	2.0513
-0.0926	0.1795	0.2020	2.0470
-0.0912	0.1791	0.2010	2.0415
-0.0904	0.1795	0.2010	2.0371
-0.0896	0.1799	0.2010	2.0328
-0.0888	0.1803	0.2010	2.0284
-0.0876	0.1798	0.2000	2.0241
-0.0868	0.1802	0.2000	2.0197
-0.0860	0.1806	0.2000	2.0151
-0.0846	0.1801	0.1990	2.0099
-0.0838	0.1805	0.1990	2.0053
-0.0824	0.1800	0.1980	2.0001
-0.0816	0.1804	0.1980	1.9957
-0.0808	0.1808	0.1980	1.9911
-0.0796	0.1802	0.1970	1.9867
-0.0788	0.1805	0.1970	1.9824
-0.0780	0.1809	0.1970	1.9780
-0.0772	0.1812	0.1970	1.9737
-0.0759	0.1807	0.1960	1.9682
-0.0751	0.1811	0.1960	1.9638
-0.0743	0.1814	0.1960	1.9595
-0.0735	0.1817	0.1960	1.9551
-0.0727	0.1820	0.1960	1.9507
-0.0719	0.1823	0.1960	1.9463
-0.0711	0.1826	0.1960	1.9420
-0.0698	0.1821	0.1950	1.9368
-0.0686	0.1815	0.1940	1.9324
-0.0679	0.1817	0.1940	1.9281
-0.0671	0.1820	0.1940	1.9237
-0.0658	0.1814	0.1930	1.9185
-0.0650	0.1817	0.1930	1.9142
-0.0642	0.1820	0.1930	1.9098
-0.0634	0.1823	0.1930	1.9055
-0.0626	0.1826	0.1930	1.9011
-0.0613	0.1820	0.1920	1.8956
-0.0605	0.1822	0.1920	1.8913
-0.0597	0.1825	0.1920	1.8872
-0.0589	0.1827	0.1920	1.8829
-0.0581	0.1830	0.1920	1.8785
-0.0574	0.1832	0.1920	1.8741
-0.0565	0.1835	0.1920	1.8697
-0.0557	0.1837	0.1920	1.8653
-0.0549	0.1840	0.1920	1.8610
-0.0538	0.1833	0.1910	1.8566
-0.0531	0.1835	0.1910	1.8523
-0.0523	0.1837	0.1910	1.8482
-0.0515	0.1839	0.1910	1.8438
-0.0507	0.1841	0.1910	1.8394
-0.0494	0.1835	0.1900	1.8340
-0.0486	0.1837	0.1900	1.8297
-0.0478	0.1839	0.1900	1.8252
-0.0471	0.1841	0.1900	1.8212
-0.0463	0.1843	0.1900	1.8168
-0.0455	0.1845	0.1900	1.8125
-0.0447	0.1847	0.1900	1.8081
-0.0439	0.1849	0.1900	1.8038
-0.0430	0.1851	0.1900	1.7994
-0.0419	0.1843	0.1890	1.7942
-0.0411	0.1845	0.1890	1.7899
-0.0403	0.1847	0.1890	1.7855
-0.0395	0.1848	0.1890	1.7811
-0.0386	0.1850	0.1890	1.7767
-0.0378	0.1852	0.1890	1.7724
-0.0370	0.1853	0.1890	1.7680
-0.0362	0.1855	0.1890	1.7637
-0.0354	0.1857	0.1890	1.7593
-0.0346	0.1858	0.1890	1.7552
-0.0338	0.1859	0.1890	1.7508
-0.0330	0.1861	0.1890	1.7464
-0.0321	0.1852	0.1880	1.7421
-0.0312	0.1854	0.1880	1.7377
-0.0306	0.1865	0.1890	1.7334
-0.0296	0.1857	0.1880	1.7290
-0.0288	0.1858	0.1880	1.7247
-0.0280	0.1859	0.1880	1.7203
-0.0272	0.1860	0.1880	1.7159
-0.0266	0.1871	0.1890	1.7118
-0.0258	0.1872	0.1890	1.7075
-0.0249	0.1873	0.1890	1.7031
-0.0241	0.1875	0.1890	1.6988
-0.0233	0.1876	0.1890	1.6944
-0.0224	0.1867	0.1880	1.6901
-0.0215	0.1868	0.1880	1.6857
-0.0207	0.1869	0.1880	1.6812
-0.0199	0.1869	0.1880	1.6769
-0.0192	0.1880	0.1890	1.6728
-0.0184	0.1881	0.1890	1.6685
-0.0176	0.1882	0.1890	1.6641
-0.0168	0.1883	0.1890	1.6598
-0.0160	0.1883	0.1890	1.6554
-0.0152	0.1884	0.1890	1.6510
-0.0143	0.1885	0.1890	1.6466
-0.0135	0.1885	0.1890	1.6423
-0.0127	0.1886	0.1890	1.6379
-0.0119	0.1886	0.1890	1.6336
-0.0111	0.1887	0.1890	1.6295
-0.0103	0.1887	0.1890	1.6252
-0.0094	0.1888	0.1890	1.6207
-0.0086	0.1888	0.1890	1.6164
-0.0078	0.1888	0.1890	1.6120
-0.0070	0.1889	0.1890	1.6076
-0.0061	0.1889	0.1890	1.6033
-0.0053	0.1889	0.1890	1.5989
-0.0045	0.1889	0.1890	1.5946
-0.0037	0.1890	0.1890	1.5902
-0.0029	0.1890	0.1890	1.5861
-0.0021	0.1890	0.1890	1.5817
-0.0013	0.1890	0.1890	1.5774
-0.0006	0.1900	0.1900	1.5742
0.0002	0.1900	0.1900	1.5697
0.0010	0.1900	0.1900	1.5654
0.0019	0.1900	0.1900	1.5610
0.0027	0.1900	0.1900	1.5567
0.0035	0.1900	0.1900	1.5523
0.0042	0.1910	0.1910	1.5490
0.0050	0.1909	0.1910	1.5446
0.0058	0.1909	0.1910	1.5403
0.0067	0.1909	0.1910	1.5359
0.0075	0.1909	0.1910	1.5316
0.0083	0.1908	0.1910	1.5275
0.0091	0.1908	0.1910	1.5231
0.0100	0.1917	0.1920	1.5187
0.0108	0.1917	0.1920	1.5144
0.0116	0.1916	0.1920	1.5103
0.0124	0.1916	0.1920	1.5060
0.0133	0.1915	0.1920	1.5016
0.0141	0.1915	0.1920	1.4972
0.0149	0.1914	0.1920	1.4931
0.0156	0.1924	0.1930	1.4899
0.0164	0.1923	0.1930	1.4855
0.0173	0.1922	0.1930	1.4812
0.0181	0.1921	0.1930	1.4767
0.0189	0.1921	0.1930	1.4726
0.0197	0.1930	0.1940	1.4692
0.0205	0.1929	0.1940	1.4650
0.0213	0.1928	0.1940	1.4606
0.0222	0.1927	0.1940	1.4563
0.0230	0.1926	0.1940	1.4519
0.0238	0.1925	0.1940	1.4479
0.0246	0.1924	0.1940	1.4435
0.0256	0.1933	0.1950	1.4392
0.0264	0.1932	0.1950	1.4348
0.0272	0.1941	0.1960	1.4315
0.0280	0.1940	0.1960	1.4274
0.0289	0.1939	0.1960	1.4231
0.0297	0.1937	0.1960	1.4186
0.0305	0.1946	0.1970	1.4154
0.0313	0.1945	0.1970	1.4111
0.0322	0.1944	0.1970	1.4067
0.0330	0.1942	0.1970	1.4025
0.0338	0.1941	0.1970	1.3982
0.0349	0.1949	0.1980	1.3938
0.0357	0.1948	0.1980	1.3895
0.0365	0.1956	0.1990	1.3862
0.0374	0.1955	0.1990	1.3818
0.0382	0.1953	0.1990	1.3778
0.0390	0.1951	0.1990	1.3734
0.0399	0.1960	0.2000	1.3701
0.0407	0.1958	0.2000	1.3657
0.0416	0.1956	0.2000	1.3614
0.0424	0.1955	0.2000	1.3573
0.0434	0.1963	0.2010	1.3530
0.0443	0.1961	0.2010	1.3486
0.0451	0.1959	0.2010	1.3442
0.0460	0.1967	0.2020	1.3410
0.0469	0.1965	0.2020	1.3366
0.0477	0.1963	0.2020	1.3325
0.0485	0.1961	0.2020	1.3281
0.0496	0.1968	0.2030	1.3237
0.0505	0.1966	0.2030	1.3194
0.0514	0.1974	0.2040	1.3162
0.0522	0.1972	0.2040	1.3120
0.0531	0.1970	0.2040	1.3077
0.0540	0.1978	0.2050	1.3044
0.0548	0.1975	0.2050	1.3000
0.0557	0.1973	0.2050	1.2956
0.0568	0.1980	0.2060	1.2913
0.0576	0.1978	0.2060	1.2872
0.0586	0.1985	0.2070	1.2839
0.0594	0.1983	0.2070	1.2796
0.0606	0.1990	0.2080	1.2752
0.0614	0.1987	0.2080	1.2709
0.0623	0.1985	0.2080	1.2668
0.0633	0.1992	0.2090	1.2632
0.0641	0.1989	0.2090	1.2591
0.0650	0.1987	0.2090	1.2548
0.0661	0.1993	0.2100	1.2504
0.0670	0.1990	0.2100	1.2461
0.0680	0.1998	0.2110	1.2428
0.0690	0.2005	0.2120	1.2395
0.0698	0.2002	0.2120	1.2351
0.0707	0.1999	0.2120	1.2310
0.0715	0.1996	0.2120	1.2267
0.0727	0.2002	0.2130	1.2223
0.0736	0.1999	0.2130	1.2180
0.0744	0.1996	0.2130	1.2139
0.0755	0.2002	0.2140	1.2103
0.0767	0.2009	0.2150	1.2062
0.0777	0.2015	0.2160	1.2029
0.0785	0.2012	0.2160	1.1986
0.0798	0.2018	0.2170	1.1942
0.0807	0.2014	0.2170	1.1899
0.0815	0.2011	0.2170	1.1858
0.0824	0.2008	0.2170	1.1815
0.0833	0.2004	0.2170	1.1770
0.0843	0.2010	0.2180	1.1738
0.0856	0.2016	0.2190	1.1694
0.0866	0.2022	0.2200	1.1661
0.0879	0.2028	0.2210	1.1618
0.0890	0.2034	0.2220	1.1585
0.0898	0.2030	0.2220	1.1541
0.0907	0.2026	0.2220	1.1501
0.0920	0.2032	0.2230	1.1457
0.0931	0.2037	0.2240	1.1421
0.0940	0.2033	0.2240	1.1378
0.0949	0.2029	0.2240	1.1334
0.0962	0.2034	0.2250	1.1290
0.0973	0.2040	0.2260	1.1256
0.0987	0.2044	0.2270	1.1211
0.0996	0.2040	0.2270	1.1167
0.1007	0.2046	0.2280	1.1133
0.1023	0.2060	0.2300	1.1099
0.1032	0.2055	0.2300	1.1053
0.1041	0.2051	0.2300	1.1010
0.1050	0.2046	0.2300	1.0966
0.1082	0.2041	0.2310	1.0833
0.1098	0.2055	0.2330	1.0799
0.1115	0.2069	0.2350	1.0765
0.1124	0.2064	0.2350	1.0721
0.1138	0.2068	0.2360	1.0677
0.1147	0.2063	0.2360	1.0633
0.1164	0.2076	0.2380	1.0598
0.1176	0.2081	0.2390	1.0565
0.1190	0.2084	0.2400	1.0519
0.1199	0.2079	0.2400	1.0475
0.1214	0.2082	0.2410	1.0431
0.1222	0.2077	0.2410	1.0388
0.1235	0.2081	0.2420	1.0352
0.1249	0.2084	0.2430	1.0308
0.1262	0.2089	0.2440	1.0274
0.1276	0.2091	0.2450	1.0230
0.1285	0.2086	0.2450	1.0186
0.1303	0.2098	0.2470	1.0151
0.1318	0.2101	0.2480	1.0107
0.1330	0.2105	0.2490	1.0074
0.1345	0.2108	0.2500	1.0028
0.1357	0.2111	0.2510	0.9995
0.1372	0.2114	0.2520	0.9952
0.1387	0.2116	0.2530	0.9906
0.1400	0.2120	0.2540	0.9872
0.1414	0.2122	0.2550	0.9829
0.1429	0.2124	0.2560	0.9785
0.1439	0.2117	0.2560	0.9739
0.1451	0.2121	0.2570	0.9706
0.1467	0.2123	0.2580	0.9662
0.1480	0.2126	0.2590	0.9627
0.1495	0.2127	0.2600	0.9584
0.1514	0.2138	0.2620	0.9548
0.1529	0.2140	0.2630	0.9504
0.1544	0.2141	0.2640	0.9461
0.1553	0.2135	0.2640	0.9417
0.1567	0.2137	0.2650	0.9381
0.1582	0.2138	0.2660	0.9338
0.1602	0.2149	0.2680	0.9303
0.1617	0.2150	0.2690	0.9259
0.1632	0.2151	0.2700	0.9215
0.1646	0.2153	0.2710	0.9180
0.1662	0.2153	0.2720	0.9136
0.1682	0.2163	0.2740	0.9100
0.1697	0.2164	0.2750	0.9057
0.1713	0.2164	0.2760	0.9013
0.1726	0.2166	0.2770	0.8980
0.1749	0.2174	0.2790	0.8934
0.1762	0.2176	0.2800	0.8902
0.1778	0.2176	0.2810	0.8858
0.1798	0.2185	0.2830	0.8822
0.1814	0.2185	0.2840	0.8779
0.1830	0.2185	0.2850	0.8735
0.1851	0.2194	0.2870	0.8700
0.1867	0.2193	0.2880	0.8656
0.1887	0.2202	0.2900	0.8621
0.1904	0.2201	0.2910	0.8577
0.1920	0.2200	0.2920	0.8534
0.1941	0.2208	0.2940	0.8498
0.1957	0.2207	0.2950	0.8454
0.1978	0.2215	0.2970	0.8419
0.2001	0.2222	0.2990	0.8376
0.2015	0.2222	0.3000	0.8343
0.2038	0.2228	0.3020	0.8299
0.2055	0.2226	0.3030	0.8253
0.2076	0.2234	0.3050	0.8220
0.2093	0.2232	0.3060	0.8176
0.2115	0.2239	0.3080	0.8141
0.2138	0.2245	0.3100	0.8098
0.2155	0.2243	0.3110	0.8053
0.2177	0.2249	0.3130	0.8018
0.2200	0.2254	0.3150	0.7975
0.2222	0.2261	0.3170	0.7939
0.2239	0.2258	0.3180	0.7895
0.2261	0.2264	0.3200	0.7860
0.2285	0.2268	0.3220	0.7817
0.2307	0.2275	0.3240	0.7784
0.2332	0.2278	0.3260	0.7737
0.2354	0.2284	0.3280	0.7704
0.2371	0.2281	0.3290	0.7661
0.2396	0.2284	0.3310	0.7614
0.2418	0.2290	0.3330	0.7582
0.2442	0.2293	0.3350	0.7539
0.2465	0.2298	0.3370	0.7505
0.2497	0.2308	0.3400	0.7462
0.2519	0.2313	0.3420	0.7429
0.2543	0.2317	0.3440	0.7388
0.2568	0.2319	0.3460	0.7345
0.2591	0.2324	0.3480	0.7311
0.2616	0.2326	0.3500	0.7268
0.2646	0.2337	0.3530	0.7236
0.2671	0.2339	0.3550	0.7191
0.2701	0.2350	0.3580	0.7159
0.2726	0.2351	0.3600	0.7118
0.2749	0.2356	0.3620	0.7085
0.2782	0.2363	0.3650	0.7042
0.2807	0.2364	0.3670	0.6998
0.2838	0.2374	0.3700	0.6965
0.2863	0.2375	0.3720	0.6925
0.2895	0.2384	0.3750	0.6889
0.2928	0.2391	0.3780	0.6848
0.2959	0.2400	0.3810	0.6816
0.2985	0.2400	0.3830	0.6772
0.3016	0.2409	0.3860	0.6739
0.3050	0.2414	0.3890	0.6696
0.3082	0.2423	0.3920	0.6662
0.3116	0.2428	0.3950	0.6619
0.3147	0.2436	0.3980	0.6587
0.3181	0.2441	0.4010	0.6545
0.3213	0.2449	0.4040	0.6513
0.3248	0.2453	0.4070	0.6470
0.3280	0.2460	0.4100	0.6436
0.3322	0.2470	0.4140	0.6393
0.3355	0.2477	0.4170	0.6360
0.3390	0.2480	0.4200	0.6316
0.3430	0.2492	0.4240	0.6284
0.3465	0.2496	0.4270	0.6242
0.3508	0.2504	0.4310	0.6199
0.3549	0.2516	0.4350	0.6167
0.3584	0.2517	0.4380	0.6123
0.3625	0.2528	0.4420	0.6090
0.3669	0.2535	0.4460	0.6047
0.3711	0.2546	0.4500	0.6013
0.3754	0.2553	0.4540	0.5973
0.3795	0.2563	0.4580	0.5940
0.3848	0.2575	0.4630	0.5896
0.3890	0.2584	0.4670	0.5864
0.3934	0.2589	0.4710	0.5820
0.3985	0.2603	0.4760	0.5787
0.4030	0.2608	0.4800	0.5744
0.4080	0.2622	0.4850	0.5711
0.4133	0.2632	0.4900	0.5670
0.4185	0.2644	0.4950	0.5635
0.4230	0.2648	0.4990	0.5593
0.4281	0.2660	0.5040	0.5561
0.4343	0.2673	0.5100	0.5518
0.4395	0.2685	0.5150	0.5485
0.4449	0.2692	0.5200	0.5441
0.4509	0.2708	0.5260	0.5408
0.4573	0.2719	0.5320	0.5365
0.4633	0.2734	0.5380	0.5332
0.4679	0.2736	0.5420	0.5291
0.4757	0.2761	0.5500	0.5259
0.4821	0.2770	0.5560	0.5215
0.4882	0.2784	0.5620	0.5182
0.4947	0.2792	0.5680	0.5138
0.5026	0.2815	0.5760	0.5105
0.5090	0.2822	0.5820	0.5062
0.5169	0.2844	0.5900	0.5030
0.5234	0.2851	0.5960	0.4988
0.5313	0.2872	0.6040	0.4956
0.5397	0.2887	0.6120	0.4912
0.5477	0.2906	0.6200	0.4879
0.5578	0.2929	0.6300	0.4836
0.5658	0.2948	0.6380	0.4803
0.5742	0.2960	0.6460	0.4759
0.5841	0.2986	0.6560	0.4727
0.5924	0.2998	0.6640	0.4685
0.6024	0.3022	0.6740	0.4650
0.6108	0.3034	0.6820	0.4610
0.6226	0.3066	0.6940	0.4576
0.6326	0.3090	0.7040	0.4543
0.6429	0.3106	0.7140	0.4500
0.6547	0.3137	0.7260	0.4468
0.6670	0.3159	0.7380	0.4424
0.6789	0.3188	0.7500	0.4391
0.6911	0.3210	0.7620	0.4348
0.7031	0.3237	0.7740	0.4314
0.7171	0.3266	0.7880	0.4274
0.7310	0.3298	0.8020	0.4239
0.7452	0.3325	0.8160	0.4197
0.7591	0.3358	0.8300	0.4165
0.7752	0.3388	0.8460	0.4121
0.7910	0.3427	0.8620	0.4088
0.8071	0.3455	0.8780	0.4045
0.8248	0.3499	0.8960	0.4012
0.8426	0.3542	0.9140	0.3980
0.8607	0.3574	0.9320	0.3936
0.8804	0.3622	0.9520	0.3903
0.9005	0.3658	0.9720	0.3859
0.9203	0.3704	0.9920	0.3826
0.6012	-0.3998	0.7220	-0.5868
0.5962	-0.4002	0.7180	-0.5912
0.5927	-0.4017	0.7160	-0.5956
0.5895	-0.4029	0.7140	-0.5996
0.5844	-0.4032	0.7100	-0.6040
0.5810	-0.4046	0.7080	-0.6083
0.5760	-0.4047	0.7040	-0.6124
0.5723	-0.4065	0.7020	-0.6176
0.5673	-0.4067	0.6980	-0.6220
0.5639	-0.4080	0.6960	-0.6263
0.5606	-0.4091	0.6940	-0.6305
0.5556	-0.4092	0.6900	-0.6348
0.5522	-0.4104	0.6880	-0.6392
0.5489	-0.4115	0.6860	-0.6433
0.5455	-0.4127	0.6840	-0.6476
0.5402	-0.4130	0.6800	-0.6528
0.5368	-0.4142	0.6780	-0.6572
0.5334	-0.4153	0.6760	-0.6615
0.5301	-0.4162	0.6740	-0.6657
0.5252	-0.4160	0.6700	-0.6700
0.5218	-0.4171	0.6680	-0.6744
0.5185	-0.4179	0.6660	-0.6784
0.5148	-0.4194	0.6640	-0.6837
0.5114	-0.4204	0.6620	-0.6880
0.5065	-0.4201	0.6580	-0.6924
0.5032	-0.4208	0.6560	-0.6964
0.4999	-0.4217	0.6540	-0.7008
0.4965	-0.4226	0.6520	-0.7052
0.4932	-0.4233	0.6500	-0.7093
0.4899	-0.4241	0.6480	-0.7136
0.4862	-0.4254	0.6460	-0.7188
0.4828	-0.4262	0.6440	-0.7232
0.4795	-0.4269	0.6420	-0.7275
0.4762	-0.4276	0.6400	-0.7316
0.4729	-0.4283	0.6380	-0.7360
0.4695	-0.4290	0.6360	-0.7403
0.4663	-0.4296	0.6340	-0.7445
0.4644	-0.4316	0.6340	-0.7488
0.4593	-0.4313	0.6300	-0.7540
0.4559	-0.4319	0.6280	-0.7584
0.4527	-0.4324	0.6260	-0.7625
0.4494	-0.4330	0.6240	-0.7668
0.4460	-0.4335	0.6220	-0.7712
0.4443	-0.4353	0.6220	-0.7752
0.4409	-0.4359	0.6200	-0.7796
0.4376	-0.4364	0.6180	-0.7840
0.4344	-0.4367	0.6160	-0.7881
0.4306	-0.4377	0.6140	-0.7935
0.4274	-0.4380	0.6120	-0.7977
0.4241	-0.4384	0.6100	-0.8020
0.4222	-0.4403	0.6100	-0.8064
0.4190	-0.4405	0.6080	-0.8104
0.4157	-0.4409	0.6060	-0.8148
0.4124	-0.4413	0.6040	-0.8191
0.4093	-0.4415	0.6020	-0.8233
0.4060	-0.4418	0.6000	-0.8276
0.4040	-0.4436	0.6000	-0.8320
0.4022	-0.4452	0.6000	-0.8361
0.3972	-0.4443	0.5960	-0.8413
0.3940	-0.4445	0.5940	-0.8456
0.3920	-0.4463	0.5940	-0.8500
0.3902	-0.4478	0.5940	-0.8540
0.3869	-0.4480	0.5920	-0.8585
0.3837	-0.4482	0.5900	-0.8628
0.3806	-0.4482	0.5880	-0.8669
0.3772	-0.4485	0.5860	-0.8715
0.3752	-0.4501	0.5860	-0.8759
0.3716	-0.4505	0.5840	-0.8811
0.3695	-0.4522	0.5840	-0.8857
0.3663	-0.4523	0.5820	-0.8901
0.3631	-0.4523	0.5800	-0.8944
0.3611	-0.4539	0.5800	-0.8988
0.3579	-0.4539	0.5780	-0.9031
0.3545	-0.4540	0.5760	-0.9078
0.3525	-0.4555	0.5760	-0.9121
0.3493	-0.4555	0.5740	-0.9166
0.3473	-0.4570	0.5740	-0.9209
0.3441	-0.4569	0.5720	-0.9253
0.3404	-0.4572	0.5700	-0.9307
0.3385	-0.4586	0.5700	-0.9351
0.3363	-0.4602	0.5700	-0.9397
0.3331	-0.4601	0.5680	-0.9441
0.3300	-0.4599	0.5660	-0.9484
0.3279	-0.4613	0.5660	-0.9528
0.3248	-0.4611	0.5640	-0.9572
0.3228	-0.4625	0.5640	-0.9615
0.3195	-0.4623	0.5620	-0.9661
0.3175	-0.4638	0.5620	-0.9705
0.3143	-0.4635	0.5600	-0.9748
0.3123	-0.4648	0.5600	-0.9793
0.3103	-0.4662	0.5600	-0.9836
0.3066	-0.4662	0.5580	-0.9890
0.3046	-0.4676	0.5580	-0.9934
0.3013	-0.4673	0.5560	-0.9980
0.2982	-0.4669	0.5540	-1.0025
0.2962	-0.4682	0.5540	-1.0068
0.2941	-0.4695	0.5540	-1.0112
0.2921	-0.4708	0.5540	-1.0155
0.2889	-0.4703	0.5520	-1.0199
0.2868	-0.4717	0.5520	-1.0245
0.2837	-0.4712	0.5500	-1.0289
0.2816	-0.4724	0.5500	-1.0332
0.2795	-0.4737	0.5500	-1.0376
0.2765	-0.4731	0.5480	-1.0420
0.2743	-0.4744	0.5480	-1.0466
0.2708	-0.4741	0.5460	-1.0518
0.2686	-0.4754	0.5460	-1.0564
0.2666	-0.4765	0.5460	-1.0607
0.2645	-0.4777	0.5460	-1.0652
0.2614	-0.4771	0.5440	-1.0695
0.2593	-0.4782	0.5440	-1.0739
0.2573	-0.4793	0.5440	-1.0782
0.2541	-0.4788	0.5420	-1.0829
0.2520	-0.4799	0.5420	-1.0872
0.2499	-0.4810	0.5420	-1.0916
0.2469	-0.4803	0.5400	-1.0959
0.2448	-0.4813	0.5400	-1.1003
0.2426	-0.4825	0.5400	-1.1049
0.2395	-0.4817	0.5380	-1.1094
0.2375	-0.4828	0.5380	-1.1137
0.2353	-0.4838	0.5380	-1.1181
0.2332	-0.4848	0.5380	-1.1224
0.2310	-0.4859	0.5380	-1.1271
0.2289	-0.4869	0.5380	-1.1314
0.2259	-0.4861	0.5360	-1.1358
0.2238	-0.4871	0.5360	-1.1401
0.2216	-0.4880	0.5360	-1.1445
0.2181	-0.4874	0.5340	-1.1500
0.2160	-0.4884	0.5340	-1.1543
0.2139	-0.4893	0.5340	-1.1587
0.2116	-0.4903	0.5340	-1.1633
0.2095	-0.4912	0.5340	-1.1676
0.2066	-0.4903	0.5320	-1.1721
0.2044	-0.4912	0.5320	-1.1764
0.2023	-0.4920	0.5320	-1.1808
0.2000	-0.4930	0.5320	-1.1854
0.1978	-0.4939	0.5320	-1.1898
0.1957	-0.4947	0.5320	-1.1941
0.1935	-0.4956	0.5320	-1.1985
0.1914	-0.4964	0.5320	-1.2028
0.1883	-0.4954	0.5300	-1.2075
0.1862	-0.4962	0.5300	-1.2118
0.1840	-0.4970	0.5300	-1.2163
0.1818	-0.4978	0.5300	-1.2206
0.1797	-0.4986	0.5300	-1.2250
0.1775	-0.4994	0.5300	-1.2293
0.1752	-0.5002	0.5300	-1.2340
0.1730	-0.5010	0.5300	-1.2383
0.1708	-0.5017	0.5300	-1.2427
0.1686	-0.5025	0.5300	-1.2470
0.1664	-0.5032	0.5300	-1.2514
0.1641	-0.5040	0.5300	-1.2560
0.1612	-0.5028	0.5280	-1.2605
0.1591	-0.5035	0.5280	-1.2648
0.1569	-0.5042	0.5280	-1.2692
0.1547	-0.5048	0.5280	-1.2735
0.1529	-0.5075	0.5300	-1.2781
0.1507	-0.5081	0.5300	-1.2825
0.1479	-0.5069	0.5280	-1.2868
0.1457	-0.5075	0.5280	-1.2912
0.1440	-0.5100	0.5300	-1.2955
0.1413	-0.5088	0.5280	-1.3000
0.1391	-0.5094	0.5280	-1.3043
0.1368	-0.5100	0.5280	-1.3087
0.1347	-0.5105	0.5280	-1.3128
0.1325	-0.5111	0.5280	-1.3171
0.1303	-0.5117	0.5280	-1.3215
0.1280	-0.5122	0.5280	-1.3258
0.1259	-0.5128	0.5280	-1.3300
0.1242	-0.5152	0.5300	-1.3343
0.1215	-0.5138	0.5280	-1.3387
0.1197	-0.5163	0.5300	-1.3430
0.1174	-0.5168	0.5300	-1.3474
0.1153	-0.5173	0.5300	-1.3515
0.1130	-0.5178	0.5300	-1.3558
0.1108	-0.5183	0.5300	-1.3603
0.1085	-0.5188	0.5300	-1.3646
0.1064	-0.5192	0.5300	-1.3687
0.1041	-0.5197	0.5300	-1.3730
0.1019	-0.5201	0.5300	-1.3774
0.0996	-0.5206	0.5300	-1.3817
0.0975	-0.5210	0.5300	-1.3859
0.0952	-0.5214	0.5300	-1.3902
0.0933	-0.5238	0.5320	-1.3946
0.0910	-0.5242	0.5320	-1.3990
0.0887	-0.5246	0.5320	-1.4033
0.0865	-0.5249	0.5320	-1.4074
0.0843	-0.5253	0.5320	-1.4117
0.0819	-0.5257	0.5320	-1.4162
0.0800	-0.5280	0.5340	-1.4205
0.0778	-0.5283	0.5340	-1.4246
0.0755	-0.5286	0.5340	-1.4289
0.0732	-0.5290	0.5340	-1.4333
0.0709	-0.5293	0.5340	-1.4376
0.0687	-0.5296	0.5340	-1.4418
0.0664	-0.5299	0.5340	-1.4462
0.0649	-0.5321	0.5360	-1.4494
0.0626	-0.5323	0.5360	-1.4537
0.0603	-0.5326	0.5360	-1.4581
0.0580	-0.5329	0.5360	-1.4625
0.0558	-0.5331	0.5360	-1.4666
0.0537	-0.5353	0.5380	-1.4709
0.0513	-0.5355	0.5380	-1.4753
0.0490	-0.5358	0.5380	-1.4796
0.0466	-0.5360	0.5380	-1.4840
0.0446	-0.5382	0.5400	-1.4882
0.0423	-0.5383	0.5400	-1.4925
0.0399	-0.5385	0.5400	-1.4969
0.0376	-0.5387	0.5400	-1.5012
0.0353	-0.5388	0.5400	-1.5053
0.0331	-0.5410	0.5420	-1.5096
0.0307	-0.5411	0.5420	-1.5140
0.0284	-0.5413	0.5420	-1.5184
0.0260	-0.5414	0.5420	-1.5228
0.0239	-0.5435	0.5440	-1.5269
0.0215	-0.5436	0.5440	-1.5312
0.0192	-0.5457	0.5460	-1.5356
0.0169	-0.5457	0.5460	-1.5399
0.0146	-0.5458	0.5460	-1.5440
0.0122	-0.5459	0.5460	-1.5484
0.0105	-0.5479	0.5480	-1.5516
0.0081	-0.5479	0.5480	-1.5560
0.0057	-0.5480	0.5480	-1.5603
0.0033	-0.5500	0.5500	-1.5648
0.0011	-0.5500	0.5500	-1.5689
-0.0013	-0.5520	0.5520	-1.5732
-0.0038	-0.5520	0.5520	-1.5776
-0.0061	-0.5520	0.5520	-1.5819
-0.0084	-0.5539	0.5540	-1.5860
-0.0108	-0.5539	0.5540	-1.5904
-0.0133	-0.5558	0.5560	-1.5948
-0.0157	-0.5558	0.5560	-1.5991
-0.0182	-0.5557	0.5560	-1.6035
-0.0205	-0.5576	0.5580	-1.6076
-0.0229	-0.5575	0.5580	-1.6119
-0.0248	-0.5594	0.5600	-1.6152
-0.0273	-0.5593	0.5600	-1.6196
-0.0298	-0.5612	0.5620	-1.6239
-0.0323	-0.5611	0.5620	-1.6283
-0.0346	-0.5609	0.5620	-1.6323
-0.0372	-0.5628	0.5640	-1.6368
-0.0397	-0.5646	0.5660	-1.6411
-0.0422	-0.5644	0.5660	-1.6455
-0.0446	-0.5642	0.5660	-1.6496
-0.0472	-0.5660	0.5680	-1.6539
-0.0497	-0.5658	0.5680	-1.6583
-0.0548	-0.5674	0.5700	-1.6671
-0.0697	-0.5415	0.5460	-1.6989
-0.0713	-0.5353	0.5400	-1.7033
-0.0733	-0.5289	0.5340	-1.7085
-0.0747	-0.5227	0.5280	-1.7128
-0.0766	-0.5164	0.5220	-1.7181
-0.0779	-0.5101	0.5160	-1.7224
-0.0798	-0.5037	0.5100	-1.7278
-0.0810	-0.4985	0.5050	-1.7320
-0.0829	-0.4931	0.5000	-1.7373
-0.0839	-0.4868	0.4940	-1.7415
-0.0857	-0.4814	0.4890	-1.7469
-0.0869	-0.4761	0.4840	-1.7513
-0.0884	-0.4708	0.4790	-1.7565
-0.0897	-0.4665	0.4750	-1.7608
-0.0912	-0.4611	0.4700	-1.7660
-0.0922	-0.4558	0.4650	-1.7704
-0.0935	-0.4504	0.4600	-1.7756
-0.0947	-0.4461	0.4560	-1.7799
-0.0961	-0.4417	0.4520	-1.7851
-0.0972	-0.4373	0.4480	-1.7895
-0.0986	-0.4329	0.4440	-1.7947
-0.0998	-0.4275	0.4390	-1.8001
-0.1007	-0.4232	0.4350	-1.8044
-0.1018	-0.4198	0.4320	-1.8086
-0.1031	-0.4154	0.4280	-1.8140
-0.1038	-0.4111	0.4240	-1.8181
-0.1053	-0.4076	0.4210	-1.8235
-0.1060	-0.4033	0.4170	-1.8279
-0.1074	-0.3998	0.4140	-1.8331
-0.1080	-0.3955	0.4100	-1.8374
-0.1093	-0.3921	0.4070	-1.8426
-0.1102	-0.3887	0.4040	-1.8470
-0.1114	-0.3852	0.4010	-1.8522
-0.1122	-0.3819	0.3980	-1.8565
-0.1133	-0.3784	0.3950	-1.8618
-0.1141	-0.3750	0.3920	-1.8661
-0.1151	-0.3716	0.3890	-1.8713
-0.1159	-0.3682	0.3860	-1.8757
-0.1169	-0.3647	0.3830	-1.8810
-0.1175	-0.3614	0.3800	-1.8852
-0.1188	-0.3588	0.3780	-1.8906
-0.1194	-0.3555	0.3750	-1.8948
-0.1203	-0.3531	0.3730	-1.8991
-0.1212	-0.3496	0.3700	-1.9045
-0.1220	-0.3461	0.3670	-1.9097
-0.1229	-0.3437	0.3650	-1.9141
-0.1233	-0.3403	0.3620	-1.9184
-0.1244	-0.3378	0.3600	-1.9236
-0.1252	-0.3354	0.3580	-1.9280
-0.1259	-0.3319	0.3550	-1.9332
-0.1266	-0.3295	0.3530	-1.9375
-0.1275	-0.3270	0.3510	-1.9427
-0.1283	-0.3246	0.3490	-1.9471
-0.1289	-0.3222	0.3470	-1.9514
-0.1298	-0.3196	0.3450	-1.9566
-0.1301	-0.3163	0.3420	-1.9610
-0.1310	-0.3138	0.3400	-1.9662
-0.1319	-0.3123	0.3390	-1.9705
-0.1325	-0.3099	0.3370	-1.9749
-0.1333	-0.3073	0.3350	-1.9801
-0.1339	-0.3049	0.3330	-1.9845
-0.1346	-0.3024	0.3310	-1.9897
-0.1351	-0.3000	0.3290	-1.9940
-0.1358	-0.2975	0.3270	-1.9992
-0.1367	-0.2959	0.3260	-2.0036
-0.1372	-0.2935	0.3240	-2.0079
-0.1378	-0.2910	0.3220	-2.0131
-0.1387	-0.2895	0.3210	-2.0175
-0.1393	-0.2870	0.3190	-2.0226
-0.1396	-0.2846	0.3170	-2.0270
-0.1405	-0.2831	0.3160	-2.0314
-0.1415	-0.2814	0.3150	-2.0366
-0.1418	-0.2791	0.3130	-2.0409
-0.1423	-0.2765	0.3110	-2.0460
-0.1431	-0.2750	0.3100	-2.0505
-0.1433	-0.2726	0.3080	-2.0548
-0.1443	-0.2710	0.3070	-2.0599
-0.1450	-0.2695	0.3060	-2.0644
-0.1452	-0.2671	0.3040	-2.0687
-0.1461	-0.2654	0.3030	-2.0739
-0.1463	-0.2631	0.3010	-2.0783
-0.1469	-0.2615	0.3000	-2.0827
-0.1478	-0.2599	0.2990	-2.0878
-0.1484	-0.2584	0.2980	-2.0922
-0.1488	-0.2559	0.2960	-2.0973
-0.1494	-0.2544	0.2950	-2.1017
-0.1494	-0.2520	0.2930	-2.1061
-0.1502	-0.2504	0.2920	-2.1112
-0.1508	-0.2489	0.2910	-2.1156
-0.1514	-0.2474	0.2900	-2.1200
-0.1521	-0.2457	0.2890	-2.1251
-0.1527	-0.2442	0.2880	-2.1295
-0.1532	-0.2427	0.2870	-2.1339
-0.1534	-0.2402	0.2850	-2.1390
-0.1539	-0.2387	0.2840	-2.1435
-0.1543	-0.2372	0.2830	-2.1476
-0.1550	-0.2356	0.2820	-2.1529
-0.1555	-0.2340	0.2810	-2.1574
-0.1559	-0.2326	0.2800	-2.1615
-0.1566	-0.2309	0.2790	-2.1668
-0.1571	-0.2294	0.2780	-2.1713
-0.1575	-0.2279	0.2770	-2.1756
-0.1582	-0.2262	0.2760	-2.1810
-0.1586	-0.2247	0.2750	-2.1854
-0.1590	-0.2232	0.2740	-2.1898
-0.1595	-0.2215	0.2730	-2.1949
-0.1599	-0.2200	0.2720	-2.1993
-0.1603	-0.2185	0.2710	-2.2037
-0.1609	-0.2168	0.2700	-2.2091
-0.1612	-0.2153	0.2690	-2.2135
-0.1616	-0.2138	0.2680	-2.2178
-0.1621	-0.2122	0.2670	-2.2230
-0.1630	-0.2115	0.2670	-2.2274
-0.1633	-0.2100	0.2660	-2.2318
-0.1636	-0.2085	0.2650	-2.2362
-0.1641	-0.2068	0.2640	-2.2416
-0.1644	-0.2053	0.2630	-2.2459
-0.1653	-0.2046	0.2630	-2.2503
-0.1655	-0.2031	0.2620	-2.2547
-0.1659	-0.2015	0.2610	-2.2598
-0.1662	-0.2000	0.2600	-2.2643
-0.1664	-0.1985	0.2590	-2.2686
-0.1668	-0.1968	0.2580	-2.2740
-0.1677	-0.1961	0.2580	-2.2784
-0.1679	-0.1946	0.2570	-2.2828
-0.1683	-0.1929	0.2560	-2.2882
-0.1685	-0.1914	0.2550	-2.2926
-0.1693	-0.1907	0.2550	-2.2967
-0.1694	-0.1892	0.2540	-2.3011
-0.1698	-0.1876	0.2530	-2.3065
-0.1706	-0.1868	0.2530	-2.3108
-0.1707	-0.1853	0.2520	-2.3153
-0.1709	-0.1839	0.2510	-2.3196
-0.1712	-0.1822	0.2500	-2.3250
-0.1720	-0.1814	0.2500	-2.3294
-0.1721	-0.1800	0.2490	-2.3338
-0.1729	-0.1792	0.2490	-2.3382
-0.1731	-0.1776	0.2480	-2.3433
-0.1739	-0.1769	0.2480	-2.3477
-0.1739	-0.1754	0.2470	-2.3521
-0.1740	-0.1739	0.2460	-2.3564
-0.1742	-0.1723	0.2450	-2.3619
-0.1750	-0.1715	0.2450	-2.3663
-0.1757	-0.1707	0.2450	-2.3706
-0.1757	-0.1693	0.2440	-2.3750
-0.1759	-0.1677	0.2430	-2.3802
-0.1766	-0.1669	0.2430	-2.3845
-0.1766	-0.1654	0.2420	-2.3889
-0.1773	-0.1647	0.2420	-2.3932
-0.1775	-0.1630	0.2410	-2.3987
-0.1782	-0.1622	0.2410	-2.4031
-0.1782	-0.1608	0.2400	-2.4074
-0.1789	-0.1600	0.2400	-2.4118
-0.1788	-0.1586	0.2390	-2.4161
-0.1789	-0.1570	0.2380	-2.4213
-0.1796	-0.1562	0.2380	-2.4257
-0.1802	-0.1554	0.2380	-2.4300
-0.1809	-0.1546	0.2380	-2.4344
-0.1808	-0.1532	0.2370	-2.4387
-0.1815	-0.1524	0.2370	-2.4432
-0.1816	-0.1508	0.2360	-2.4486
-0.1814	-0.1493	0.2350	-2.4529
-0.1821	-0.1485	0.2350	-2.4573
-0.1827	-0.1478	0.2350	-2.4617
-0.1827	-0.1462	0.2340	-2.4668
-0.1826	-0.1448	0.2330	-2.4712
-0.1832	-0.1440	0.2330	-2.4756
-0.1838	-0.1432	0.2330	-2.4800
-0.1845	-0.1424	0.2330	-2.4843
-0.1851	-0.1415	0.2330	-2.4887
-0.1849	-0.1401	0.2320	-2.4930
-0.1855	-0.1393	0.2320	-2.4974
-0.1855	-0.1377	0.2310	-2.5029
-0.1861	-0.1369	0.2310	-2.5072
-0.1867	-0.1361	0.2310	-2.5116
-0.1864	-0.1347	0.2300	-2.5159
-0.1864	-0.1331	0.2290	-2.5214
-0.1869	-0.1323	0.2290	-2.5258
-0.1867	-0.1309	0.2280	-2.5301
-0.1872	-0.1301	0.2280	-2.5342
-0.1878	-0.1293	0.2280	-2.5385
-0.1884	-0.1285	0.2280	-2.5430
-0.1889	-0.1277	0.2280	-2.5473
-0.1895	-0.1268	0.2280	-2.5517
-0.1900	-0.1260	0.2280	-2.5560
-0.1899	-0.1244	0.2270	-2.5615
-0.1896	-0.1230	0.2260	-2.5659
-0.1901	-0.1222	0.2260	-2.5702
-0.1906	-0.1214	0.2260	-2.5746
-0.1920	-0.1211	0.2270	-2.5789
-0.1925	-0.1202	0.2270	-2.5833
-0.1922	-0.1189	0.2260	-2.5876
-0.1927	-0.1180	0.2260	-2.5920
-0.1925	-0.1165	0.2250	-2.5975
-0.1930	-0.1156	0.2250	-2.6018
-0.1926	-0.1143	0.2240	-2.6059
-0.1931	-0.1135	0.2240	-2.6104
-0.1936	-0.1127	0.2240	-2.6144
-0.1941	-0.1118	0.2240	-2.6188
-0.1946	-0.1110	0.2240	-2.6231
-0.1943	-0.1095	0.2230	-2.6283
-0.1947	-0.1087	0.2230	-2.6324
-0.1952	-0.1079	0.2230	-2.6367
-0.1957	-0.1070	0.2230	-2.6411
-0.1961	-0.1062	0.2230	-2.6453
-0.1965	-0.1053	0.2230	-2.6496
-0.1970	-0.1045	0.2230	-2.6537
-0.1965	-0.1032	0.2220	-2.6580
-0.1970	-0.1024	0.2220	-2.6624
-0.1974	-0.1016	0.2220	-2.6664
-0.1979	-0.1007	0.2220	-2.6709
-0.1983	-0.0999	0.2220	-2.6750
-0.1987	-0.0990	0.2220	-2.6793
-0.1991	-0.0981	0.2220	-2.6837
-0.1995	-0.0973	0.2220	-2.6877
-0.2000	-0.0965	0.2220	-2.6921
-0.2003	-0.0956	0.2220	-2.6963
-0.2000	-0.0941	0.2210	-2.7016
-0.2003	-0.0933	0.2210	-2.7058
-0.2016	-0.0931	0.2220	-2.7090
-0.2011	-0.0916	0.2210	-2.7142
-0.2015	-0.0907	0.2210	-2.7186
-0.2019	-0.0898	0.2210	-2.7229
-0.2023	-0.0890	0.2210	-2.7270
-0.2027	-0.0881	0.2210	-2.7313
-0.2030	-0.0873	0.2210	-2.7355
-0.2025	-0.0860	0.2200	-2.7399
-0.2029	-0.0851	0.2200	-2.7442
-0.2032	-0.0843	0.2200	-2.7483
-0.2045	-0.0838	0.2210	-2.7526
-0.2048	-0.0830	0.2210	-2.7568
-0.2052	-0.0821	0.2210	-2.7612
-0.2046	-0.0808	0.2200	-2.7655
-0.2050	-0.0800	0.2200	-2.7696
-0.2053	-0.0791	0.2200	-2.7739
-0.2056	-0.0782	0.2200	-2.7780
-0.2060	-0.0773	0.2200	-2.7824
-0.2063	-0.0764	0.2200	-2.7868
-0.2066	-0.0756	0.2200	-2.7909
-0.2069	-0.0747	0.2200	-2.7952
-0.2073	-0.0738	0.2200	-2.7996
-0.2076	-0.0729	0.2200	-2.8036
-0.2079	-0.0720	0.2200	-2.8080
-0.2082	-0.0712	0.2200	-2.8121
-0.2085	-0.0703	0.2200	-2.8165
-0.2088	-0.0694	0.2200	-2.8208
-0.2091	-0.0685	0.2200	-2.8249
-0.2094	-0.0676	0.2200	-2.8293
-0.2096	-0.0667	0.2200	-2.8334
-0.2099	-0.0658	0.2200	-2.8378
-0.2102	-0.0649	0.2200	-2.8421
-0.2105	-0.0640	0.2200	-2.8462
-0.2107	-0.0631	0.2200	-2.8505
-0.2120	-0.0625	0.2210	-2.8546
-0.2122	-0.0616	0.2210	-2.8591
-0.2125	-0.0607	0.2210	-2.8634
-0.2127	-0.0598	0.2210	-2.8675
-0.2130	-0.0589	0.2210	-2.8718
-0.2123	-0.0578	0.2200	-2.8759
-0.2125	-0.0568	0.2200	-2.8803
-0.2137	-0.0562	0.2210	-2.8847
-0.2149	-0.0557	0.2220	-2.8879
-0.2151	-0.0548	0.2220	-2.8920
-0.2144	-0.0535	0.2210	-2.8972
-0.2147	-0.0525	0.2210	-2.9015
-0.2149	-0.0516	0.2210	-2.9059
-0.2151	-0.0507	0.2210	-2.9101
-0.2153	-0.0498	0.2210	-2.9144
-0.2155	-0.0489	0.2210	-2.9185
-0.2157	-0.0480	0.2210	-2.9228
-0.2159	-0.0470	0.2210	-2.9272
-0.2161	-0.0461	0.2210	-2.9312
-0.2173	-0.0456	0.2220	-2.9346
-0.2175	-0.0447	0.2220	-2.9389
-0.2176	-0.0438	0.2220	-2.9430
-0.2178	-0.0429	0.2220	-2.9474
-0.2180	-0.0419	0.2220	-2.9518
-0.2182	-0.0410	0.2220	-2.9558
-0.2184	-0.0400	0.2220	-2.9602
-0.2195	-0.0393	0.2230	-2.9643
-0.2197	-0.0384	0.2230	-2.9686
-0.2189	-0.0372	0.2220	-2.9730
-0.2200	-0.0365	0.2230	-2.9771
-0.2201	-0.0356	0.2230	-2.9815
-0.2203	-0.0347	0.2230	-2.9855
-0.2214	-0.0340	0.2240	-2.9891
-0.2215	-0.0331	0.2240	-2.9932
-0.2227	-0.0323	0.2250	-2.9976
-0.2228	-0.0314	0.2250	-3.0016
-0.2229	-0.0304	0.2250	-3.0060
-0.2231	-0.0294	0.2250	-3.0103
-0.2232	-0.0285	0.2250	-3.0148
-0.2233	-0.0275	0.2250	-3.0191
-0.2244	-0.0269	0.2260	-3.0223
-0.2245	-0.0259	0.2260	-3.0267
-0.2246	-0.0249	0.2260	-3.0311
-0.2247	-0.0239	0.2260	-3.0355
-0.2258	-0.0231	0.2270	-3.0399
-0.2259	-0.0221	0.2270	-3.0442
-0.2260	-0.0211	0.2270	-3.0486
-0.2261	-0.0201	0.2270	-3.0529
-0.2272	-0.0195	0.2280	-3.0562
-0.2273	-0.0185	0.2280	-3.0606
-0.2273	-0.0175	0.2280	-3.0649
-0.2284	-0.0165	0.2290	-3.0693
-0.2285	-0.0156	0.2290	-3.0736
-0.2285	-0.0145	0.2290	-3.0780
-0.2286	-0.0136	0.2290	-3.0823
-0.2287	-0.0126	0.2290	-3.0868
-0.2297	-0.0118	0.2300	-3.0903
-0.2307	-0.0108	0.2310	-3.0946
-0.2308	-0.0098	0.2310	-3.0990
-0.2209	-0.0076	0.2210	-3.1072
-0.2199	-0.0066	0.2200	-3.1116
-0.2199	-0.0057	0.2200	-3.1159
-0.2200	-0.0046	0.2200	-3.1205
-0.2200	-0.0037	0.2200	-3.1249
-0.2200	-0.0027	0.2200	-3.1293
-0.2200	-0.0018	0.2200	-3.1336
-0.2210	-0.0008	0.2210	-3.1380
