x	y	r	phi
-0.5263	0.1294	0.5420	2.9006
-0.5236	0.1319	0.5400	2.8948
-0.5190	0.1338	0.5360	2.8893
-0.5162	0.1366	0.5340	2.8828
-0.5135	0.1389	0.5320	2.8774
-0.5108	0.1414	0.5300	2.8716
-0.5081	0.1436	0.5280	2.8662
-0.5054	0.1458	0.5260	2.8608
-0.5026	0.1481	0.5240	2.8550
-0.4978	0.1502	0.5200	2.8485
-0.4951	0.1524	0.5180	2.8430
-0.4923	0.1545	0.5160	2.8376
-0.4895	0.1567	0.5140	2.8318
-0.4866	0.1591	0.5120	2.8256
-0.4838	0.1613	0.5100	2.8198
-0.4820	0.1636	0.5090	2.8144
-0.4792	0.1656	0.5070	2.8089
-0.4764	0.1676	0.5050	2.8033
-0.4736	0.1695	0.5030	2.7978
-0.4706	0.1720	0.5010	2.7912
-0.4677	0.1739	0.4990	2.7857
-0.4658	0.1762	0.4980	2.7801
-0.4630	0.1780	0.4960	2.7746
-0.4601	0.1798	0.4940	2.7691
-0.4573	0.1815	0.4920	2.7637
-0.4542	0.1838	0.4900	2.7571
-0.4523	0.1859	0.4890	2.7517
-0.4494	0.1876	0.4870	2.7462
-0.4474	0.1898	0.4860	2.7405
-0.4445	0.1914	0.4840	2.7350
-0.4415	0.1935	0.4820	2.7285
-0.4395	0.1955	0.4810	2.7230
-0.4375	0.1975	0.4800	2.7175
-0.4346	0.1991	0.4780	2.7121
-0.4325	0.2011	0.4770	2.7064
-0.4296	0.2026	0.4750	2.7010
-0.4276	0.2045	0.4740	2.6955
-0.4256	0.2064	0.4730	2.6900
-0.4224	0.2083	0.4710	2.6835
-0.4204	0.2101	0.4700	2.6780
-0.4183	0.2121	0.4690	2.6723
-0.4162	0.2139	0.4680	2.6668
-0.4133	0.2153	0.4660	2.6614
-0.4112	0.2170	0.4650	2.6560
-0.4080	0.2188	0.4630	2.6494
-0.4068	0.2210	0.4630	2.6439
-0.4047	0.2228	0.4620	2.6383
-0.4017	0.2241	0.4600	2.6328
-0.3996	0.2258	0.4590	2.6273
-0.3975	0.2275	0.4580	2.6219
-0.3954	0.2291	0.4570	2.6164
-0.3932	0.2309	0.4560	2.6106
-0.3900	0.2324	0.4540	2.6041
-0.3887	0.2346	0.4540	2.5987
-0.3866	0.2362	0.4530	2.5932
-0.3844	0.2377	0.4520	2.5877
-0.3823	0.2393	0.4510	2.5824
-0.3801	0.2409	0.4500	2.5766
-0.3771	0.2419	0.4480	2.5711
-0.3757	0.2440	0.4480	2.5657
-0.3744	0.2460	0.4480	2.5602
-0.3711	0.2474	0.4460	2.5537
-0.3689	0.2488	0.4450	2.5482
-0.3675	0.2509	0.4450	2.5425
-0.3653	0.2524	0.4440	2.5370
-0.3631	0.2538	0.4430	2.5315
-0.3609	0.2552	0.4420	2.5262
-0.3586	0.2567	0.4410	2.5204
-0.3572	0.2586	0.4410	2.5150
-0.3550	0.2600	0.4400	2.5095
-0.3536	0.2619	0.4400	2.5040
-0.3510	0.2636	0.4390	2.4975
-0.3488	0.2649	0.4380	2.4920
-0.3466	0.2662	0.4370	2.4866
-0.3450	0.2682	0.4370	2.4808
-0.3428	0.2694	0.4360	2.4755
-0.3405	0.2707	0.4350	2.4700
-0.3383	0.2719	0.4340	2.4645
-0.3367	0.2738	0.4340	2.4588
-0.3344	0.2750	0.4330	2.4533
-0.3329	0.2769	0.4330	2.4478
-0.3314	0.2787	0.4330	2.4424
-0.3291	0.2799	0.4320	2.4367
-0.3265	0.2813	0.4310	2.4304
-0.3249	0.2832	0.4310	2.4246
-0.3226	0.2843	0.4300	2.4193
-0.3211	0.2860	0.4300	2.4138
-0.3188	0.2871	0.4290	2.4083
-0.3172	0.2889	0.4290	2.4029
-0.3148	0.2900	0.4280	2.3971
-0.3132	0.2917	0.4280	2.3917
-0.3116	0.2934	0.4280	2.3862
-0.3093	0.2944	0.4270	2.3807
-0.3076	0.2962	0.4270	2.3751
-0.3052	0.2972	0.4260	2.3696
-0.3036	0.2988	0.4260	2.3642
-0.3013	0.2998	0.4250	2.3587
-0.2995	0.3015	0.4250	2.3529
-0.2979	0.3031	0.4250	2.3475
-0.2963	0.3047	0.4250	2.3421
-0.2946	0.3063	0.4250	2.3366
-0.2922	0.3072	0.4240	2.3312
-0.2904	0.3089	0.4240	2.3254
-0.2888	0.3105	0.4240	2.3200
-0.2860	0.3116	0.4230	2.3134
-0.2843	0.3132	0.4230	2.3080
-0.2826	0.3147	0.4230	2.3025
-0.2809	0.3163	0.4230	2.2970
-0.2784	0.3171	0.4220	2.2914
-0.2774	0.3194	0.4230	2.2859
-0.2756	0.3209	0.4230	2.2805
-0.2732	0.3216	0.4220	2.2750
-0.2707	0.3224	0.4210	2.2692
-0.2696	0.3247	0.4220	2.2638
-0.2678	0.3261	0.4220	2.2583
-0.2660	0.3276	0.4220	2.2528
-0.2642	0.3291	0.4220	2.2472
-0.2624	0.3305	0.4220	2.2417
-0.2606	0.3320	0.4220	2.2363
-0.2580	0.3327	0.4210	2.2305
-0.2562	0.3341	0.4210	2.2250
-0.2544	0.3355	0.4210	2.2196
-0.2531	0.3377	0.4220	2.2139
-0.2512	0.3391	0.4220	2.2085
-0.2494	0.3404	0.4220	2.2030
-0.2474	0.3419	0.4220	2.1972
-0.2455	0.3432	0.4220	2.1918
-0.2437	0.3446	0.4220	2.1863
-0.2411	0.3451	0.4210	2.1806
-0.2398	0.3472	0.4220	2.1752
-0.2385	0.3494	0.4230	2.1697
-0.2365	0.3507	0.4230	2.1640
-0.2345	0.3520	0.4230	2.1585
-0.2326	0.3533	0.4230	2.1530
-0.2306	0.3546	0.4230	2.1474
-0.2287	0.3559	0.4230	2.1419
-0.2266	0.3572	0.4230	2.1362
-0.2247	0.3584	0.4230	2.1307
-0.2227	0.3596	0.4230	2.1252
-0.2207	0.3609	0.4230	2.1196
-0.2196	0.3627	0.4240	2.1152
-0.2175	0.3640	0.4240	2.1094
-0.2155	0.3652	0.4240	2.1040
-0.2135	0.3663	0.4240	2.0985
-0.2119	0.3684	0.4250	2.0928
-0.2099	0.3695	0.4250	2.0874
-0.2084	0.3716	0.4260	2.0819
-0.2062	0.3728	0.4260	2.0761
-0.2042	0.3739	0.4260	2.0707
-0.2026	0.3759	0.4270	2.0652
-0.2005	0.3770	0.4270	2.0596
-0.1984	0.3781	0.4270	2.0541
-0.1964	0.3792	0.4270	2.0486
-0.1946	0.3812	0.4280	2.0429
-0.1930	0.3831	0.4290	2.0374
-0.1909	0.3842	0.4290	2.0319
-0.1887	0.3853	0.4290	2.0263
-0.1870	0.3872	0.4300	2.0208
-0.1854	0.3891	0.4310	2.0154
-0.1840	0.3909	0.4320	2.0108
-0.1817	0.3919	0.4320	2.0050
-0.1796	0.3929	0.4320	1.9995
-0.1779	0.3948	0.4330	1.9941
-0.1756	0.3958	0.4330	1.9883
-0.1738	0.3977	0.4340	1.9829
-0.1717	0.3986	0.4340	1.9775
-0.1694	0.3996	0.4340	1.9717
-0.1676	0.4014	0.4350	1.9663
-0.1658	0.4033	0.4360	1.9608
-0.1638	0.4051	0.4370	1.9551
-0.1616	0.4060	0.4370	1.9496
-0.1598	0.4078	0.4380	1.9442
-0.1578	0.4097	0.4390	1.9385
-0.1563	0.4113	0.4400	1.9341
-0.1540	0.4122	0.4400	1.9284
-0.1521	0.4139	0.4410	1.9229
-0.1501	0.4157	0.4420	1.9172
-0.1478	0.4166	0.4420	1.9117
-0.1458	0.4183	0.4430	1.9063
-0.1438	0.4201	0.4440	1.9005
-0.1418	0.4218	0.4450	1.8951
-0.1395	0.4226	0.4450	1.8897
-0.1377	0.4253	0.4470	1.8839
-0.1361	0.4268	0.4480	1.8795
-0.1337	0.4276	0.4480	1.8739
-0.1317	0.4293	0.4490	1.8684
-0.1296	0.4309	0.4500	1.8629
-0.1274	0.4326	0.4510	1.8572
-0.1253	0.4343	0.4520	1.8517
-0.1232	0.4359	0.4530	1.8462
-0.1210	0.4376	0.4540	1.8406
-0.1189	0.4392	0.4550	1.8351
-0.1165	0.4398	0.4550	1.8297
-0.1149	0.4423	0.4570	1.8251
-0.1126	0.4439	0.4580	1.8193
-0.1105	0.4455	0.4590	1.8138
-0.1083	0.4471	0.4600	1.8084
-0.1059	0.4487	0.4610	1.8026
-0.1039	0.4512	0.4630	1.7972
-0.1014	0.4518	0.4630	1.7917
-0.0996	0.4532	0.4640	1.7871
-0.0973	0.4547	0.4650	1.7816
-0.0951	0.4572	0.4670	1.7760
-0.0928	0.4587	0.4680	1.7705
-0.0905	0.4602	0.4690	1.7650
-0.0881	0.4617	0.4700	1.7593
-0.0859	0.4641	0.4720	1.7538
-0.0839	0.4655	0.4730	1.7492
-0.0816	0.4669	0.4740	1.7438
-0.0792	0.4694	0.4760	1.7380
-0.0768	0.4708	0.4770	1.7325
-0.0746	0.4732	0.4790	1.7271
-0.0721	0.4746	0.4800	1.7216
-0.0696	0.4759	0.4810	1.7159
-0.0671	0.4773	0.4820	1.7105
-0.0653	0.4796	0.4840	1.7061
-0.0628	0.4809	0.4850	1.7006
-0.0603	0.4833	0.4870	1.6950
-0.0578	0.4846	0.4880	1.6895
-0.0554	0.4869	0.4900	1.6840
-0.0528	0.4882	0.4910	1.6786
-0.0508	0.4904	0.4930	1.6740
-0.0483	0.4926	0.4950	1.6685
-0.0457	0.4939	0.4960	1.6630
-0.0432	0.4961	0.4980	1.6576
-0.0406	0.4983	0.5000	1.6521
-0.0378	0.4996	0.5010	1.6463
-0.0358	0.5017	0.5030	1.6420
-0.0332	0.5039	0.5050	1.6366
-0.0306	0.5061	0.5070	1.6311
-0.0277	0.5072	0.5080	1.6253
-0.0250	0.5094	0.5100	1.6199
-0.0224	0.5115	0.5120	1.6145
-0.0201	0.5136	0.5140	1.6098
-0.0173	0.5157	0.5160	1.6044
-0.0145	0.5158	0.5160	1.5989
-0.0118	0.5179	0.5180	1.5935
-0.0090	0.5199	0.5200	1.5881
-0.0062	0.5220	0.5220	1.5826
-0.0037	0.5240	0.5240	1.5779
-0.0009	0.5260	0.5260	1.5725
0.0020	0.5300	0.5300	1.5671
0.0049	0.5320	0.5320	1.5616
0.0080	0.5339	0.5340	1.5558
0.0103	0.5359	0.5360	1.5515
0.0133	0.5378	0.5380	1.5461
0.0163	0.5398	0.5400	1.5406
0.0195	0.5416	0.5420	1.5348
0.0226	0.5455	0.5460	1.5294
0.0251	0.5474	0.5480	1.5251
0.0283	0.5493	0.5500	1.5193
0.0314	0.5511	0.5520	1.5138
0.0372	0.5467	0.5480	1.5029
0.0552	0.5452	0.5480	1.4699
0.0583	0.5409	0.5440	1.4634
0.0610	0.5386	0.5420	1.4580
0.0635	0.5342	0.5380	1.4525
0.0665	0.5298	0.5340	1.4460
0.0689	0.5255	0.5300	1.4405
0.0715	0.5231	0.5280	1.4350
0.0738	0.5188	0.5240	1.4296
0.0768	0.5163	0.5220	1.4231
0.0791	0.5119	0.5180	1.4176
0.0814	0.5075	0.5140	1.4118
0.0840	0.5061	0.5130	1.4064
0.0866	0.5026	0.5100	1.4001
0.0890	0.4991	0.5070	1.3944
0.0913	0.4967	0.5050	1.3889
0.0935	0.4932	0.5020	1.3835
0.0961	0.4897	0.4990	1.3769
0.0982	0.4862	0.4960	1.3715
0.1005	0.4837	0.4940	1.3660
0.1030	0.4801	0.4910	1.3595
0.1050	0.4766	0.4880	1.3540
0.1071	0.4740	0.4860	1.3486
0.1093	0.4715	0.4840	1.3431
0.1116	0.4679	0.4810	1.3366
0.1137	0.4653	0.4790	1.3311
0.1158	0.4627	0.4770	1.3256
0.1176	0.4592	0.4740	1.3200
0.1200	0.4565	0.4720	1.3137
0.1220	0.4539	0.4700	1.3082
0.1240	0.4513	0.4680	1.3025
0.1257	0.4477	0.4650	1.2971
0.1280	0.4450	0.4630	1.2907
0.1299	0.4423	0.4610	1.2851
0.1318	0.4397	0.4590	1.2796
0.1336	0.4370	0.4570	1.2742
0.1359	0.4342	0.4550	1.2675
0.1376	0.4316	0.4530	1.2622
0.1393	0.4289	0.4510	1.2567
0.1410	0.4263	0.4490	1.2512
0.1432	0.4234	0.4470	1.2447
0.1448	0.4208	0.4450	1.2393
0.1465	0.4181	0.4430	1.2338
0.1484	0.4163	0.4420	1.2283
0.1501	0.4136	0.4400	1.2226
0.1520	0.4108	0.4380	1.2164
0.1537	0.4080	0.4360	1.2106
0.1555	0.4062	0.4350	1.2051
0.1574	0.4045	0.4340	1.1997
0.1589	0.4017	0.4320	1.1942
0.1607	0.3988	0.4300	1.1877
0.1625	0.3970	0.4290	1.1822
0.1639	0.3943	0.4270	1.1768
0.1653	0.3915	0.4250	1.1713
0.1671	0.3897	0.4240	1.1656
0.1692	0.3877	0.4230	1.1593
0.1706	0.3849	0.4210	1.1536
0.1723	0.3830	0.4200	1.1482
0.1735	0.3803	0.4180	1.1427
0.1752	0.3784	0.4170	1.1373
0.1772	0.3764	0.4160	1.1307
0.1784	0.3736	0.4140	1.1253
0.1800	0.3717	0.4130	1.1198
0.1816	0.3698	0.4120	1.1143
0.1833	0.3679	0.4110	1.1086
0.1848	0.3660	0.4100	1.1031
0.1868	0.3639	0.4090	1.0966
0.1883	0.3620	0.4080	1.0911
0.1893	0.3592	0.4060	1.0857
0.1908	0.3572	0.4050	1.0802
0.1923	0.3553	0.4040	1.0747
0.1941	0.3532	0.4030	1.0682
0.1956	0.3512	0.4020	1.0628
0.1970	0.3493	0.4010	1.0573
0.1980	0.3464	0.3990	1.0516
0.1999	0.3453	0.3990	1.0462
0.2012	0.3434	0.3980	1.0407
0.2026	0.3414	0.3970	1.0352
0.2043	0.3392	0.3960	1.0287
0.2056	0.3373	0.3950	1.0233
0.2069	0.3353	0.3940	1.0178
0.2082	0.3333	0.3930	1.0123
0.2095	0.3313	0.3920	1.0069
0.2109	0.3293	0.3910	1.0011
0.2127	0.3281	0.3910	0.9957
0.2143	0.3259	0.3900	0.9891
0.2155	0.3239	0.3890	0.9837
0.2167	0.3219	0.3880	0.9783
0.2179	0.3198	0.3870	0.9728
0.2190	0.3178	0.3860	0.9674
0.2208	0.3166	0.3860	0.9619
0.2220	0.3145	0.3850	0.9561
0.2234	0.3123	0.3840	0.9499
0.2246	0.3102	0.3830	0.9442
0.2263	0.3090	0.3830	0.9387
0.2274	0.3070	0.3820	0.9332
0.2291	0.3057	0.3820	0.9278
0.2301	0.3037	0.3810	0.9223
0.2311	0.3016	0.3800	0.9169
0.2329	0.3003	0.3800	0.9112
0.2339	0.2982	0.3790	0.9057
0.2355	0.2969	0.3790	0.9003
0.2368	0.2946	0.3780	0.8937
0.2378	0.2925	0.3770	0.8883
0.2394	0.2912	0.3770	0.8828
0.2403	0.2892	0.3760	0.8773
0.2413	0.2871	0.3750	0.8719
0.2429	0.2857	0.3750	0.8661
0.2444	0.2844	0.3750	0.8608
0.2460	0.2830	0.3750	0.8553
0.2469	0.2809	0.3740	0.8498
0.2478	0.2788	0.3730	0.8444
0.2493	0.2774	0.3730	0.8386
0.2509	0.2760	0.3730	0.8331
0.2524	0.2747	0.3730	0.8277
0.2535	0.2723	0.3720	0.8212
0.2550	0.2709	0.3720	0.8157
0.2557	0.2688	0.3710	0.8102
0.2572	0.2674	0.3710	0.8048
0.2586	0.2660	0.3710	0.7994
0.2595	0.2638	0.3700	0.7936
0.2609	0.2624	0.3700	0.7882
0.2616	0.2602	0.3690	0.7827
0.2630	0.2588	0.3690	0.7772
0.2645	0.2573	0.3690	0.7718
0.2659	0.2559	0.3690	0.7663
0.2666	0.2537	0.3680	0.7607
0.2680	0.2522	0.3680	0.7552
0.2693	0.2508	0.3680	0.7497
0.2707	0.2493	0.3680	0.7443
0.2721	0.2478	0.3680	0.7388
0.2729	0.2454	0.3670	0.7323
0.2743	0.2439	0.3670	0.7268
0.2756	0.2424	0.3670	0.7214
0.2762	0.2401	0.3660	0.7156
0.2775	0.2386	0.3660	0.7101
0.2788	0.2371	0.3660	0.7048
0.2801	0.2356	0.3660	0.6993
0.2821	0.2347	0.3670	0.6938
0.2827	0.2324	0.3660	0.6881
0.2832	0.2303	0.3650	0.6826
0.2845	0.2287	0.3650	0.6772
0.2857	0.2271	0.3650	0.6717
0.2869	0.2256	0.3650	0.6662
0.2882	0.2240	0.3650	0.6609
0.2894	0.2224	0.3650	0.6551
0.2906	0.2208	0.3650	0.6496
0.2919	0.2192	0.3650	0.6442
0.2930	0.2176	0.3650	0.6387
0.2942	0.2160	0.3650	0.6332
0.2954	0.2144	0.3650	0.6278
0.2966	0.2128	0.3650	0.6224
0.2977	0.2112	0.3650	0.6169
0.2989	0.2095	0.3650	0.6115
0.3000	0.2079	0.3650	0.6060
0.3011	0.2063	0.3650	0.6006
0.3023	0.2046	0.3650	0.5951
0.3034	0.2030	0.3650	0.5896
0.3045	0.2013	0.3650	0.5842
0.3056	0.1996	0.3650	0.5787
0.3075	0.1985	0.3660	0.5733
0.3077	0.1963	0.3650	0.5679
0.3096	0.1952	0.3660	0.5624
0.3107	0.1935	0.3660	0.5569
0.3117	0.1918	0.3660	0.5515
0.3128	0.1901	0.3660	0.5460
0.3138	0.1883	0.3660	0.5405
0.3158	0.1870	0.3670	0.5348
0.3168	0.1853	0.3670	0.5294
0.3178	0.1836	0.3670	0.5240
0.3188	0.1819	0.3670	0.5185
0.3204	0.1810	0.3680	0.5141
0.3214	0.1792	0.3680	0.5086
0.3224	0.1774	0.3680	0.5031
0.3233	0.1757	0.3680	0.4978
0.3252	0.1744	0.3690	0.4923
0.3261	0.1726	0.3690	0.4868
0.3262	0.1704	0.3680	0.4814
0.3280	0.1691	0.3690	0.4759
0.3289	0.1673	0.3690	0.4705
0.3307	0.1659	0.3700	0.4650
0.3316	0.1641	0.3700	0.4595
0.3325	0.1622	0.3700	0.4539
0.3343	0.1608	0.3710	0.4484
0.3361	0.1594	0.3720	0.4429
0.3370	0.1576	0.3720	0.4375
0.3386	0.1565	0.3730	0.4331
0.3394	0.1547	0.3730	0.4277
0.3402	0.1529	0.3730	0.4222
0.3420	0.1514	0.3740	0.4168
0.3428	0.1495	0.3740	0.4113
0.3436	0.1476	0.3740	0.4058
0.3453	0.1462	0.3750	0.4004
0.3461	0.1443	0.3750	0.3949
0.3469	0.1424	0.3750	0.3894
0.3486	0.1409	0.3760	0.3840
0.3512	0.1397	0.3780	0.3786
0.3520	0.1377	0.3780	0.3729
0.3528	0.1358	0.3780	0.3674
0.3543	0.1346	0.3790	0.3630
0.3550	0.1327	0.3790	0.3576
0.3567	0.1311	0.3800	0.3521
0.3583	0.1295	0.3810	0.3467
0.3590	0.1275	0.3810	0.3412
0.3597	0.1255	0.3810	0.3358
0.3614	0.1239	0.3820	0.3303
0.3630	0.1222	0.3830	0.3248
0.3636	0.1202	0.3830	0.3194
0.3652	0.1186	0.3840	0.3139
0.3659	0.1166	0.3840	0.3085
0.3683	0.1155	0.3860	0.3038
0.3699	0.1138	0.3870	0.2984
0.3705	0.1117	0.3870	0.2929
0.3721	0.1100	0.3880	0.2875
0.3727	0.1080	0.3880	0.2821
0.3742	0.1062	0.3890	0.2766
0.3758	0.1045	0.3900	0.2711
0.3772	0.1030	0.3910	0.2665
0.3787	0.1012	0.3920	0.2611
0.3793	0.0991	0.3920	0.2556
0.3808	0.0973	0.3930	0.2501
0.3832	0.0957	0.3950	0.2447
0.3838	0.0936	0.3950	0.2392
0.3852	0.0917	0.3960	0.2337
0.3866	0.0903	0.3970	0.2294
0.3881	0.0884	0.3980	0.2240
0.3895	0.0865	0.3990	0.2185
0.3910	0.0846	0.4000	0.2130
0.3924	0.0826	0.4010	0.2076
0.3938	0.0806	0.4020	0.2018
0.3953	0.0786	0.4030	0.1963
0.3966	0.0771	0.4040	0.1920
0.3980	0.0751	0.4050	0.1866
0.3984	0.0729	0.4050	0.1811
0.4007	0.0711	0.4070	0.1756
0.4031	0.0693	0.4090	0.1702
0.4035	0.0671	0.4090	0.1648
0.4048	0.0654	0.4100	0.1601
0.4061	0.0633	0.4110	0.1546
0.4074	0.0612	0.4120	0.1492
0.4097	0.0593	0.4140	0.1438
0.4110	0.0572	0.4150	0.1383
0.4123	0.0551	0.4160	0.1329
0.4136	0.0533	0.4170	0.1282
0.4158	0.0513	0.4190	0.1227
0.4171	0.0492	0.4200	0.1173
0.4184	0.0470	0.4210	0.1119
0.4196	0.0448	0.4220	0.1064
0.4218	0.0431	0.4240	0.1017
0.4230	0.0409	0.4250	0.0964
0.4242	0.0387	0.4260	0.0909
0.4254	0.0364	0.4270	0.0854
0.4276	0.0343	0.4290	0.0800
0.4288	0.0320	0.4300	0.0745
0.4309	0.0302	0.4320	0.0699
0.4331	0.0279	0.4340	0.0644
0.4342	0.0256	0.4350	0.0590
0.4354	0.0233	0.4360	0.0535
0.4375	0.0210	0.4380	0.0480
0.4386	0.0187	0.4390	0.0426
0.4397	0.0167	0.4400	0.0380
0.4418	0.0144	0.4420	0.0325
0.4438	0.0120	0.4440	0.0270
0.4459	0.0096	0.4460	0.0216
0.4469	0.0072	0.4470	0.0161
0.4480	0.0052	0.4480	0.0115
0.4458	-0.0149	0.4460	-0.0335
0.4397	-0.0171	0.4400	-0.0389
0.4366	-0.0198	0.4370	-0.0453
0.4344	-0.0221	0.4350	-0.0507
0.4313	-0.0243	0.4320	-0.0564
0.4282	-0.0269	0.4290	-0.0627
0.4250	-0.0290	0.4260	-0.0682
0.4228	-0.0313	0.4240	-0.0738
0.4196	-0.0337	0.4210	-0.0802
0.4175	-0.0358	0.4190	-0.0856
0.4142	-0.0383	0.4160	-0.0921
0.4110	-0.0402	0.4130	-0.0976
0.4088	-0.0423	0.4110	-0.1031
0.4065	-0.0447	0.4090	-0.1096
0.4043	-0.0467	0.4070	-0.1150
0.4021	-0.0487	0.4050	-0.1205
0.3998	-0.0511	0.4030	-0.1270
0.3955	-0.0527	0.3990	-0.1325
0.3932	-0.0546	0.3970	-0.1380
0.3919	-0.0570	0.3960	-0.1445
0.3896	-0.0589	0.3940	-0.1499
0.3863	-0.0605	0.3910	-0.1554
0.3849	-0.0629	0.3900	-0.1619
0.3826	-0.0646	0.3880	-0.1674
0.3793	-0.0662	0.3850	-0.1729
0.3778	-0.0685	0.3840	-0.1794
0.3755	-0.0702	0.3820	-0.1848
0.3731	-0.0719	0.3800	-0.1903
0.3707	-0.0739	0.3780	-0.1968
0.3683	-0.0755	0.3760	-0.2023
0.3660	-0.0771	0.3740	-0.2078
0.3635	-0.0791	0.3720	-0.2143
0.3611	-0.0807	0.3700	-0.2197
0.3597	-0.0824	0.3690	-0.2252
0.3572	-0.0843	0.3670	-0.2317
0.3548	-0.0858	0.3650	-0.2372
0.3524	-0.0872	0.3630	-0.2427
0.3509	-0.0889	0.3620	-0.2481
0.3484	-0.0907	0.3600	-0.2546
0.3469	-0.0923	0.3590	-0.2601
0.3445	-0.0937	0.3570	-0.2656
0.3429	-0.0957	0.3560	-0.2721
0.3405	-0.0970	0.3540	-0.2776
0.3390	-0.0986	0.3530	-0.2830
0.3364	-0.1002	0.3510	-0.2895
0.3339	-0.1015	0.3490	-0.2950
0.3324	-0.1030	0.3480	-0.3005
0.3309	-0.1045	0.3470	-0.3059
0.3283	-0.1061	0.3450	-0.3125
0.3268	-0.1075	0.3440	-0.3179
0.3252	-0.1090	0.3430	-0.3234
0.3237	-0.1104	0.3420	-0.3288
0.3211	-0.1119	0.3400	-0.3354
0.3195	-0.1133	0.3390	-0.3408
0.3179	-0.1147	0.3380	-0.3463
0.3164	-0.1161	0.3370	-0.3518
0.3147	-0.1178	0.3360	-0.3583
0.3121	-0.1188	0.3340	-0.3637
0.3115	-0.1205	0.3340	-0.3692
0.3088	-0.1218	0.3320	-0.3757
0.3072	-0.1231	0.3310	-0.3812
0.3056	-0.1244	0.3300	-0.3867
0.3040	-0.1257	0.3290	-0.3921
0.3024	-0.1271	0.3280	-0.3979
0.3007	-0.1286	0.3270	-0.4041
0.2990	-0.1298	0.3260	-0.4096
0.2974	-0.1311	0.3250	-0.4153
0.2947	-0.1322	0.3230	-0.4216
0.2931	-0.1334	0.3220	-0.4270
0.2924	-0.1350	0.3220	-0.4325
0.2907	-0.1362	0.3210	-0.4382
0.2890	-0.1373	0.3200	-0.4436
0.2873	-0.1387	0.3190	-0.4499
0.2856	-0.1399	0.3180	-0.4557
0.2839	-0.1410	0.3170	-0.4611
0.2831	-0.1426	0.3170	-0.4665
0.2815	-0.1437	0.3160	-0.4720
0.2796	-0.1451	0.3150	-0.4786
0.2779	-0.1461	0.3140	-0.4840
0.2763	-0.1472	0.3130	-0.4894
0.2746	-0.1482	0.3120	-0.4949
0.2727	-0.1495	0.3110	-0.5014
0.2719	-0.1510	0.3110	-0.5069
0.2702	-0.1520	0.3100	-0.5123
0.2694	-0.1534	0.3100	-0.5178
0.2677	-0.1544	0.3090	-0.5233
0.2668	-0.1559	0.3090	-0.5287
0.2651	-0.1568	0.3080	-0.5342
0.2642	-0.1583	0.3080	-0.5397
0.2615	-0.1589	0.3060	-0.5462
0.2589	-0.1593	0.3040	-0.5517
0.2580	-0.1607	0.3040	-0.5571
0.2571	-0.1621	0.3040	-0.5626
0.2552	-0.1633	0.3030	-0.5691
0.2543	-0.1647	0.3030	-0.5746
0.2526	-0.1655	0.3020	-0.5800
0.2517	-0.1669	0.3020	-0.5857
0.2507	-0.1683	0.3020	-0.5912
0.2490	-0.1691	0.3010	-0.5966
0.2472	-0.1699	0.3000	-0.6021
0.2463	-0.1713	0.3000	-0.6076
0.2454	-0.1726	0.3000	-0.6130
0.2434	-0.1736	0.2990	-0.6195
0.2417	-0.1744	0.2980	-0.6250
0.2399	-0.1751	0.2970	-0.6305
0.2389	-0.1764	0.2970	-0.6359
0.2370	-0.1774	0.2960	-0.6425
0.2352	-0.1780	0.2950	-0.6479
0.2342	-0.1793	0.2950	-0.6534
0.2340	-0.1812	0.2960	-0.6588
0.2323	-0.1819	0.2950	-0.6643
0.2305	-0.1825	0.2940	-0.6697
0.2294	-0.1838	0.2940	-0.6754
0.2292	-0.1857	0.2950	-0.6809
0.2282	-0.1869	0.2950	-0.6864
0.2264	-0.1876	0.2940	-0.6918
0.2246	-0.1881	0.2930	-0.6973
0.2236	-0.1894	0.2930	-0.7028
0.2216	-0.1902	0.2920	-0.7093
0.2198	-0.1907	0.2910	-0.7147
0.2180	-0.1913	0.2900	-0.7202
0.2169	-0.1925	0.2900	-0.7257
0.2159	-0.1936	0.2900	-0.7310
0.2148	-0.1948	0.2900	-0.7365
0.2137	-0.1960	0.2900	-0.7423
0.2126	-0.1972	0.2900	-0.7477
0.2116	-0.1983	0.2900	-0.7532
0.2105	-0.1995	0.2900	-0.7586
0.2094	-0.2007	0.2900	-0.7641
0.2073	-0.2013	0.2890	-0.7706
0.2062	-0.2024	0.2890	-0.7761
0.2051	-0.2036	0.2890	-0.7816
0.2040	-0.2047	0.2890	-0.7870
0.2029	-0.2058	0.2890	-0.7924
0.2018	-0.2069	0.2890	-0.7979
0.2007	-0.2080	0.2890	-0.8033
0.1988	-0.2084	0.2880	-0.8088
0.1976	-0.2095	0.2880	-0.8145
0.1965	-0.2106	0.2880	-0.8200
0.1953	-0.2116	0.2880	-0.8255
0.1942	-0.2127	0.2880	-0.8309
0.1930	-0.2137	0.2880	-0.8363
0.1918	-0.2148	0.2880	-0.8418
0.1900	-0.2151	0.2870	-0.8472
0.1888	-0.2161	0.2870	-0.8527
0.1882	-0.2180	0.2880	-0.8585
0.1870	-0.2190	0.2880	-0.8639
0.1858	-0.2200	0.2880	-0.8694
0.1847	-0.2210	0.2880	-0.8748
0.1828	-0.2212	0.2870	-0.8802
0.1810	-0.2215	0.2860	-0.8857
0.1798	-0.2224	0.2860	-0.8911
0.1792	-0.2242	0.2870	-0.8966
0.1786	-0.2260	0.2880	-0.9021
0.1766	-0.2262	0.2870	-0.9078
0.1754	-0.2272	0.2870	-0.9133
0.1742	-0.2281	0.2870	-0.9187
0.1729	-0.2291	0.2870	-0.9241
0.1717	-0.2300	0.2870	-0.9296
0.1704	-0.2309	0.2870	-0.9351
0.1691	-0.2319	0.2870	-0.9405
0.1679	-0.2328	0.2870	-0.9460
0.1666	-0.2337	0.2870	-0.9515
0.1653	-0.2346	0.2870	-0.9569
0.1646	-0.2363	0.2880	-0.9624
0.1633	-0.2372	0.2880	-0.9678
0.1620	-0.2381	0.2880	-0.9732
0.1607	-0.2390	0.2880	-0.9787
0.1594	-0.2398	0.2880	-0.9841
0.1587	-0.2415	0.2890	-0.9896
0.1573	-0.2424	0.2890	-0.9951
0.1568	-0.2439	0.2900	-0.9994
0.1555	-0.2448	0.2900	-1.0049
0.1542	-0.2456	0.2900	-1.0103
0.1520	-0.2458	0.2890	-1.0168
0.1507	-0.2466	0.2890	-1.0223
0.1493	-0.2474	0.2890	-1.0278
0.1480	-0.2482	0.2890	-1.0332
0.1466	-0.2490	0.2890	-1.0387
0.1460	-0.2506	0.2900	-1.0431
0.1447	-0.2513	0.2900	-1.0485
0.1433	-0.2521	0.2900	-1.0539
0.1419	-0.2529	0.2900	-1.0594
0.1405	-0.2537	0.2900	-1.0649
0.1384	-0.2537	0.2890	-1.0714
0.1370	-0.2545	0.2890	-1.0769
0.1364	-0.2559	0.2900	-1.0813
0.1354	-0.2576	0.2910	-1.0867
0.1340	-0.2583	0.2910	-1.0922
0.1326	-0.2590	0.2910	-1.0976
0.1312	-0.2597	0.2910	-1.1030
0.1302	-0.2613	0.2920	-1.1085
0.1288	-0.2621	0.2920	-1.1140
0.1274	-0.2628	0.2920	-1.1194
0.1267	-0.2642	0.2930	-1.1237
0.1257	-0.2658	0.2940	-1.1292
0.1242	-0.2665	0.2940	-1.1347
0.1227	-0.2672	0.2940	-1.1401
0.1213	-0.2678	0.2940	-1.1456
0.1202	-0.2694	0.2950	-1.1511
0.1191	-0.2710	0.2960	-1.1565
0.1177	-0.2716	0.2960	-1.1620
0.1162	-0.2722	0.2960	-1.1675
0.1153	-0.2737	0.2970	-1.1721
0.1138	-0.2743	0.2970	-1.1775
0.1124	-0.2749	0.2970	-1.1827
0.1109	-0.2755	0.2970	-1.1882
0.1097	-0.2771	0.2980	-1.1936
0.1086	-0.2786	0.2990	-1.1991
0.1077	-0.2800	0.3000	-1.2037
0.1065	-0.2815	0.3010	-1.2092
0.1050	-0.2821	0.3010	-1.2146
0.1034	-0.2827	0.3010	-1.2201
0.1019	-0.2832	0.3010	-1.2255
0.1007	-0.2847	0.3020	-1.2309
0.0994	-0.2862	0.3030	-1.2364
0.0979	-0.2868	0.3030	-1.2419
0.0969	-0.2881	0.3040	-1.2463
0.0954	-0.2887	0.3040	-1.2517
0.0941	-0.2901	0.3050	-1.2571
0.0928	-0.2916	0.3060	-1.2626
0.0912	-0.2921	0.3060	-1.2680
0.0899	-0.2935	0.3070	-1.2735
0.0883	-0.2940	0.3070	-1.2790
0.0873	-0.2954	0.3080	-1.2833
0.0860	-0.2968	0.3090	-1.2887
0.0847	-0.2982	0.3100	-1.2942
0.0830	-0.2987	0.3100	-1.2997
0.0817	-0.3001	0.3110	-1.3051
0.0805	-0.3014	0.3120	-1.3097
0.0789	-0.3019	0.3120	-1.3152
0.0775	-0.3033	0.3130	-1.3207
0.0761	-0.3046	0.3140	-1.3261
0.0744	-0.3051	0.3140	-1.3316
0.0730	-0.3064	0.3150	-1.3368
0.0714	-0.3068	0.3150	-1.3422
0.0702	-0.3081	0.3160	-1.3468
0.0685	-0.3085	0.3160	-1.3523
0.0670	-0.3098	0.3170	-1.3578
0.0657	-0.3122	0.3190	-1.3632
0.0646	-0.3134	0.3200	-1.3675
0.0631	-0.3147	0.3210	-1.3730
0.0615	-0.3161	0.3220	-1.3785
0.0598	-0.3164	0.3220	-1.3839
0.0583	-0.3177	0.3230	-1.3894
0.0570	-0.3189	0.3240	-1.3940
0.0555	-0.3202	0.3250	-1.3992
0.0541	-0.3225	0.3270	-1.4046
0.0527	-0.3237	0.3280	-1.4093
0.0510	-0.3240	0.3280	-1.4147
0.0494	-0.3253	0.3290	-1.4202
0.0477	-0.3265	0.3300	-1.4256
0.0461	-0.3278	0.3310	-1.4311
0.0443	-0.3280	0.3310	-1.4366
0.0431	-0.3302	0.3330	-1.4410
0.0415	-0.3314	0.3340	-1.4464
0.0398	-0.3326	0.3350	-1.4518
0.0381	-0.3338	0.3360	-1.4573
0.0366	-0.3350	0.3370	-1.4620
0.0349	-0.3362	0.3380	-1.4673
0.0332	-0.3384	0.3400	-1.4731
0.0314	-0.3396	0.3410	-1.4786
0.0300	-0.3407	0.3420	-1.4830
0.0282	-0.3418	0.3430	-1.4886
0.0264	-0.3430	0.3440	-1.4941
0.0246	-0.3441	0.3450	-1.4996
0.0231	-0.3462	0.3470	-1.5042
0.0213	-0.3473	0.3480	-1.5096
0.0194	-0.3485	0.3490	-1.5151
0.0175	-0.3506	0.3510	-1.5208
0.0161	-0.3516	0.3520	-1.5252
0.0141	-0.3527	0.3530	-1.5309
0.0122	-0.3538	0.3540	-1.5364
0.0103	-0.3559	0.3560	-1.5418
0.0087	-0.3579	0.3580	-1.5464
0.0068	-0.3589	0.3590	-1.5519
0.0048	-0.3610	0.3610	-1.5574
0.0032	-0.3620	0.3620	-1.5620
0.0012	-0.3640	0.3640	-1.5674
-0.0008	-0.3640	0.3640	-1.5729
-0.0029	-0.3650	0.3650	-1.5787
-0.0049	-0.3670	0.3670	-1.5841
-0.0065	-0.3689	0.3690	-1.5884
-0.0087	-0.3709	0.3710	-1.5942
-0.0104	-0.3729	0.3730	-1.5986
-0.0125	-0.3738	0.3740	-1.6043
-0.0146	-0.3757	0.3760	-1.6097
-0.0167	-0.3766	0.3770	-1.6152
-0.0186	-0.3785	0.3790	-1.6199
-0.0207	-0.3804	0.3810	-1.6253
-0.0229	-0.3823	0.3830	-1.6307
-0.0252	-0.3832	0.3840	-1.6365
-0.0270	-0.3851	0.3860	-1.6409
-0.0292	-0.3869	0.3880	-1.6462
-0.0316	-0.3877	0.3890	-1.6520
-0.0334	-0.3896	0.3910	-1.6564
-0.0358	-0.3914	0.3930	-1.6621
-0.0382	-0.3941	0.3960	-1.6675
-0.0403	-0.3960	0.3980	-1.6722
-0.0427	-0.3977	0.4000	-1.6777
-0.0449	-0.3985	0.4010	-1.6831
-0.0473	-0.4002	0.4030	-1.6885
-0.0495	-0.4020	0.4050	-1.6932
-0.0520	-0.4047	0.4080	-1.6987
-0.0542	-0.4064	0.4100	-1.7033
-0.0567	-0.4081	0.4120	-1.7088
-0.0592	-0.4097	0.4140	-1.7142
-0.0615	-0.4124	0.4170	-1.7188
-0.0641	-0.4141	0.4190	-1.7243
-0.0668	-0.4157	0.4210	-1.7300
-0.0694	-0.4173	0.4230	-1.7355
-0.0717	-0.4199	0.4260	-1.7398
-0.0744	-0.4215	0.4280	-1.7456
-0.0771	-0.4230	0.4300	-1.7510
-0.0796	-0.4256	0.4330	-1.7556
-0.0823	-0.4271	0.4350	-1.7611
-0.0852	-0.4296	0.4380	-1.7666
-0.0878	-0.4322	0.4410	-1.7712
-0.0905	-0.4336	0.4430	-1.7766
-0.0935	-0.4361	0.4460	-1.7821
-0.0962	-0.4386	0.4490	-1.7867
-0.0992	-0.4410	0.4520	-1.7922
-0.1021	-0.4424	0.4540	-1.7976
-0.1048	-0.4448	0.4570	-1.8022
-0.1080	-0.4472	0.4600	-1.8077
-0.1113	-0.4494	0.4630	-1.8135
-0.1140	-0.4518	0.4660	-1.8179
-0.1173	-0.4541	0.4690	-1.8235
-0.1205	-0.4564	0.4720	-1.8290
-0.1233	-0.4587	0.4750	-1.8334
-0.1267	-0.4609	0.4780	-1.8391
-0.1303	-0.4641	0.4820	-1.8445
-0.1333	-0.4663	0.4850	-1.8492
-0.1367	-0.4685	0.4880	-1.8547
-0.1400	-0.4717	0.4920	-1.8593
-0.1437	-0.4747	0.4960	-1.8647
-0.1472	-0.4768	0.4990	-1.8702
-0.1506	-0.4799	0.5030	-1.8748
-0.1544	-0.4829	0.5070	-1.8803
-0.1580	-0.4849	0.5100	-1.8857
-0.1615	-0.4880	0.5140	-1.8903
-0.1654	-0.4909	0.5180	-1.8958
-0.1694	-0.4938	0.5220	-1.9013
-0.1730	-0.4967	0.5260	-1.9059
-0.1770	-0.4996	0.5300	-1.9113
-0.1812	-0.5023	0.5340	-1.9171
-0.1855	-0.5071	0.5400	-1.9214
-0.1896	-0.5099	0.5440	-1.9269
-0.1934	-0.5127	0.5480	-1.9316
-0.1977	-0.5154	0.5520	-1.9370
-0.2028	-0.5199	0.5580	-1.9427
-0.2065	-0.5227	0.5620	-1.9471
-0.2110	-0.5252	0.5660	-1.9529
-0.2155	-0.5298	0.5720	-1.9572
-0.2198	-0.5324	0.5760	-1.9623
-0.2250	-0.5367	0.5820	-1.9678
-0.2297	-0.5413	0.5880	-1.9722
-0.2342	-0.5437	0.5920	-1.9776
-0.2396	-0.5479	0.5980	-1.9831
-0.2444	-0.5523	0.6040	-1.9875
-0.2499	-0.5565	0.6100	-1.9929
-0.2548	-0.5608	0.6160	-1.9972
-0.2604	-0.5649	0.6220	-2.0027
-0.2660	-0.5689	0.6280	-2.0082
-0.2711	-0.5731	0.6340	-2.0126
-0.2776	-0.5789	0.6420	-2.0180
-0.2828	-0.5830	0.6480	-2.0224
-0.2895	-0.5887	0.6560	-2.0278
-0.2954	-0.5925	0.6620	-2.0333
-0.3015	-0.5983	0.6700	-2.0376
-0.3084	-0.6038	0.6780	-2.0431
-0.3148	-0.6095	0.6860	-2.0475
-0.3207	-0.6132	0.6920	-2.0527
-0.3287	-0.6203	0.7020	-2.0581
-0.3352	-0.6259	0.7100	-2.0624
-0.3424	-0.6311	0.7180	-2.0679
-0.3490	-0.6366	0.7260	-2.0722
-0.3563	-0.6417	0.7340	-2.0777
-0.3647	-0.6485	0.7440	-2.0831
-0.3725	-0.6555	0.7540	-2.0876
-0.3811	-0.6622	0.7640	-2.0930
-0.3890	-0.6692	0.7740	-2.0973
-0.3977	-0.6756	0.7840	-2.1028
-0.4058	-0.6825	0.7940	-2.1072
-0.4146	-0.6889	0.8040	-2.1126
-0.4246	-0.6968	0.8160	-2.1180
-0.4340	-0.7052	0.8280	-2.1225
-0.4441	-0.7130	0.8400	-2.1279
-0.4547	-0.7229	0.8540	-2.1322
-0.4651	-0.7305	0.8660	-2.1377
-0.4753	-0.7382	0.8780	-2.1429
-0.4864	-0.7477	0.8920	-2.1476
-0.4969	-0.7552	0.9040	-2.1528
-0.5081	-0.7646	0.9180	-2.1574
-0.5199	-0.7735	0.9320	-2.1625
-0.5324	-0.7844	0.9480	-2.1671
-0.5466	-0.7964	0.9660	-2.1723
-0.5601	-0.8066	0.9820	-2.1778
