x	y	r	phi
-0.4310	0.0016	0.4310	3.1379
-0.4290	0.0032	0.4290	3.1340
-0.4280	0.0050	0.4280	3.1299
-0.4259	0.0067	0.4260	3.1259
-0.4249	0.0084	0.4250	3.1217
-0.4229	0.0105	0.4230	3.1169
-0.4218	0.0122	0.4220	3.1127
-0.4208	0.0139	0.4210	3.1086
-0.4197	0.0155	0.4200	3.1046
-0.4176	0.0172	0.4180	3.1005
-0.4166	0.0189	0.4170	3.0963
-0.4155	0.0209	0.4160	3.0915
-0.4134	0.0225	0.4140	3.0873
-0.4123	0.0241	0.4130	3.0833
-0.4112	0.0257	0.4120	3.0792
-0.4101	0.0272	0.4110	3.0753
-0.4090	0.0288	0.4100	3.0713
-0.4068	0.0308	0.4080	3.0661
-0.4057	0.0324	0.4070	3.0620
-0.4046	0.0338	0.4060	3.0582
-0.4044	0.0355	0.4060	3.0541
-0.4023	0.0369	0.4040	3.0500
-0.4011	0.0388	0.4030	3.0451
-0.4000	0.0404	0.4020	3.0410
-0.3988	0.0419	0.4010	3.0369
-0.3976	0.0434	0.4000	3.0329
-0.3965	0.0449	0.3990	3.0287
-0.3953	0.0464	0.3980	3.0246
-0.3931	0.0481	0.3960	3.0197
-0.3929	0.0498	0.3960	3.0156
-0.3917	0.0512	0.3950	3.0116
-0.3905	0.0527	0.3940	3.0075
-0.3883	0.0539	0.3920	3.0036
-0.3881	0.0555	0.3920	2.9996
-0.3878	0.0571	0.3920	2.9955
-0.3866	0.0585	0.3910	2.9914
-0.3843	0.0601	0.3890	2.9865
-0.3831	0.0615	0.3880	2.9823
-0.3819	0.0629	0.3870	2.9783
-0.3806	0.0643	0.3860	2.9742
-0.3794	0.0657	0.3850	2.9701
-0.3780	0.0674	0.3840	2.9652
-0.3768	0.0688	0.3830	2.9611
-0.3755	0.0701	0.3820	2.9570
-0.3752	0.0716	0.3820	2.9529
-0.3749	0.0732	0.3820	2.9488
-0.3737	0.0744	0.3810	2.9451
-0.3714	0.0755	0.3790	2.9409
-0.3700	0.0773	0.3780	2.9358
-0.3697	0.0788	0.3780	2.9316
-0.3694	0.0802	0.3780	2.9278
-0.3681	0.0815	0.3770	2.9238
-0.3658	0.0825	0.3750	2.9196
-0.3645	0.0838	0.3740	2.9155
-0.3632	0.0850	0.3730	2.9118
-0.3628	0.0865	0.3730	2.9077
-0.3614	0.0880	0.3720	2.9028
-0.3611	0.0895	0.3720	2.8986
-0.3597	0.0907	0.3710	2.8945
-0.3584	0.0919	0.3700	2.8905
-0.3580	0.0933	0.3700	2.8867
-0.3567	0.0945	0.3690	2.8825
-0.3553	0.0957	0.3680	2.8785
-0.3539	0.0972	0.3670	2.8735
-0.3535	0.0986	0.3670	2.8695
-0.3521	0.0998	0.3660	2.8654
-0.3508	0.1009	0.3650	2.8615
-0.3504	0.1023	0.3650	2.8575
-0.3490	0.1035	0.3640	2.8534
-0.3486	0.1049	0.3640	2.8493
-0.3472	0.1059	0.3630	2.8454
-0.3458	0.1070	0.3620	2.8414
-0.3454	0.1085	0.3620	2.8373
-0.3449	0.1099	0.3620	2.8332
-0.3434	0.1113	0.3610	2.8283
-0.3420	0.1123	0.3600	2.8243
-0.3406	0.1133	0.3590	2.8204
-0.3402	0.1147	0.3590	2.8163
-0.3397	0.1161	0.3590	2.8122
-0.3392	0.1175	0.3590	2.8081
-0.3378	0.1185	0.3580	2.8043
-0.3364	0.1195	0.3570	2.8002
-0.3349	0.1208	0.3560	2.7953
-0.3334	0.1219	0.3550	2.7912
-0.3329	0.1232	0.3550	2.7871
-0.3324	0.1246	0.3550	2.7830
-0.3319	0.1259	0.3550	2.7792
-0.3314	0.1272	0.3550	2.7752
-0.3300	0.1282	0.3540	2.7710
-0.3276	0.1288	0.3520	2.7669
-0.3271	0.1301	0.3520	2.7631
-0.3266	0.1314	0.3520	2.7591
-0.3260	0.1327	0.3520	2.7549
-0.3244	0.1339	0.3510	2.7500
-0.3239	0.1353	0.3510	2.7459
-0.3233	0.1366	0.3510	2.7419
-0.3228	0.1378	0.3510	2.7381
-0.3213	0.1388	0.3500	2.7339
-0.3198	0.1397	0.3490	2.7298
-0.3193	0.1410	0.3490	2.7258
-0.3178	0.1418	0.3480	2.7220
-0.3172	0.1431	0.3480	2.7178
-0.3166	0.1444	0.3480	2.7138
-0.3160	0.1457	0.3480	2.7097
-0.3146	0.1465	0.3470	2.7058
-0.3129	0.1477	0.3460	2.7007
-0.3123	0.1489	0.3460	2.6968
-0.3117	0.1501	0.3460	2.6928
-0.3111	0.1514	0.3460	2.6887
-0.3096	0.1522	0.3450	2.6846
-0.3081	0.1530	0.3440	2.6807
-0.3075	0.1542	0.3440	2.6767
-0.3077	0.1559	0.3450	2.6726
-0.3071	0.1572	0.3450	2.6685
-0.3056	0.1579	0.3440	2.6647
-0.3041	0.1587	0.3430	2.6606
-0.3034	0.1599	0.3430	2.6565
-0.3028	0.1611	0.3430	2.6526
-0.3022	0.1623	0.3430	2.6486
-0.3006	0.1631	0.3420	2.6445
-0.2999	0.1643	0.3420	2.6404
-0.2993	0.1655	0.3420	2.6366
-0.2986	0.1667	0.3420	2.6325
-0.2988	0.1684	0.3430	2.6284
-0.2973	0.1691	0.3420	2.6244
-0.2955	0.1701	0.3410	2.6194
-0.2949	0.1713	0.3410	2.6153
-0.2942	0.1724	0.3410	2.6115
-0.2935	0.1736	0.3410	2.6074
-0.2928	0.1748	0.3410	2.6034
-0.2921	0.1760	0.3410	2.5992
-0.2914	0.1771	0.3410	2.5954
-0.2898	0.1778	0.3400	2.5913
-0.2891	0.1790	0.3400	2.5873
-0.2892	0.1807	0.3410	2.5831
-0.2877	0.1813	0.3400	2.5793
-0.2869	0.1824	0.3400	2.5753
-0.2853	0.1831	0.3390	2.5711
-0.2846	0.1842	0.3390	2.5670
-0.2847	0.1859	0.3400	2.5632
-0.2839	0.1870	0.3400	2.5592
-0.2832	0.1882	0.3400	2.5550
-0.2816	0.1888	0.3390	2.5509
-0.2809	0.1898	0.3390	2.5472
-0.2801	0.1910	0.3390	2.5431
-0.2793	0.1922	0.3390	2.5389
-0.2785	0.1933	0.3390	2.5349
-0.2769	0.1939	0.3380	2.5308
-0.2761	0.1950	0.3380	2.5267
-0.2752	0.1962	0.3380	2.5223
-0.2752	0.1979	0.3390	2.5182
-0.2744	0.1991	0.3390	2.5139
-0.2728	0.1996	0.3380	2.5098
-0.2719	0.2008	0.3380	2.5054
-0.2711	0.2019	0.3380	2.5013
-0.2702	0.2031	0.3380	2.4969
-0.2701	0.2048	0.3390	2.4929
-0.2684	0.2054	0.3380	2.4885
-0.2676	0.2065	0.3380	2.4844
-0.2667	0.2076	0.3380	2.4801
-0.2658	0.2087	0.3380	2.4759
-0.2649	0.2099	0.3380	2.4716
-0.2649	0.2116	0.3390	2.4675
-0.2639	0.2127	0.3390	2.4632
-0.2638	0.2145	0.3400	2.4591
-0.2629	0.2156	0.3400	2.4547
-0.2612	0.2160	0.3390	2.4506
-0.2603	0.2172	0.3390	2.4462
-0.2594	0.2183	0.3390	2.4421
-0.2584	0.2194	0.3390	2.4378
-0.2575	0.2204	0.3390	2.4337
-0.2567	0.2215	0.3390	2.4296
-0.2557	0.2226	0.3390	2.4252
-0.2548	0.2237	0.3390	2.4211
-0.2545	0.2254	0.3400	2.4168
-0.2536	0.2265	0.3400	2.4127
-0.2534	0.2282	0.3410	2.4083
-0.2524	0.2293	0.3410	2.4042
-0.2514	0.2304	0.3410	2.3999
-0.2497	0.2307	0.3400	2.3958
-0.2480	0.2311	0.3390	2.3914
-0.2471	0.2321	0.3390	2.3874
-0.2460	0.2332	0.3390	2.3829
-0.2451	0.2342	0.3390	2.3789
-0.2441	0.2353	0.3390	2.3745
-0.2431	0.2363	0.3390	2.3704
-0.2428	0.2380	0.3400	2.3661
-0.2418	0.2390	0.3400	2.3619
-0.2408	0.2401	0.3400	2.3576
-0.2398	0.2411	0.3400	2.3535
-0.2380	0.2414	0.3390	2.3492
-0.2356	0.2409	0.3370	2.3451
-0.2346	0.2420	0.3370	2.3407
-0.2350	0.2444	0.3390	2.3366
-0.2347	0.2460	0.3400	2.3325
-0.2336	0.2471	0.3400	2.3282
-0.2326	0.2480	0.3400	2.3241
-0.2315	0.2490	0.3400	2.3197
-0.2311	0.2507	0.3410	2.3156
-0.2310	0.2522	0.3420	2.3124
-0.2299	0.2532	0.3420	2.3080
-0.2288	0.2542	0.3420	2.3038
-0.2277	0.2551	0.3420	2.2995
-0.2267	0.2561	0.3420	2.2954
-0.2262	0.2578	0.3430	2.2911
-0.2252	0.2587	0.3430	2.2870
-0.2240	0.2597	0.3430	2.2826
-0.2230	0.2606	0.3430	2.2785
-0.2225	0.2624	0.3440	2.2741
-0.2214	0.2633	0.3440	2.2701
-0.2203	0.2642	0.3440	2.2657
-0.2192	0.2651	0.3440	2.2616
-0.2187	0.2669	0.3450	2.2573
-0.2176	0.2678	0.3450	2.2531
-0.2165	0.2686	0.3450	2.2491
-0.2159	0.2704	0.3460	2.2447
-0.2148	0.2713	0.3460	2.2406
-0.2136	0.2722	0.3460	2.2363
-0.2134	0.2737	0.3470	2.2330
-0.2122	0.2745	0.3470	2.2289
-0.2116	0.2762	0.3480	2.2246
-0.2099	0.2763	0.3470	2.2204
-0.2093	0.2780	0.3480	2.2160
-0.2088	0.2797	0.3490	2.2120
-0.2081	0.2814	0.3500	2.2076
-0.2070	0.2822	0.3500	2.2036
-0.2057	0.2831	0.3500	2.1992
-0.2046	0.2840	0.3500	2.1950
-0.2033	0.2849	0.3500	2.1907
-0.2027	0.2865	0.3510	2.1866
-0.2015	0.2874	0.3510	2.1823
-0.2003	0.2882	0.3510	2.1782
-0.1991	0.2891	0.3510	2.1738
-0.1987	0.2905	0.3520	2.1708
-0.1975	0.2914	0.3520	2.1665
-0.1968	0.2930	0.3530	2.1623
-0.1961	0.2947	0.3540	2.1580
-0.1949	0.2955	0.3540	2.1539
-0.1936	0.2964	0.3540	2.1495
-0.1930	0.2980	0.3550	2.1455
-0.1916	0.2988	0.3550	2.1411
-0.1910	0.3004	0.3560	2.1370
-0.1905	0.3019	0.3570	2.1337
-0.1898	0.3035	0.3580	2.1296
-0.1886	0.3043	0.3580	2.1255
-0.1873	0.3051	0.3580	2.1214
-0.1862	0.3058	0.3580	2.1177
-0.1854	0.3074	0.3590	2.1135
-0.1841	0.3082	0.3590	2.1094
-0.1834	0.3098	0.3600	2.1054
-0.1826	0.3114	0.3610	2.1013
-0.1822	0.3128	0.3620	2.0983
-0.1809	0.3135	0.3620	2.0942
-0.1796	0.3143	0.3620	2.0900
-0.1789	0.3158	0.3630	2.0862
-0.1776	0.3166	0.3630	2.0822
-0.1768	0.3182	0.3640	2.0781
-0.1755	0.3189	0.3640	2.0739
-0.1747	0.3205	0.3650	2.0699
-0.1739	0.3221	0.3660	2.0658
-0.1726	0.3227	0.3660	2.0620
-0.1718	0.3243	0.3670	2.0579
-0.1713	0.3257	0.3680	2.0549
-0.1699	0.3264	0.3680	2.0508
-0.1691	0.3280	0.3690	2.0467
-0.1682	0.3296	0.3700	2.0426
-0.1673	0.3311	0.3710	2.0386
-0.1659	0.3318	0.3710	2.0344
-0.1651	0.3334	0.3720	2.0306
-0.1644	0.3348	0.3730	2.0273
-0.1636	0.3363	0.3740	2.0235
-0.1627	0.3379	0.3750	2.0195
-0.1613	0.3385	0.3750	2.0154
-0.1599	0.3392	0.3750	2.0112
-0.1589	0.3408	0.3760	2.0072
-0.1575	0.3414	0.3760	2.0031
-0.1566	0.3429	0.3770	1.9993
-0.1556	0.3445	0.3780	1.9951
-0.1550	0.3458	0.3790	1.9922
-0.1540	0.3474	0.3800	1.9880
-0.1530	0.3489	0.3810	1.9840
-0.1520	0.3505	0.3820	1.9799
-0.1505	0.3511	0.3820	1.9758
-0.1495	0.3526	0.3830	1.9717
-0.1485	0.3541	0.3840	1.9679
-0.1477	0.3555	0.3850	1.9646
-0.1468	0.3570	0.3860	1.9608
-0.1457	0.3585	0.3870	1.9567
-0.1442	0.3591	0.3870	1.9527
-0.1435	0.3616	0.3890	1.9485
-0.1420	0.3622	0.3890	1.9444
-0.1409	0.3637	0.3900	1.9404
-0.1401	0.3650	0.3910	1.9373
-0.1390	0.3665	0.3920	1.9333
-0.1380	0.3680	0.3930	1.9295
-0.1371	0.3704	0.3950	1.9253
-0.1356	0.3710	0.3950	1.9213
-0.1344	0.3725	0.3960	1.9172
-0.1329	0.3730	0.3960	1.9131
-0.1321	0.3744	0.3970	1.9101
-0.1309	0.3759	0.3980	1.9060
-0.1301	0.3783	0.4000	1.9019
-0.1292	0.3807	0.4020	1.8981
-0.1277	0.3812	0.4020	1.8940
-0.1261	0.3817	0.4020	1.8899
-0.1249	0.3832	0.4030	1.8858
-0.1240	0.3845	0.4040	1.8829
-0.1231	0.3869	0.4060	1.8787
-0.1218	0.3884	0.4070	1.8746
-0.1202	0.3888	0.4070	1.8706
-0.1190	0.3903	0.4080	1.8668
-0.1177	0.3917	0.4090	1.8626
-0.1168	0.3930	0.4100	1.8597
-0.1155	0.3945	0.4110	1.8555
-0.1141	0.3959	0.4120	1.8514
-0.1128	0.3973	0.4130	1.8474
-0.1117	0.3997	0.4150	1.8433
-0.1110	0.4019	0.4170	1.8403
-0.1099	0.4043	0.4190	1.8362
-0.1087	0.4067	0.4210	1.8321
-0.1075	0.4081	0.4220	1.8283
-0.1055	0.4076	0.4210	1.8242
-0.1039	0.4080	0.4210	1.8201
-0.1022	0.4084	0.4210	1.8160
-0.1008	0.4098	0.4220	1.8119
-0.1000	0.4120	0.4240	1.8089
-0.0993	0.4163	0.4280	1.8048
-0.0982	0.4197	0.4310	1.8007
-0.0972	0.4209	0.4320	1.7977
-0.0955	0.4213	0.4320	1.7936
-0.0932	0.4208	0.4310	1.7887
-0.0913	0.4202	0.4300	1.7847
-0.0898	0.4216	0.4310	1.7806
-0.0891	0.4248	0.4340	1.7776
-0.0880	0.4281	0.4370	1.7735
-0.0875	0.4322	0.4410	1.7705
-0.0859	0.4336	0.4420	1.7664
-0.0843	0.4349	0.4430	1.7623
-0.0827	0.4362	0.4440	1.7582
-0.0811	0.4365	0.4440	1.7544
-0.0794	0.4379	0.4450	1.7503
-0.0778	0.4392	0.4460	1.7461
-0.0763	0.4404	0.4470	1.7424
-0.0752	0.4427	0.4490	1.7392
-0.0739	0.4449	0.4510	1.7353
-0.0723	0.4472	0.4530	1.7312
-0.0708	0.4495	0.4550	1.7271
-0.0698	0.4516	0.4570	1.7241
-0.0682	0.4539	0.4590	1.7200
-0.0665	0.4552	0.4600	1.7159
-0.0649	0.4564	0.4610	1.7121
-0.0633	0.4586	0.4630	1.7080
-0.0621	0.4598	0.4640	1.7050
-0.0605	0.4621	0.4660	1.7009
-0.0588	0.4643	0.4680	1.6969
-0.0574	0.4675	0.4710	1.6930
-0.0561	0.4697	0.4730	1.6898
-0.0545	0.4709	0.4740	1.6859
-0.0524	0.4701	0.4730	1.6818
-0.0506	0.4713	0.4740	1.6778
-0.0491	0.4745	0.4770	1.6740
-0.0475	0.4776	0.4800	1.6698
-0.0463	0.4808	0.4830	1.6669
-0.0445	0.4830	0.4850	1.6627
-0.0426	0.4841	0.4860	1.6586
-0.0408	0.4853	0.4870	1.6546
-0.0391	0.4874	0.4890	1.6508
-0.0378	0.4905	0.4920	1.6478
-0.0359	0.4917	0.4930	1.6437
-0.0339	0.4928	0.4940	1.6395
-0.0321	0.4960	0.4970	1.6355
-0.0304	0.4981	0.4990	1.6317
-0.0284	0.5002	0.5010	1.6276
-0.0271	0.5033	0.5040	1.6246
-0.0251	0.5044	0.5050	1.6205
-0.0232	0.5075	0.5080	1.6164
-0.0212	0.5096	0.5100	1.6123
-0.0193	0.5116	0.5120	1.6085
-0.0178	0.5137	0.5140	1.6055
-0.0158	0.5158	0.5160	1.6014
-0.0137	0.5178	0.5180	1.5973
-0.0117	0.5199	0.5200	1.5932
-0.0101	0.5239	0.5240	1.5902
-0.0081	0.5259	0.5260	1.5861
-0.0061	0.5280	0.5280	1.5823
-0.0039	0.5300	0.5300	1.5782
-0.0024	0.5360	0.5360	1.5752
-0.0002	0.5380	0.5380	1.5711
0.0020	0.5380	0.5380	1.5671
0.0041	0.5420	0.5420	1.5632
0.0064	0.5440	0.5440	1.5591
0.0086	0.5459	0.5460	1.5551
0.0103	0.5499	0.5500	1.5520
0.0126	0.5519	0.5520	1.5480
0.0148	0.5558	0.5560	1.5441
0.0172	0.5577	0.5580	1.5400
0.0190	0.5617	0.5620	1.5370
0.0214	0.5636	0.5640	1.5329
0.0238	0.5675	0.5680	1.5288
0.0262	0.5694	0.5700	1.5248
0.0282	0.5733	0.5740	1.5217
0.0306	0.5752	0.5760	1.5177
0.0330	0.5791	0.5800	1.5138
0.0356	0.5829	0.5840	1.5097
0.0375	0.5848	0.5860	1.5068
0.0402	0.5886	0.5900	1.5026
0.0427	0.5905	0.5920	1.4986
0.0453	0.5943	0.5960	1.4948
0.0479	0.5961	0.5980	1.4906
0.0500	0.5999	0.6020	1.4877
0.0528	0.6037	0.6060	1.4836
0.0556	0.6075	0.6100	1.4795
0.0583	0.6112	0.6140	1.4757
0.0607	0.6150	0.6180	1.4724
0.0633	0.6168	0.6200	1.4686
0.0662	0.6205	0.6240	1.4645
0.0692	0.6242	0.6280	1.4603
0.0715	0.6279	0.6320	1.4574
0.0745	0.6316	0.6360	1.4534
0.0774	0.6353	0.6400	1.4495
0.0808	0.6409	0.6460	1.4454
0.0832	0.6447	0.6500	1.4424
0.0864	0.6483	0.6540	1.4383
0.0893	0.6499	0.6560	1.4342
0.0925	0.6535	0.6600	1.4301
0.0954	0.6591	0.6660	1.4271
0.0989	0.6647	0.6720	1.4231
0.1021	0.6682	0.6760	1.4192
0.1054	0.6718	0.6800	1.4151
0.1081	0.6754	0.6840	1.4121
0.1115	0.6789	0.6880	1.4080
0.1156	0.6863	0.6960	1.4040
0.1189	0.6898	0.7000	1.4001
0.1218	0.6934	0.7040	1.3969
0.1255	0.6988	0.7100	1.3930
0.1297	0.7042	0.7160	1.3886
0.1333	0.7076	0.7200	1.3846
0.1366	0.7130	0.7260	1.3815
0.1408	0.7183	0.7320	1.3772
0.1446	0.7217	0.7360	1.3731
0.1483	0.7250	0.7400	1.3691
0.1519	0.7304	0.7460	1.3657
0.1561	0.7356	0.7520	1.3617
0.1604	0.7408	0.7580	1.3576
0.1649	0.7460	0.7640	1.3533
0.1685	0.7513	0.7700	1.3502
0.1735	0.7584	0.7780	1.3459
0.1775	0.7616	0.7820	1.3418
0.1825	0.7686	0.7900	1.3376
0.1864	0.7739	0.7960	1.3344
0.1915	0.7809	0.8040	1.3303
0.1961	0.7859	0.8100	1.3262
0.2009	0.7909	0.8160	1.3221
0.2054	0.7980	0.8240	1.3188
0.2102	0.8030	0.8300	1.3148
0.2152	0.8078	0.8360	1.3104
0.2207	0.8146	0.8440	1.3063
0.2254	0.8216	0.8520	1.3030
0.2309	0.8284	0.8600	1.2990
0.2359	0.8332	0.8660	1.2949
0.2416	0.8400	0.8740	1.2907
0.2465	0.8468	0.8820	1.2875
0.2517	0.8516	0.8880	1.2834
0.2580	0.8601	0.8980	1.2793
0.2642	0.8666	0.9060	1.2749
0.2697	0.8754	0.9160	1.2720
0.2765	0.8837	0.9260	1.2675
0.2819	0.8883	0.9320	1.2635
0.2880	0.8948	0.9400	1.2594
0.2940	0.9034	0.9500	1.2561
0.3015	0.9135	0.9620	1.2520
0.3077	0.9199	0.9700	1.2480
0.3143	0.9261	0.9780	1.2436
0.3203	0.9346	0.9880	1.2406
0.4975	0.0234	0.4980	0.0470
0.4965	0.0211	0.4970	0.0426
0.4946	0.0191	0.4950	0.0385
0.4927	0.0170	0.4930	0.0344
0.4908	0.0144	0.4910	0.0292
0.4888	0.0123	0.4890	0.0251
0.4879	0.0102	0.4880	0.0208
0.4859	0.0081	0.4860	0.0167
0.4840	0.0061	0.4840	0.0126
0.4830	0.0040	0.4830	0.0082
0.4810	0.0016	0.4810	0.0034
0.4790	-0.0005	0.4790	-0.0011
0.4770	-0.0025	0.4770	-0.0052
0.4760	-0.0044	0.4760	-0.0092
0.4740	-0.0065	0.4740	-0.0136
0.4729	-0.0083	0.4730	-0.0176
0.4709	-0.0107	0.4710	-0.0228
0.4688	-0.0126	0.4690	-0.0269
0.4678	-0.0145	0.4680	-0.0311
0.4657	-0.0165	0.4660	-0.0354
0.4646	-0.0184	0.4650	-0.0395
0.4625	-0.0207	0.4630	-0.0447
0.4615	-0.0225	0.4620	-0.0488
0.4594	-0.0243	0.4600	-0.0528
0.4582	-0.0263	0.4590	-0.0572
0.4571	-0.0281	0.4580	-0.0614
0.4550	-0.0298	0.4560	-0.0654
0.4529	-0.0320	0.4540	-0.0706
0.4517	-0.0338	0.4530	-0.0747
0.4506	-0.0357	0.4520	-0.0790
0.4494	-0.0374	0.4510	-0.0831
0.4473	-0.0391	0.4490	-0.0872
0.4461	-0.0410	0.4480	-0.0916
0.4439	-0.0429	0.4460	-0.0964
0.4427	-0.0448	0.4450	-0.1009
0.4416	-0.0465	0.4440	-0.1050
0.4404	-0.0482	0.4430	-0.1090
0.4392	-0.0500	0.4420	-0.1134
0.4370	-0.0516	0.4400	-0.1174
0.4357	-0.0537	0.4390	-0.1227
0.4345	-0.0554	0.4380	-0.1267
0.4333	-0.0570	0.4370	-0.1309
0.4320	-0.0588	0.4360	-0.1352
0.4298	-0.0603	0.4340	-0.1393
0.4286	-0.0619	0.4330	-0.1434
0.4273	-0.0636	0.4320	-0.1477
0.4270	-0.0654	0.4320	-0.1519
0.4247	-0.0673	0.4300	-0.1570
0.4225	-0.0687	0.4280	-0.1612
0.4222	-0.0704	0.4280	-0.1652
0.4209	-0.0721	0.4270	-0.1696
0.4196	-0.0736	0.4260	-0.1736
0.4183	-0.0751	0.4250	-0.1778
0.4170	-0.0767	0.4240	-0.1819
0.4156	-0.0787	0.4230	-0.1870
0.4143	-0.0803	0.4220	-0.1914
0.4130	-0.0818	0.4210	-0.1955
0.4117	-0.0833	0.4200	-0.1996
0.4103	-0.0847	0.4190	-0.2036
0.4090	-0.0862	0.4180	-0.2078
0.4077	-0.0876	0.4170	-0.2116
0.4063	-0.0895	0.4160	-0.2168
0.4049	-0.0908	0.4150	-0.2206
0.4036	-0.0922	0.4140	-0.2246
0.4032	-0.0939	0.4140	-0.2288
0.4019	-0.0953	0.4130	-0.2329
0.3995	-0.0963	0.4110	-0.2366
0.3991	-0.0980	0.4110	-0.2407
0.3978	-0.0994	0.4100	-0.2449
0.3974	-0.1009	0.4100	-0.2487
0.3959	-0.1027	0.4090	-0.2539
0.3945	-0.1040	0.4080	-0.2577
0.3931	-0.1053	0.4070	-0.2617
0.3917	-0.1067	0.4060	-0.2659
0.3904	-0.1079	0.4050	-0.2697
0.3890	-0.1092	0.4040	-0.2737
0.3885	-0.1108	0.4040	-0.2778
0.3870	-0.1124	0.4030	-0.2827
0.3856	-0.1137	0.4020	-0.2869
0.3842	-0.1149	0.4010	-0.2907
0.3828	-0.1162	0.4000	-0.2947
0.3823	-0.1178	0.4000	-0.2988
0.3808	-0.1190	0.3990	-0.3030
0.3804	-0.1205	0.3990	-0.3068
0.3789	-0.1217	0.3980	-0.3108
0.3775	-0.1230	0.3970	-0.3149
0.3770	-0.1244	0.3970	-0.3188
0.3754	-0.1261	0.3960	-0.3240
0.3740	-0.1272	0.3950	-0.3278
0.3735	-0.1287	0.3950	-0.3318
0.3720	-0.1299	0.3940	-0.3359
0.3705	-0.1310	0.3930	-0.3398
0.3691	-0.1321	0.3920	-0.3438
0.3685	-0.1337	0.3920	-0.3479
0.3671	-0.1347	0.3910	-0.3518
0.3665	-0.1362	0.3910	-0.3559
0.3649	-0.1377	0.3900	-0.3608
0.3643	-0.1391	0.3900	-0.3648
0.3628	-0.1403	0.3890	-0.3689
0.3613	-0.1414	0.3880	-0.3730
0.3598	-0.1424	0.3870	-0.3769
0.3593	-0.1439	0.3870	-0.3809
0.3587	-0.1454	0.3870	-0.3850
0.3572	-0.1463	0.3860	-0.3889
0.3557	-0.1474	0.3850	-0.3929
0.3551	-0.1489	0.3850	-0.3970
0.3545	-0.1502	0.3850	-0.4008
0.3528	-0.1517	0.3840	-0.4060
0.3513	-0.1526	0.3830	-0.4099
0.3507	-0.1540	0.3830	-0.4139
0.3500	-0.1555	0.3830	-0.4180
0.3485	-0.1564	0.3820	-0.4218
0.3470	-0.1574	0.3810	-0.4260
0.3463	-0.1588	0.3810	-0.4300
0.3448	-0.1598	0.3800	-0.4341
0.3441	-0.1612	0.3800	-0.4380
0.3426	-0.1621	0.3790	-0.4420
0.3419	-0.1635	0.3790	-0.4461
0.3413	-0.1648	0.3790	-0.4499
0.3395	-0.1662	0.3780	-0.4551
0.3389	-0.1675	0.3780	-0.4589
0.3382	-0.1688	0.3780	-0.4630
0.3366	-0.1698	0.3770	-0.4671
0.3360	-0.1711	0.3770	-0.4709
0.3344	-0.1720	0.3760	-0.4751
0.3337	-0.1733	0.3760	-0.4791
0.3330	-0.1747	0.3760	-0.4832
0.3314	-0.1755	0.3750	-0.4870
0.3298	-0.1764	0.3740	-0.4911
0.3291	-0.1777	0.3740	-0.4952
0.3284	-0.1790	0.3740	-0.4990
0.3277	-0.1803	0.3740	-0.5031
0.3269	-0.1817	0.3740	-0.5072
0.3254	-0.1824	0.3730	-0.5110
0.3235	-0.1836	0.3720	-0.5162
0.3228	-0.1848	0.3720	-0.5200
0.3221	-0.1862	0.3720	-0.5241
0.3224	-0.1876	0.3730	-0.5271
0.3216	-0.1889	0.3730	-0.5311
0.3198	-0.1900	0.3720	-0.5361
0.3182	-0.1908	0.3710	-0.5402
0.3174	-0.1921	0.3710	-0.5443
0.3167	-0.1933	0.3710	-0.5481
0.3159	-0.1946	0.3710	-0.5522
0.3151	-0.1959	0.3710	-0.5563
0.3143	-0.1971	0.3710	-0.5601
0.3127	-0.1979	0.3700	-0.5642
0.3119	-0.1991	0.3700	-0.5682
0.3102	-0.1998	0.3690	-0.5721
0.3094	-0.2010	0.3690	-0.5762
0.3086	-0.2023	0.3690	-0.5802
0.3078	-0.2036	0.3690	-0.5844
0.3070	-0.2047	0.3690	-0.5882
0.3061	-0.2060	0.3690	-0.5923
0.3053	-0.2072	0.3690	-0.5963
0.3036	-0.2079	0.3680	-0.6005
0.3028	-0.2092	0.3680	-0.6046
0.3019	-0.2104	0.3680	-0.6086
0.3011	-0.2116	0.3680	-0.6127
0.2992	-0.2125	0.3670	-0.6176
0.2994	-0.2140	0.3680	-0.6206
0.2985	-0.2152	0.3680	-0.6247
0.2976	-0.2165	0.3680	-0.6288
0.2957	-0.2174	0.3670	-0.6340
0.2948	-0.2186	0.3670	-0.6381
0.2939	-0.2198	0.3670	-0.6422
0.2930	-0.2210	0.3670	-0.6463
0.2921	-0.2221	0.3670	-0.6501
0.2912	-0.2233	0.3670	-0.6541
0.2903	-0.2245	0.3670	-0.6583
0.2894	-0.2257	0.3670	-0.6624
0.2885	-0.2269	0.3670	-0.6664
0.2868	-0.2274	0.3660	-0.6705
0.2858	-0.2286	0.3660	-0.6747
0.2857	-0.2304	0.3670	-0.6787
0.2847	-0.2316	0.3670	-0.6828
0.2838	-0.2327	0.3670	-0.6869
0.2828	-0.2339	0.3670	-0.6910
0.2819	-0.2350	0.3670	-0.6951
0.2802	-0.2355	0.3660	-0.6989
0.2800	-0.2373	0.3670	-0.7029
0.2790	-0.2384	0.3670	-0.7071
0.2773	-0.2389	0.3660	-0.7112
0.2763	-0.2400	0.3660	-0.7152
0.2753	-0.2412	0.3660	-0.7193
0.2751	-0.2429	0.3670	-0.7235
0.2741	-0.2441	0.3670	-0.7275
0.2731	-0.2452	0.3670	-0.7316
0.2721	-0.2463	0.3670	-0.7357
0.2711	-0.2474	0.3670	-0.7398
0.2711	-0.2489	0.3680	-0.7428
0.2691	-0.2495	0.3670	-0.7477
0.2681	-0.2507	0.3670	-0.7518
0.2671	-0.2517	0.3670	-0.7559
0.2660	-0.2528	0.3670	-0.7600
0.2660	-0.2543	0.3680	-0.7630
0.2657	-0.2561	0.3690	-0.7671
0.2646	-0.2572	0.3690	-0.7712
0.2628	-0.2576	0.3680	-0.7752
0.2608	-0.2582	0.3670	-0.7804
0.2607	-0.2597	0.3680	-0.7835
0.2604	-0.2615	0.3690	-0.7875
0.2593	-0.2625	0.3690	-0.7916
0.2575	-0.2629	0.3680	-0.7958
0.2564	-0.2639	0.3680	-0.7998
0.2554	-0.2650	0.3680	-0.8039
0.2550	-0.2668	0.3690	-0.8080
0.2540	-0.2677	0.3690	-0.8118
0.2528	-0.2688	0.3690	-0.8159
0.2517	-0.2698	0.3690	-0.8200
0.2513	-0.2715	0.3700	-0.8240
0.2502	-0.2726	0.3700	-0.8282
0.2491	-0.2736	0.3700	-0.8323
0.2480	-0.2746	0.3700	-0.8363
0.2468	-0.2756	0.3700	-0.8404
0.2457	-0.2766	0.3700	-0.8446
0.2446	-0.2776	0.3700	-0.8486
0.2441	-0.2794	0.3710	-0.8527
0.2429	-0.2804	0.3710	-0.8568
0.2419	-0.2813	0.3710	-0.8607
0.2414	-0.2831	0.3720	-0.8647
0.2402	-0.2840	0.3720	-0.8688
0.2390	-0.2850	0.3720	-0.8729
0.2388	-0.2866	0.3730	-0.8762
0.2377	-0.2875	0.3730	-0.8800
0.2365	-0.2884	0.3730	-0.8841
0.2353	-0.2894	0.3730	-0.8882
0.2341	-0.2904	0.3730	-0.8923
0.2336	-0.2921	0.3740	-0.8963
0.2324	-0.2931	0.3740	-0.9004
0.2311	-0.2940	0.3740	-0.9046
0.2306	-0.2957	0.3750	-0.9086
0.2293	-0.2967	0.3750	-0.9127
0.2281	-0.2976	0.3750	-0.9168
0.2275	-0.2993	0.3760	-0.9209
0.2263	-0.3003	0.3760	-0.9250
0.2257	-0.3019	0.3770	-0.9288
0.2245	-0.3029	0.3770	-0.9329
0.2233	-0.3038	0.3770	-0.9370
0.2220	-0.3047	0.3770	-0.9411
0.2214	-0.3064	0.3780	-0.9451
0.2201	-0.3073	0.3780	-0.9492
0.2188	-0.3082	0.3780	-0.9534
0.2185	-0.3097	0.3790	-0.9563
0.2172	-0.3106	0.3790	-0.9605
0.2165	-0.3123	0.3800	-0.9645
0.2152	-0.3132	0.3800	-0.9686
0.2145	-0.3149	0.3810	-0.9727
0.2132	-0.3157	0.3810	-0.9768
0.2119	-0.3166	0.3810	-0.9809
0.2112	-0.3183	0.3820	-0.9850
0.2099	-0.3192	0.3820	-0.9890
0.2090	-0.3209	0.3830	-0.9934
0.2078	-0.3218	0.3830	-0.9975
0.2070	-0.3235	0.3840	-1.0016
0.2056	-0.3243	0.3840	-1.0057
0.2042	-0.3252	0.3840	-1.0100
0.2038	-0.3267	0.3850	-1.0131
0.2030	-0.3283	0.3860	-1.0171
0.2015	-0.3292	0.3860	-1.0215
0.2002	-0.3300	0.3860	-1.0256
0.1993	-0.3317	0.3870	-1.0297
0.1990	-0.3342	0.3890	-1.0338
0.1975	-0.3351	0.3890	-1.0381
0.1962	-0.3359	0.3890	-1.0422
0.1948	-0.3367	0.3890	-1.0464
0.1939	-0.3384	0.3900	-1.0504
0.1924	-0.3392	0.3900	-1.0548
0.1919	-0.3407	0.3910	-1.0578
0.1909	-0.3424	0.3920	-1.0622
0.1895	-0.3431	0.3920	-1.0662
0.1886	-0.3448	0.3930	-1.0703
0.1876	-0.3465	0.3940	-1.0745
0.1861	-0.3473	0.3940	-1.0788
0.1852	-0.3489	0.3950	-1.0829
0.1842	-0.3505	0.3960	-1.0869
0.1828	-0.3513	0.3960	-1.0910
0.1821	-0.3528	0.3970	-1.0943
0.1811	-0.3544	0.3980	-1.0984
0.1800	-0.3561	0.3990	-1.1027
0.1785	-0.3568	0.3990	-1.1069
0.1771	-0.3576	0.3990	-1.1110
0.1761	-0.3592	0.4000	-1.1150
0.1745	-0.3599	0.4000	-1.1194
0.1739	-0.3625	0.4020	-1.1235
0.1728	-0.3641	0.4030	-1.1276
0.1721	-0.3655	0.4040	-1.1308
0.1706	-0.3662	0.4040	-1.1350
0.1695	-0.3678	0.4050	-1.1391
0.1683	-0.3695	0.4060	-1.1434
0.1672	-0.3711	0.4070	-1.1475
0.1656	-0.3718	0.4070	-1.1516
0.1646	-0.3733	0.4080	-1.1557
0.1633	-0.3750	0.4090	-1.1601
0.1626	-0.3764	0.4100	-1.1630
0.1614	-0.3780	0.4110	-1.1672
0.1602	-0.3796	0.4120	-1.1715
0.1590	-0.3812	0.4130	-1.1756
0.1574	-0.3818	0.4130	-1.1797
0.1563	-0.3834	0.4140	-1.1838
0.1549	-0.3850	0.4150	-1.1882
0.1538	-0.3865	0.4160	-1.1922
0.1528	-0.3880	0.4170	-1.1955
0.1516	-0.3895	0.4180	-1.1996
0.1504	-0.3911	0.4190	-1.2037
0.1491	-0.3926	0.4200	-1.2078
0.1478	-0.3942	0.4210	-1.2121
0.1462	-0.3948	0.4210	-1.2163
0.1453	-0.3973	0.4230	-1.2203
0.1443	-0.3987	0.4240	-1.2236
0.1426	-0.3993	0.4240	-1.2277
0.1413	-0.4008	0.4250	-1.2318
0.1400	-0.4023	0.4260	-1.2359
0.1386	-0.4039	0.4270	-1.2402
0.1373	-0.4054	0.4280	-1.2443
0.1363	-0.4078	0.4300	-1.2484
0.1349	-0.4094	0.4310	-1.2525
0.1339	-0.4107	0.4320	-1.2558
0.1325	-0.4122	0.4330	-1.2599
0.1310	-0.4138	0.4340	-1.2642
0.1296	-0.4153	0.4350	-1.2683
0.1282	-0.4167	0.4360	-1.2724
0.1268	-0.4182	0.4370	-1.2765
0.1252	-0.4197	0.4380	-1.2809
0.1238	-0.4212	0.4390	-1.2850
0.1227	-0.4226	0.4400	-1.2883
0.1215	-0.4250	0.4420	-1.2923
0.1200	-0.4264	0.4430	-1.2964
0.1185	-0.4279	0.4440	-1.3005
0.1170	-0.4294	0.4450	-1.3048
0.1154	-0.4308	0.4460	-1.3090
0.1139	-0.4322	0.4470	-1.3131
0.1130	-0.4345	0.4490	-1.3163
0.1115	-0.4360	0.4500	-1.3204
0.1100	-0.4374	0.4510	-1.3245
0.1086	-0.4398	0.4530	-1.3286
0.1070	-0.4412	0.4540	-1.3329
0.1054	-0.4426	0.4550	-1.3371
0.1042	-0.4439	0.4560	-1.3403
0.1028	-0.4463	0.4580	-1.3444
0.1012	-0.4477	0.4590	-1.3485
0.0998	-0.4501	0.4610	-1.3526
0.0981	-0.4515	0.4620	-1.3569
0.0964	-0.4529	0.4630	-1.3610
0.0953	-0.4551	0.4650	-1.3643
0.0937	-0.4565	0.4660	-1.3684
0.0920	-0.4579	0.4670	-1.3725
0.0907	-0.4602	0.4690	-1.3763
0.0890	-0.4615	0.4700	-1.3804
0.0874	-0.4638	0.4720	-1.3845
0.0862	-0.4651	0.4730	-1.3875
0.0845	-0.4664	0.4740	-1.3916
0.0830	-0.4687	0.4760	-1.3956
0.0815	-0.4710	0.4780	-1.3995
0.0797	-0.4723	0.4790	-1.4036
0.0781	-0.4746	0.4810	-1.4077
0.0770	-0.4768	0.4830	-1.4107
0.0752	-0.4781	0.4840	-1.4147
0.0734	-0.4794	0.4850	-1.4188
0.0719	-0.4817	0.4870	-1.4227
0.0702	-0.4839	0.4890	-1.4268
0.0685	-0.4862	0.4910	-1.4308
0.0671	-0.4874	0.4920	-1.4339
0.0655	-0.4896	0.4940	-1.4379
0.0637	-0.4919	0.4960	-1.4420
0.0621	-0.4941	0.4980	-1.4459
0.0602	-0.4954	0.4990	-1.4499
0.0584	-0.4976	0.5010	-1.4540
0.0571	-0.4997	0.5030	-1.4570
0.0553	-0.5020	0.5050	-1.4611
0.0534	-0.5042	0.5070	-1.4652
0.0516	-0.5064	0.5090	-1.4693
0.0497	-0.5076	0.5100	-1.4731
0.0478	-0.5098	0.5120	-1.4772
0.0465	-0.5119	0.5140	-1.4802
0.0446	-0.5141	0.5160	-1.4843
0.0427	-0.5162	0.5180	-1.4883
0.0387	-0.5186	0.5200	-1.4963
0.0321	-0.5150	0.5160	-1.5086
0.0157	-0.5218	0.5220	-1.5408
0.0134	-0.5158	0.5160	-1.5448
0.0114	-0.5139	0.5140	-1.5486
0.0092	-0.5129	0.5130	-1.5528
0.0067	-0.5110	0.5110	-1.5577
0.0046	-0.5090	0.5090	-1.5618
0.0025	-0.5070	0.5070	-1.5658
0.0004	-0.5060	0.5060	-1.5699
-0.0016	-0.5040	0.5040	-1.5741
-0.0035	-0.5020	0.5020	-1.5778
-0.0061	-0.5000	0.5000	-1.5831
-0.0080	-0.4979	0.4980	-1.5868
-0.0100	-0.4969	0.4970	-1.5909
-0.0120	-0.4949	0.4950	-1.5951
-0.0140	-0.4938	0.4940	-1.5991
-0.0159	-0.4917	0.4920	-1.6032
-0.0183	-0.4897	0.4900	-1.6081
-0.0202	-0.4886	0.4890	-1.6122
-0.0220	-0.4865	0.4870	-1.6160
-0.0239	-0.4844	0.4850	-1.6201
-0.0258	-0.4833	0.4840	-1.6242
-0.0281	-0.4812	0.4820	-1.6291
-0.0300	-0.4801	0.4810	-1.6332
-0.0318	-0.4779	0.4790	-1.6373
-0.0336	-0.4758	0.4770	-1.6414
-0.0354	-0.4747	0.4760	-1.6452
-0.0373	-0.4735	0.4750	-1.6493
-0.0390	-0.4714	0.4730	-1.6533
-0.0413	-0.4702	0.4720	-1.6583
-0.0431	-0.4690	0.4710	-1.6624
-0.0448	-0.4669	0.4690	-1.6665
-0.0465	-0.4647	0.4670	-1.6706
-0.0482	-0.4635	0.4660	-1.6743
-0.0500	-0.4623	0.4650	-1.6785
-0.0518	-0.4611	0.4640	-1.6826
-0.0538	-0.4589	0.4620	-1.6875
-0.0556	-0.4576	0.4610	-1.6916
-0.0571	-0.4554	0.4590	-1.6956
-0.0589	-0.4542	0.4580	-1.6997
-0.0605	-0.4530	0.4570	-1.7036
-0.0622	-0.4517	0.4560	-1.7076
-0.0642	-0.4494	0.4540	-1.7126
-0.0658	-0.4482	0.4530	-1.7166
-0.0675	-0.4469	0.4520	-1.7207
-0.0692	-0.4457	0.4510	-1.7249
-0.0707	-0.4434	0.4490	-1.7289
-0.0722	-0.4421	0.4480	-1.7327
-0.0744	-0.4408	0.4470	-1.7379
-0.0759	-0.4395	0.4460	-1.7417
-0.0775	-0.4382	0.4450	-1.7459
-0.0791	-0.4369	0.4440	-1.7499
-0.0807	-0.4356	0.4430	-1.7540
-0.0823	-0.4343	0.4420	-1.7581
-0.0838	-0.4330	0.4410	-1.7619
-0.0853	-0.4316	0.4400	-1.7660
-0.0872	-0.4292	0.4380	-1.7712
-0.0887	-0.4279	0.4370	-1.7753
-0.0905	-0.4275	0.4370	-1.7794
-0.0918	-0.4252	0.4350	-1.7834
-0.0934	-0.4248	0.4350	-1.7873
-0.0950	-0.4235	0.4340	-1.7914
-0.0964	-0.4221	0.4330	-1.7954
-0.0982	-0.4197	0.4310	-1.8006
-0.0999	-0.4193	0.4310	-1.8047
-0.1014	-0.4179	0.4300	-1.8089
-0.1028	-0.4165	0.4290	-1.8127
-0.1042	-0.4151	0.4280	-1.8167
-0.1057	-0.4137	0.4270	-1.8208
-0.1074	-0.4133	0.4270	-1.8250
-0.1088	-0.4119	0.4260	-1.8290
-0.1102	-0.4105	0.4250	-1.8331
-0.1116	-0.4090	0.4240	-1.8372
-0.1134	-0.4075	0.4230	-1.8421
-0.1147	-0.4061	0.4220	-1.8461
-0.1161	-0.4047	0.4210	-1.8503
-0.1178	-0.4042	0.4210	-1.8544
-0.1191	-0.4027	0.4200	-1.8584
-0.1205	-0.4013	0.4190	-1.8625
-0.1219	-0.3998	0.4180	-1.8667
-0.1235	-0.3993	0.4180	-1.8707
-0.1248	-0.3979	0.4170	-1.8748
-0.1265	-0.3963	0.4160	-1.8797
-0.1278	-0.3948	0.4150	-1.8838
-0.1294	-0.3943	0.4150	-1.8879
-0.1307	-0.3928	0.4140	-1.8920
-0.1323	-0.3923	0.4140	-1.8961
-0.1336	-0.3908	0.4130	-1.9002
-0.1348	-0.3893	0.4120	-1.9042
-0.1365	-0.3887	0.4120	-1.9084
-0.1376	-0.3873	0.4110	-1.9122
-0.1388	-0.3858	0.4100	-1.9162
-0.1404	-0.3852	0.4100	-1.9204
-0.1421	-0.3835	0.4090	-1.9255
-0.1433	-0.3820	0.4080	-1.9297
-0.1448	-0.3814	0.4080	-1.9337
-0.1459	-0.3799	0.4070	-1.9375
-0.1475	-0.3793	0.4070	-1.9416
-0.1491	-0.3787	0.4070	-1.9458
-0.1502	-0.3772	0.4060	-1.9498
-0.1514	-0.3756	0.4050	-1.9539
-0.1526	-0.3741	0.4040	-1.9580
-0.1540	-0.3724	0.4030	-1.9629
-0.1556	-0.3728	0.4040	-1.9662
-0.1575	-0.3731	0.4050	-1.9703
-0.1586	-0.3716	0.4040	-1.9743
-0.1597	-0.3689	0.4020	-1.9792
-0.1612	-0.3683	0.4020	-1.9833
-0.1627	-0.3676	0.4020	-1.9875
-0.1638	-0.3660	0.4010	-1.9915
-0.1649	-0.3644	0.4000	-1.9956
-0.1659	-0.3629	0.3990	-1.9997
-0.1678	-0.3631	0.4000	-2.0038
-0.1688	-0.3615	0.3990	-2.0076
-0.1703	-0.3608	0.3990	-2.0117
-0.1718	-0.3601	0.3990	-2.0158
-0.1728	-0.3585	0.3980	-2.0199
-0.1743	-0.3578	0.3980	-2.0240
-0.1753	-0.3562	0.3970	-2.0281
-0.1767	-0.3555	0.3970	-2.0321
-0.1780	-0.3537	0.3960	-2.0371
-0.1795	-0.3530	0.3960	-2.0412
-0.1809	-0.3523	0.3960	-2.0453
-0.1819	-0.3506	0.3950	-2.0494
-0.1833	-0.3499	0.3950	-2.0534
-0.1843	-0.3482	0.3940	-2.0575
-0.1862	-0.3484	0.3950	-2.0617
-0.1871	-0.3467	0.3940	-2.0657
-0.1886	-0.3460	0.3940	-2.0698
-0.1895	-0.3443	0.3930	-2.0739
-0.1903	-0.3427	0.3920	-2.0777
-0.1917	-0.3419	0.3920	-2.0818
-0.1936	-0.3420	0.3930	-2.0859
-0.1945	-0.3403	0.3920	-2.0900
-0.1959	-0.3395	0.3920	-2.0941
-0.1973	-0.3387	0.3920	-2.0982
-0.1981	-0.3371	0.3910	-2.1022
-0.1995	-0.3363	0.3910	-2.1063
-0.2009	-0.3354	0.3910	-2.1105
-0.2020	-0.3336	0.3900	-2.1154
-0.2034	-0.3328	0.3900	-2.1195
-0.2047	-0.3319	0.3900	-2.1235
-0.2061	-0.3311	0.3900	-2.1276
-0.2069	-0.3294	0.3890	-2.1318
-0.2083	-0.3285	0.3890	-2.1358
-0.2096	-0.3277	0.3890	-2.1399
-0.2110	-0.3268	0.3890	-2.1440
-0.2122	-0.3260	0.3890	-2.1478
-0.2135	-0.3252	0.3890	-2.1519
-0.2143	-0.3234	0.3880	-2.1560
-0.2156	-0.3226	0.3880	-2.1600
-0.2170	-0.3216	0.3880	-2.1644
-0.2178	-0.3199	0.3870	-2.1686
-0.2191	-0.3190	0.3870	-2.1726
-0.2210	-0.3189	0.3880	-2.1767
-0.2223	-0.3180	0.3880	-2.1808
-0.2230	-0.3163	0.3870	-2.1849
-0.2243	-0.3154	0.3870	-2.1890
-0.2257	-0.3144	0.3870	-2.1933
-0.2269	-0.3135	0.3870	-2.1974
-0.2282	-0.3125	0.3870	-2.2016
-0.2289	-0.3108	0.3860	-2.2056
-0.2308	-0.3107	0.3870	-2.2097
-0.2321	-0.3097	0.3870	-2.2138
-0.2327	-0.3080	0.3860	-2.2178
-0.2341	-0.3069	0.3860	-2.2223
-0.2353	-0.3060	0.3860	-2.2264
-0.2365	-0.3050	0.3860	-2.2304
-0.2378	-0.3041	0.3860	-2.2345
-0.2384	-0.3023	0.3850	-2.2387
-0.2403	-0.3021	0.3860	-2.2427
-0.2415	-0.3011	0.3860	-2.2468
-0.2428	-0.3001	0.3860	-2.2511
-0.2440	-0.2991	0.3860	-2.2552
-0.2453	-0.2981	0.3860	-2.2594
-0.2465	-0.2971	0.3860	-2.2634
-0.2477	-0.2960	0.3860	-2.2675
-0.2489	-0.2950	0.3860	-2.2716
-0.2501	-0.2940	0.3860	-2.2757
-0.2514	-0.2929	0.3860	-2.2801
-0.2526	-0.2919	0.3860	-2.2842
-0.2538	-0.2909	0.3860	-2.2882
-0.2550	-0.2898	0.3860	-2.2923
-0.2562	-0.2887	0.3860	-2.2965
-0.2573	-0.2877	0.3860	-2.3005
-0.2585	-0.2867	0.3860	-2.3046
-0.2597	-0.2855	0.3860	-2.3089
-0.2609	-0.2845	0.3860	-2.3131
-0.2621	-0.2834	0.3860	-2.3172
-0.2632	-0.2823	0.3860	-2.3212
-0.2644	-0.2812	0.3860	-2.3253
-0.2655	-0.2801	0.3860	-2.3294
-0.2674	-0.2797	0.3870	-2.3338
-0.2686	-0.2786	0.3870	-2.3379
-0.2697	-0.2775	0.3870	-2.3420
-0.2709	-0.2764	0.3870	-2.3460
-0.2720	-0.2753	0.3870	-2.3502
-0.2738	-0.2749	0.3880	-2.3543
-0.2749	-0.2738	0.3880	-2.3583
-0.2761	-0.2726	0.3880	-2.3627
-0.2765	-0.2707	0.3870	-2.3667
-0.2776	-0.2696	0.3870	-2.3709
-0.2795	-0.2692	0.3880	-2.3750
-0.2813	-0.2687	0.3890	-2.3790
-0.2824	-0.2676	0.3890	-2.3831
-0.2827	-0.2657	0.3880	-2.3873
-0.2846	-0.2652	0.3890	-2.3916
-0.2857	-0.2640	0.3890	-2.3957
-0.2868	-0.2628	0.3890	-2.3998
-0.2879	-0.2617	0.3890	-2.4038
-0.2889	-0.2605	0.3890	-2.4080
-0.2907	-0.2599	0.3900	-2.4121
-0.2918	-0.2588	0.3900	-2.4161
-0.2929	-0.2575	0.3900	-2.4205
-0.2940	-0.2563	0.3900	-2.4246
-0.2955	-0.2560	0.3910	-2.4276
-0.2965	-0.2549	0.3910	-2.4316
-0.2977	-0.2535	0.3910	-2.4361
-0.2995	-0.2530	0.3920	-2.4402
-0.3005	-0.2517	0.3920	-2.4442
-0.3015	-0.2505	0.3920	-2.4483
-0.3033	-0.2499	0.3930	-2.4525
-0.3043	-0.2487	0.3930	-2.4565
-0.3053	-0.2474	0.3930	-2.4606
-0.3072	-0.2467	0.3940	-2.4649
-0.3082	-0.2455	0.3940	-2.4690
-0.3092	-0.2442	0.3940	-2.4732
-0.3110	-0.2436	0.3950	-2.4772
-0.3120	-0.2423	0.3950	-2.4813
-0.3130	-0.2410	0.3950	-2.4854
-0.3147	-0.2403	0.3960	-2.4895
-0.3158	-0.2389	0.3960	-2.4939
-0.3168	-0.2376	0.3960	-2.4980
-0.3177	-0.2364	0.3960	-2.5020
-0.3193	-0.2360	0.3970	-2.5051
-0.3203	-0.2346	0.3970	-2.5094
-0.3212	-0.2333	0.3970	-2.5135
-0.3230	-0.2326	0.3980	-2.5175
-0.3248	-0.2318	0.3990	-2.5217
-0.3265	-0.2310	0.4000	-2.5258
-0.3275	-0.2297	0.4000	-2.5298
-0.3276	-0.2278	0.3990	-2.5339
-0.3294	-0.2269	0.4000	-2.5384
-0.3311	-0.2262	0.4010	-2.5424
-0.3329	-0.2254	0.4020	-2.5465
-0.3338	-0.2240	0.4020	-2.5506
-0.3356	-0.2232	0.4030	-2.5547
-0.3365	-0.2218	0.4030	-2.5588
-0.3374	-0.2204	0.4030	-2.5629
-0.3389	-0.2199	0.4040	-2.5662
-0.3398	-0.2185	0.4040	-2.5702
-0.3407	-0.2171	0.4040	-2.5743
-0.3425	-0.2162	0.4050	-2.5784
-0.3433	-0.2148	0.4050	-2.5825
-0.3451	-0.2138	0.4060	-2.5869
-0.3460	-0.2124	0.4060	-2.5910
-0.3477	-0.2115	0.4070	-2.5950
-0.3494	-0.2106	0.4080	-2.5991
-0.3512	-0.2097	0.4090	-2.6033
-0.3520	-0.2083	0.4090	-2.6073
-0.3535	-0.2076	0.4100	-2.6105
-0.3544	-0.2062	0.4100	-2.6147
-0.3561	-0.2052	0.4110	-2.6188
-0.3569	-0.2038	0.4110	-2.6228
-0.3586	-0.2028	0.4120	-2.6269
-0.3595	-0.2013	0.4120	-2.6311
-0.3611	-0.2004	0.4130	-2.6351
-0.3628	-0.1993	0.4140	-2.6392
-0.3637	-0.1977	0.4140	-2.6436
-0.3654	-0.1968	0.4150	-2.6477
-0.3662	-0.1952	0.4150	-2.6518
-0.3679	-0.1942	0.4160	-2.6559
-0.3687	-0.1927	0.4160	-2.6599
-0.3695	-0.1912	0.4160	-2.6640
-0.3719	-0.1909	0.4180	-2.6673
-0.3744	-0.1903	0.4200	-2.6714
-0.3761	-0.1892	0.4210	-2.6755
-0.3769	-0.1877	0.4210	-2.6796
-0.3776	-0.1861	0.4210	-2.6837
-0.3784	-0.1846	0.4210	-2.6877
-0.3800	-0.1835	0.4220	-2.6918
-0.3817	-0.1823	0.4230	-2.6960
-0.3832	-0.1815	0.4240	-2.6992
-0.3848	-0.1804	0.4250	-2.7033
-0.3856	-0.1788	0.4250	-2.7074
-0.3863	-0.1772	0.4250	-2.7115
-0.3888	-0.1765	0.4270	-2.7155
-0.3896	-0.1748	0.4270	-2.7199
-0.3912	-0.1736	0.4280	-2.7241
-0.3928	-0.1724	0.4290	-2.7281
-0.3945	-0.1712	0.4300	-2.7322
-0.3952	-0.1695	0.4300	-2.7363
-0.3968	-0.1683	0.4310	-2.7404
-0.3992	-0.1678	0.4330	-2.7436
-0.4008	-0.1665	0.4340	-2.7477
-0.4015	-0.1649	0.4340	-2.7519
-0.4030	-0.1637	0.4350	-2.7559
-0.4046	-0.1624	0.4360	-2.7600
-0.4053	-0.1607	0.4360	-2.7641
-0.4078	-0.1598	0.4380	-2.7682
-0.4085	-0.1581	0.4380	-2.7723
-0.4101	-0.1567	0.4390	-2.7767
-0.4124	-0.1561	0.4410	-2.7797
-0.4131	-0.1544	0.4410	-2.7838
-0.4146	-0.1531	0.4420	-2.7878
-0.4171	-0.1521	0.4440	-2.7919
-0.4187	-0.1506	0.4450	-2.7963
-0.4193	-0.1489	0.4450	-2.8004
-0.4209	-0.1475	0.4460	-2.8045
-0.4224	-0.1461	0.4470	-2.8085
-0.4238	-0.1452	0.4480	-2.8116
-0.4263	-0.1440	0.4500	-2.8159
-0.4269	-0.1422	0.4500	-2.8200
-0.4285	-0.1408	0.4510	-2.8242
-0.4309	-0.1397	0.4530	-2.8282
-0.4325	-0.1382	0.4540	-2.8323
-0.4340	-0.1367	0.4550	-2.8364
-0.4354	-0.1356	0.4560	-2.8397
-0.4369	-0.1341	0.4570	-2.8437
-0.4384	-0.1326	0.4580	-2.8478
-0.4399	-0.1311	0.4590	-2.8520
-0.4423	-0.1299	0.4610	-2.8560
-0.4438	-0.1283	0.4620	-2.8601
-0.4453	-0.1268	0.4630	-2.8642
-0.4467	-0.1256	0.4640	-2.8675
-0.4482	-0.1240	0.4650	-2.8716
-0.4496	-0.1225	0.4660	-2.8756
-0.4520	-0.1211	0.4680	-2.8798
-0.4535	-0.1195	0.4690	-2.8839
-0.4550	-0.1180	0.4700	-2.8879
-0.4574	-0.1164	0.4720	-2.8923
-0.4587	-0.1153	0.4730	-2.8953
-0.4602	-0.1137	0.4740	-2.8994
-0.4626	-0.1123	0.4760	-2.9034
-0.4650	-0.1108	0.4780	-2.9076
-0.4664	-0.1091	0.4790	-2.9119
-0.4678	-0.1074	0.4800	-2.9160
-0.4693	-0.1057	0.4810	-2.9201
-0.4715	-0.1047	0.4830	-2.9231
-0.4729	-0.1030	0.4840	-2.9272
-0.4753	-0.1015	0.4860	-2.9312
-0.4767	-0.0996	0.4870	-2.9357
-0.4781	-0.0980	0.4880	-2.9395
-0.4804	-0.0965	0.4900	-2.9433
-0.4826	-0.0955	0.4920	-2.9463
-0.4850	-0.0940	0.4940	-2.9501
-0.4863	-0.0922	0.4950	-2.9542
-0.4877	-0.0906	0.4960	-2.9580
-0.4900	-0.0890	0.4980	-2.9618
-0.4923	-0.0874	0.5000	-2.9660
-0.4936	-0.0857	0.5010	-2.9698
-0.4958	-0.0845	0.5030	-2.9728
-0.4981	-0.0829	0.5050	-2.9766
-0.4994	-0.0812	0.5060	-2.9803
-0.5023	-0.0756	0.5080	-2.9921
-0.5099	-0.0650	0.5140	-3.0148
-0.5042	-0.0618	0.5080	-3.0196
-0.5015	-0.0595	0.5050	-3.0235
-0.4997	-0.0574	0.5030	-3.0273
-0.4970	-0.0546	0.5000	-3.0322
-0.4952	-0.0523	0.4980	-3.0363
-0.4934	-0.0503	0.4960	-3.0401
-0.4916	-0.0482	0.4940	-3.0439
-0.4651	-0.0421	0.4670	-3.0513
-0.4633	-0.0400	0.4650	-3.0554
-0.4615	-0.0376	0.4630	-3.0603
-0.4596	-0.0355	0.4610	-3.0644
-0.4578	-0.0335	0.4590	-3.0684
-0.4569	-0.0316	0.4580	-3.0726
-0.4550	-0.0296	0.4560	-3.0767
-0.4532	-0.0272	0.4540	-3.0816
-0.4513	-0.0253	0.4520	-3.0856
-0.4504	-0.0234	0.4510	-3.0897
-0.4485	-0.0214	0.4490	-3.0938
-0.4476	-0.0197	0.4480	-3.0977
-0.4457	-0.0173	0.4460	-3.1029
-0.4437	-0.0154	0.4440	-3.1069
-0.4428	-0.0135	0.4430	-3.1110
-0.4408	-0.0118	0.4410	-3.1148
-0.4389	-0.0095	0.4390	-3.1200
-0.4379	-0.0077	0.4380	-3.1240
-0.4360	-0.0059	0.4360	-3.1282
-0.4350	-0.0042	0.4350	-3.1320
-0.4330	-0.0024	0.4330	-3.1361
-0.4320	-0.0006	0.4320	-3.1402
