x	y	r	phi
-0.6740	0.0001	0.6740	3.1414
-0.6720	0.0029	0.6720	3.1373
-0.6700	0.0055	0.6700	3.1334
-0.6699	0.0082	0.6700	3.1293
-0.6679	0.0107	0.6680	3.1256
-0.6679	0.0133	0.6680	3.1217
-0.6658	0.0160	0.6660	3.1176
-0.6637	0.0192	0.6640	3.1127
-0.6636	0.0217	0.6640	3.1089
-0.6616	0.0244	0.6620	3.1048
-0.6595	0.0268	0.6600	3.1010
-0.6593	0.0295	0.6600	3.0969
-0.6592	0.0320	0.6600	3.0931
-0.6551	0.0343	0.6560	3.0892
-0.6530	0.0368	0.6540	3.0852
-0.6528	0.0394	0.6540	3.0814
-0.6507	0.0419	0.6520	3.0773
-0.6505	0.0444	0.6520	3.0734
-0.6483	0.0469	0.6500	3.0694
-0.6461	0.0492	0.6480	3.0656
-0.6459	0.0517	0.6480	3.0617
-0.6437	0.0547	0.6460	3.0568
-0.6435	0.0573	0.6460	3.0527
-0.6432	0.0598	0.6460	3.0489
-0.6430	0.0624	0.6460	3.0449
-0.6427	0.0649	0.6460	3.0410
-0.6405	0.0673	0.6440	3.0369
-0.6362	0.0693	0.6400	3.0331
-0.6340	0.0715	0.6380	3.0293
-0.6337	0.0741	0.6380	3.0252
-0.6314	0.0763	0.6360	3.0214
-0.6311	0.0789	0.6360	3.0172
-0.6288	0.0810	0.6340	3.0135
-0.6285	0.0836	0.6340	3.0094
-0.6281	0.0860	0.6340	3.0055
-0.6278	0.0884	0.6340	3.0017
-0.6274	0.0909	0.6340	2.9977
-0.6251	0.0930	0.6320	2.9939
-0.6207	0.0955	0.6280	2.9890
-0.6203	0.0980	0.6280	2.9848
-0.6199	0.1004	0.6280	2.9810
-0.6215	0.1033	0.6300	2.9769
-0.6171	0.1050	0.6260	2.9731
-0.6148	0.1070	0.6240	2.9693
-0.6123	0.1092	0.6220	2.9652
-0.6139	0.1119	0.6240	2.9613
-0.6115	0.1140	0.6220	2.9573
-0.6110	0.1163	0.6220	2.9535
-0.6086	0.1184	0.6200	2.9494
-0.6081	0.1208	0.6200	2.9455
-0.6077	0.1231	0.6200	2.9418
-0.6052	0.1252	0.6180	2.9377
-0.6047	0.1275	0.6180	2.9338
-0.6042	0.1300	0.6180	2.9297
-0.6037	0.1322	0.6180	2.9260
-0.6012	0.1341	0.6160	2.9221
-0.5986	0.1366	0.6140	2.9172
-0.5980	0.1391	0.6140	2.9131
-0.5975	0.1414	0.6140	2.9093
-0.5950	0.1433	0.6120	2.9052
-0.5944	0.1456	0.6120	2.9014
-0.5938	0.1480	0.6120	2.8973
-0.5913	0.1498	0.6100	2.8935
-0.5907	0.1521	0.6100	2.8896
-0.5901	0.1544	0.6100	2.8856
-0.5895	0.1567	0.6100	2.8818
-0.5869	0.1586	0.6080	2.8777
-0.5863	0.1609	0.6080	2.8738
-0.5857	0.1632	0.6080	2.8698
-0.5831	0.1649	0.6060	2.8660
-0.5825	0.1672	0.6060	2.8621
-0.5818	0.1696	0.6060	2.8580
-0.5811	0.1718	0.6060	2.8542
-0.5804	0.1741	0.6060	2.8501
-0.5779	0.1758	0.6040	2.8463
-0.5771	0.1782	0.6040	2.8422
-0.5745	0.1798	0.6020	2.8383
-0.5739	0.1819	0.6020	2.8346
-0.5731	0.1843	0.6020	2.8305
-0.5724	0.1865	0.6020	2.8266
-0.5716	0.1888	0.6020	2.8225
-0.5709	0.1910	0.6020	2.8188
-0.5701	0.1933	0.6020	2.8147
-0.5674	0.1950	0.6000	2.8105
-0.5666	0.1973	0.6000	2.8065
-0.5659	0.1995	0.6000	2.8027
-0.5669	0.2025	0.6020	2.7986
-0.5642	0.2041	0.6000	2.7945
-0.5613	0.2062	0.5980	2.7895
-0.5586	0.2078	0.5960	2.7855
-0.5578	0.2099	0.5960	2.7817
-0.5588	0.2129	0.5980	2.7776
-0.5579	0.2152	0.5980	2.7734
-0.5553	0.2166	0.5960	2.7697
-0.5544	0.2189	0.5960	2.7656
-0.5553	0.2219	0.5980	2.7615
-0.5545	0.2240	0.5980	2.7577
-0.5535	0.2262	0.5980	2.7536
-0.5526	0.2285	0.5980	2.7495
-0.5499	0.2299	0.5960	2.7456
-0.5490	0.2321	0.5960	2.7416
-0.5462	0.2336	0.5940	2.7375
-0.5453	0.2357	0.5940	2.7336
-0.5443	0.2378	0.5940	2.7296
-0.5433	0.2401	0.5940	2.7255
-0.5423	0.2423	0.5940	2.7214
-0.5414	0.2444	0.5940	2.7175
-0.5404	0.2466	0.5940	2.7135
-0.5394	0.2488	0.5940	2.7094
-0.5384	0.2509	0.5940	2.7056
-0.5374	0.2530	0.5940	2.7015
-0.5364	0.2553	0.5940	2.6974
-0.5354	0.2573	0.5940	2.6936
-0.5343	0.2595	0.5940	2.6895
-0.5333	0.2617	0.5940	2.6854
-0.5323	0.2637	0.5940	2.6816
-0.5312	0.2659	0.5940	2.6775
-0.5301	0.2680	0.5940	2.6734
-0.5291	0.2701	0.5940	2.6696
-0.5279	0.2722	0.5940	2.6655
-0.5268	0.2744	0.5940	2.6614
-0.5257	0.2765	0.5940	2.6573
-0.5246	0.2786	0.5940	2.6535
-0.5252	0.2817	0.5960	2.6494
-0.5241	0.2838	0.5960	2.6453
-0.5230	0.2858	0.5960	2.6415
-0.5201	0.2870	0.5940	2.6374
-0.5171	0.2881	0.5920	2.6333
-0.5161	0.2901	0.5920	2.6295
-0.5149	0.2922	0.5920	2.6254
-0.5137	0.2943	0.5920	2.6213
-0.5143	0.2973	0.5940	2.6175
-0.5131	0.2993	0.5940	2.6134
-0.5118	0.3015	0.5940	2.6093
-0.5107	0.3034	0.5940	2.6055
-0.5094	0.3055	0.5940	2.6014
-0.5082	0.3076	0.5940	2.5973
-0.5052	0.3086	0.5920	2.5932
-0.5040	0.3106	0.5920	2.5894
-0.5027	0.3126	0.5920	2.5853
-0.5031	0.3157	0.5940	2.5812
-0.5036	0.3187	0.5960	2.5774
-0.5007	0.3197	0.5940	2.5733
-0.4993	0.3217	0.5940	2.5692
-0.4998	0.3247	0.5960	2.5654
-0.4985	0.3267	0.5960	2.5614
-0.4971	0.3288	0.5960	2.5572
-0.4958	0.3307	0.5960	2.5534
-0.4945	0.3327	0.5960	2.5493
-0.4948	0.3358	0.5980	2.5453
-0.4935	0.3377	0.5980	2.5414
-0.4921	0.3398	0.5980	2.5373
-0.4907	0.3418	0.5980	2.5333
-0.4893	0.3438	0.5980	2.5292
-0.4880	0.3456	0.5980	2.5253
-0.4886	0.3483	0.6000	2.5223
-0.4871	0.3503	0.6000	2.5182
-0.4857	0.3523	0.6000	2.5141
-0.4844	0.3541	0.6000	2.5104
-0.4829	0.3561	0.6000	2.5062
-0.4830	0.3593	0.6020	2.5021
-0.4817	0.3611	0.6020	2.4983
-0.4802	0.3630	0.6020	2.4943
-0.4787	0.3650	0.6020	2.4901
-0.4772	0.3670	0.6020	2.4860
-0.4774	0.3700	0.6040	2.4823
-0.4759	0.3720	0.6040	2.4781
-0.4743	0.3739	0.6040	2.4740
-0.4729	0.3757	0.6040	2.4702
-0.4714	0.3776	0.6040	2.4662
-0.4698	0.3796	0.6040	2.4620
-0.4699	0.3826	0.6060	2.4582
-0.4684	0.3845	0.6060	2.4542
-0.4668	0.3865	0.6060	2.4501
-0.4653	0.3882	0.6060	2.4462
-0.4652	0.3914	0.6080	2.4421
-0.4636	0.3933	0.6080	2.4381
-0.4620	0.3952	0.6080	2.4339
-0.4619	0.3984	0.6100	2.4298
-0.4603	0.4003	0.6100	2.4258
-0.4586	0.4022	0.6100	2.4217
-0.4570	0.4041	0.6100	2.4176
-0.4570	0.4071	0.6120	2.4138
-0.4553	0.4090	0.6120	2.4097
-0.4536	0.4109	0.6120	2.4056
-0.4534	0.4140	0.6140	2.4015
-0.4517	0.4159	0.6140	2.3974
-0.4500	0.4178	0.6140	2.3933
-0.4501	0.4206	0.6160	2.3900
-0.4498	0.4238	0.6180	2.3860
-0.4496	0.4269	0.6200	2.3822
-0.4479	0.4287	0.6200	2.3781
-0.4447	0.4292	0.6180	2.3739
-0.4415	0.4296	0.6160	2.3699
-0.4397	0.4314	0.6160	2.3658
-0.4394	0.4346	0.6180	2.3617
-0.4405	0.4392	0.6220	2.3576
-0.4386	0.4410	0.6220	2.3535
-0.4368	0.4428	0.6220	2.3494
-0.4350	0.4446	0.6220	2.3454
-0.4346	0.4478	0.6240	2.3412
-0.4327	0.4496	0.6240	2.3371
-0.4309	0.4513	0.6240	2.3331
-0.4304	0.4545	0.6260	2.3290
-0.4286	0.4563	0.6260	2.3248
-0.4281	0.4595	0.6280	2.3208
-0.4262	0.4613	0.6280	2.3167
-0.4256	0.4645	0.6300	2.3126
-0.4238	0.4662	0.6300	2.3085
-0.4237	0.4690	0.6320	2.3055
-0.4218	0.4707	0.6320	2.3015
-0.4212	0.4739	0.6340	2.2973
-0.4192	0.4756	0.6340	2.2932
-0.4186	0.4788	0.6360	2.2892
-0.4179	0.4821	0.6380	2.2851
-0.4159	0.4838	0.6380	2.2809
-0.4154	0.4869	0.6400	2.2772
-0.4147	0.4901	0.6420	2.2731
-0.4127	0.4918	0.6420	2.2689
-0.4107	0.4934	0.6420	2.2649
-0.4087	0.4951	0.6420	2.2608
-0.4066	0.4968	0.6420	2.2567
-0.4046	0.4985	0.6420	2.2527
-0.4038	0.5017	0.6440	2.2485
-0.4030	0.5049	0.6460	2.2444
-0.4027	0.5077	0.6480	2.2414
-0.4006	0.5093	0.6480	2.2373
-0.3998	0.5125	0.6500	2.2333
-0.3989	0.5157	0.6520	2.2292
-0.3980	0.5190	0.6540	2.2250
-0.3959	0.5206	0.6540	2.2210
-0.3962	0.5254	0.6580	2.2169
-0.3940	0.5270	0.6580	2.2128
-0.3919	0.5286	0.6580	2.2087
-0.3897	0.5302	0.6580	2.2046
-0.3875	0.5318	0.6580	2.2005
-0.3865	0.5350	0.6600	2.1965
-0.3855	0.5382	0.6620	2.1923
-0.3844	0.5414	0.6640	2.1882
-0.3840	0.5442	0.6660	2.1853
-0.3817	0.5458	0.6660	2.1811
-0.3807	0.5489	0.6680	2.1771
-0.3795	0.5521	0.6700	2.1730
-0.3772	0.5537	0.6700	2.1689
-0.3761	0.5569	0.6720	2.1648
-0.3749	0.5601	0.6740	2.1607
-0.3737	0.5633	0.6760	2.1566
-0.3715	0.5648	0.6760	2.1526
-0.3702	0.5680	0.6780	2.1484
-0.3690	0.5712	0.6800	2.1443
-0.3677	0.5744	0.6820	2.1403
-0.3670	0.5772	0.6840	2.1372
-0.3647	0.5787	0.6840	2.1332
-0.3634	0.5818	0.6860	2.1291
-0.3620	0.5850	0.6880	2.1249
-0.3607	0.5882	0.6900	2.1209
-0.3593	0.5914	0.6920	2.1168
-0.3579	0.5946	0.6940	2.1127
-0.3555	0.5960	0.6940	2.1086
-0.3543	0.5991	0.6960	2.1048
-0.3528	0.6023	0.6980	2.1007
-0.3514	0.6054	0.7000	2.0967
-0.3489	0.6069	0.7000	2.0925
-0.3489	0.6115	0.7040	2.0893
-0.3473	0.6146	0.7060	2.0852
-0.3448	0.6161	0.7060	2.0810
-0.3433	0.6192	0.7080	2.0770
-0.3419	0.6223	0.7100	2.0732
-0.3403	0.6254	0.7120	2.0691
-0.3387	0.6286	0.7140	2.0650
-0.3370	0.6317	0.7160	2.0609
-0.3354	0.6349	0.7180	2.0568
-0.3337	0.6380	0.7200	2.0528
-0.3320	0.6411	0.7220	2.0486
-0.3310	0.6439	0.7240	2.0457
-0.3295	0.6469	0.7260	2.0418
-0.3277	0.6501	0.7280	2.0377
-0.3261	0.6531	0.7300	2.0339
-0.3243	0.6562	0.7320	2.0298
-0.3227	0.6593	0.7340	2.0260
-0.3209	0.6624	0.7360	2.0219
-0.3192	0.6654	0.7380	2.0180
-0.3175	0.6684	0.7400	2.0143
-0.3165	0.6733	0.7440	2.0102
-0.3153	0.6761	0.7460	2.0072
-0.3111	0.6758	0.7440	2.0022
-0.3086	0.6770	0.7440	1.9985
-0.3090	0.6834	0.7500	1.9954
-0.3079	0.6883	0.7540	1.9914
-0.3060	0.6913	0.7560	1.9876
-0.3040	0.6944	0.7580	1.9834
-0.3021	0.6974	0.7600	1.9796
-0.3001	0.7004	0.7620	1.9756
-0.2990	0.7053	0.7660	1.9717
-0.2968	0.7083	0.7680	1.9676
-0.2955	0.7110	0.7700	1.9646
-0.2935	0.7140	0.7720	1.9608
-0.2913	0.7171	0.7740	1.9567
-0.2901	0.7219	0.7780	1.9529
-0.2881	0.7248	0.7800	1.9491
-0.2858	0.7279	0.7820	1.9450
-0.2838	0.7308	0.7840	1.9412
-0.2823	0.7357	0.7880	1.9371
-0.2801	0.7387	0.7900	1.9333
-0.2778	0.7417	0.7920	1.9292
-0.2770	0.7463	0.7960	1.9262
-0.2748	0.7492	0.7980	1.9224
-0.2731	0.7541	0.8020	1.9182
-0.2709	0.7570	0.8040	1.9144
-0.2691	0.7619	0.8080	1.9104
-0.2669	0.7648	0.8100	1.9065
-0.2644	0.7678	0.8120	1.9024
-0.2628	0.7725	0.8160	1.8987
-0.2617	0.7771	0.8200	1.8956
-0.2593	0.7800	0.8220	1.8918
-0.2574	0.7849	0.8260	1.8878
-0.2551	0.7877	0.8280	1.8839
-0.2530	0.7926	0.8320	1.8798
-0.2512	0.7974	0.8360	1.8760
-0.2486	0.8003	0.8380	1.8719
-0.2467	0.8051	0.8420	1.8681
-0.2439	0.8080	0.8440	1.8640
-0.2427	0.8125	0.8480	1.8610
-0.2401	0.8154	0.8500	1.8572
-0.2379	0.8202	0.8540	1.8530
-0.2359	0.8249	0.8580	1.8493
-0.2336	0.8298	0.8620	1.8452
-0.2309	0.8326	0.8640	1.8414
-0.2286	0.8374	0.8680	1.8373
-0.2264	0.8421	0.8720	1.8335
-0.2240	0.8469	0.8760	1.8294
-0.2227	0.8513	0.8800	1.8267
-0.2202	0.8561	0.8840	1.8226
-0.2179	0.8608	0.8880	1.8187
-0.2153	0.8656	0.8920	1.8146
-0.2130	0.8703	0.8960	1.8109
-0.2099	0.8731	0.8980	1.8067
-0.2075	0.8778	0.9020	1.8029
-0.2048	0.8826	0.9060	1.7988
-0.2024	0.8872	0.9100	1.7950
-0.2010	0.8937	0.9160	1.7920
-0.1982	0.8984	0.9200	1.7880
-0.1956	0.9031	0.9240	1.7841
-0.1931	0.9097	0.9300	1.7800
-0.1905	0.9144	0.9340	1.7762
-0.1872	0.9171	0.9360	1.7721
-0.1844	0.9217	0.9400	1.7683
-0.1829	0.9282	0.9460	1.7653
-0.1804	0.9347	0.9520	1.7615
-0.1773	0.9394	0.9560	1.7574
-0.1748	0.9460	0.9620	1.7535
-0.1717	0.9506	0.9660	1.7495
-0.1691	0.9572	0.9720	1.7457
-0.1658	0.9618	0.9760	1.7415
-0.1632	0.9684	0.9820	1.7377
-0.1609	0.9728	0.9860	1.7347
-0.1579	0.9794	0.9920	1.7306
-0.1551	0.9859	0.9980	1.7269
0.8594	0.3052	0.9120	0.3412
0.8625	0.3025	0.9140	0.3374
0.8618	0.2983	0.9120	0.3333
0.8595	0.2928	0.9080	0.3284
0.8568	0.2883	0.9040	0.3245
0.8541	0.2838	0.9000	0.3208
0.8533	0.2796	0.8980	0.3167
0.8487	0.2745	0.8920	0.3128
0.8460	0.2698	0.8880	0.3087
0.8432	0.2654	0.8840	0.3050
0.8424	0.2614	0.8820	0.3009
0.8398	0.2561	0.8780	0.2960
0.8370	0.2517	0.8740	0.2921
0.8341	0.2474	0.8700	0.2883
0.8332	0.2434	0.8680	0.2842
0.8302	0.2391	0.8640	0.2804
0.8293	0.2352	0.8620	0.2763
0.8263	0.2309	0.8580	0.2725
0.8253	0.2272	0.8560	0.2686
0.8223	0.2228	0.8520	0.2646
0.8193	0.2186	0.8480	0.2608
0.8185	0.2141	0.8460	0.2559
0.8155	0.2098	0.8420	0.2518
0.8143	0.2061	0.8400	0.2479
0.8132	0.2023	0.8380	0.2438
0.8101	0.1983	0.8340	0.2401
0.8089	0.1947	0.8320	0.2362
0.8058	0.1905	0.8280	0.2321
0.8046	0.1869	0.8260	0.2283
0.8014	0.1828	0.8220	0.2242
0.8002	0.1793	0.8200	0.2204
0.7971	0.1745	0.8160	0.2155
0.7958	0.1710	0.8140	0.2117
0.7946	0.1673	0.8120	0.2076
0.7932	0.1639	0.8100	0.2037
0.7900	0.1599	0.8060	0.1997
0.7886	0.1565	0.8040	0.1959
0.7873	0.1531	0.8020	0.1920
0.7859	0.1494	0.8000	0.1879
0.7826	0.1457	0.7960	0.1841
0.7812	0.1422	0.7940	0.1801
0.7799	0.1380	0.7920	0.1752
0.7784	0.1347	0.7900	0.1713
0.7770	0.1311	0.7880	0.1672
0.7755	0.1278	0.7860	0.1634
0.7740	0.1245	0.7840	0.1595
0.7726	0.1211	0.7820	0.1555
0.7691	0.1175	0.7780	0.1517
0.7656	0.1138	0.7740	0.1475
0.7640	0.1106	0.7720	0.1438
0.7625	0.1072	0.7700	0.1397
0.7591	0.1029	0.7660	0.1348
0.7594	0.1000	0.7660	0.1310
0.7598	0.0969	0.7660	0.1268
0.7563	0.0933	0.7620	0.1227
0.7546	0.0902	0.7600	0.1190
0.7530	0.0869	0.7580	0.1149
0.7513	0.0838	0.7560	0.1110
0.7497	0.0805	0.7540	0.1070
0.7480	0.0772	0.7520	0.1029
0.7463	0.0742	0.7500	0.0990
0.7446	0.0709	0.7480	0.0949
0.7429	0.0679	0.7460	0.0912
0.7413	0.0638	0.7440	0.0859
0.7395	0.0609	0.7420	0.0822
0.7377	0.0577	0.7400	0.0780
0.7360	0.0545	0.7380	0.0739
0.7362	0.0518	0.7380	0.0702
0.7344	0.0486	0.7360	0.0661
0.7326	0.0456	0.7340	0.0622
0.7308	0.0425	0.7320	0.0581
0.7289	0.0395	0.7300	0.0541
0.7271	0.0366	0.7280	0.0502
0.7272	0.0336	0.7280	0.0461
0.7254	0.0307	0.7260	0.0423
0.7235	0.0277	0.7240	0.0383
0.7216	0.0241	0.7220	0.0334
0.7197	0.0211	0.7200	0.0292
0.7178	0.0182	0.7180	0.0254
0.7178	0.0153	0.7180	0.0213
0.7159	0.0124	0.7160	0.0173
0.7139	0.0096	0.7140	0.0134
0.7120	0.0066	0.7120	0.0093
0.7100	0.0037	0.7100	0.0053
0.7100	0.0010	0.7100	0.0014
0.7080	-0.0019	0.7080	-0.0027
0.7060	-0.0046	0.7060	-0.0065
0.7060	-0.0074	0.7060	-0.0105
0.7039	-0.0103	0.7040	-0.0147
0.7019	-0.0137	0.7020	-0.0196
0.6998	-0.0164	0.7000	-0.0234
0.6997	-0.0193	0.7000	-0.0275
0.6977	-0.0220	0.6980	-0.0315
0.6956	-0.0246	0.6960	-0.0354
0.6955	-0.0275	0.6960	-0.0395
0.6933	-0.0303	0.6940	-0.0436
0.6932	-0.0329	0.6940	-0.0474
0.6911	-0.0356	0.6920	-0.0515
0.6889	-0.0382	0.6900	-0.0553
0.6888	-0.0410	0.6900	-0.0594
0.6866	-0.0436	0.6880	-0.0635
0.6844	-0.0461	0.6860	-0.0673
0.6823	-0.0488	0.6840	-0.0714
0.6821	-0.0514	0.6840	-0.0753
0.6798	-0.0548	0.6820	-0.0804
0.6796	-0.0573	0.6820	-0.0842
0.6774	-0.0600	0.6800	-0.0883
0.6771	-0.0626	0.6800	-0.0921
0.6749	-0.0652	0.6780	-0.0963
0.6746	-0.0679	0.6780	-0.1003
0.6723	-0.0703	0.6760	-0.1041
0.6720	-0.0730	0.6760	-0.1082
0.6698	-0.0755	0.6740	-0.1123
0.6695	-0.0781	0.6740	-0.1161
0.6671	-0.0806	0.6720	-0.1202
0.6668	-0.0832	0.6720	-0.1241
0.6645	-0.0856	0.6700	-0.1281
0.6622	-0.0881	0.6680	-0.1322
0.6618	-0.0906	0.6680	-0.1360
0.6614	-0.0933	0.6680	-0.1402
0.6591	-0.0955	0.6660	-0.1439
0.6587	-0.0982	0.6660	-0.1480
0.6563	-0.1011	0.6640	-0.1529
0.6558	-0.1038	0.6640	-0.1570
0.6535	-0.1060	0.6620	-0.1609
0.6530	-0.1087	0.6620	-0.1649
0.6506	-0.1110	0.6600	-0.1690
0.6502	-0.1135	0.6600	-0.1729
0.6477	-0.1158	0.6580	-0.1770
0.6472	-0.1185	0.6580	-0.1810
0.6468	-0.1209	0.6580	-0.1848
0.6443	-0.1232	0.6560	-0.1890
0.6438	-0.1257	0.6560	-0.1928
0.6414	-0.1279	0.6540	-0.1968
0.6408	-0.1305	0.6540	-0.2010
0.6403	-0.1330	0.6540	-0.2048
0.6378	-0.1352	0.6520	-0.2088
0.6373	-0.1376	0.6520	-0.2126
0.6367	-0.1402	0.6520	-0.2168
0.6342	-0.1424	0.6500	-0.2209
0.6337	-0.1448	0.6500	-0.2246
0.6350	-0.1479	0.6520	-0.2288
0.6344	-0.1505	0.6520	-0.2329
0.6338	-0.1528	0.6520	-0.2366
0.6293	-0.1545	0.6480	-0.2407
0.6247	-0.1566	0.6440	-0.2456
0.6221	-0.1587	0.6420	-0.2498
0.6214	-0.1612	0.6420	-0.2539
0.6227	-0.1643	0.6440	-0.2579
0.6220	-0.1668	0.6440	-0.2620
0.6213	-0.1694	0.6440	-0.2661
0.6206	-0.1719	0.6440	-0.2702
0.6199	-0.1744	0.6440	-0.2743
0.6173	-0.1764	0.6420	-0.2784
0.6166	-0.1789	0.6420	-0.2824
0.6177	-0.1820	0.6440	-0.2866
0.6188	-0.1853	0.6460	-0.2910
0.6143	-0.1867	0.6420	-0.2950
0.6135	-0.1892	0.6420	-0.2991
0.6146	-0.1923	0.6440	-0.3032
0.6157	-0.1954	0.6460	-0.3073
0.6092	-0.1961	0.6400	-0.3114
0.6046	-0.1974	0.6360	-0.3155
0.6019	-0.1992	0.6340	-0.3195
0.6030	-0.2023	0.6360	-0.3237
0.6002	-0.2041	0.6340	-0.3278
0.5994	-0.2065	0.6340	-0.3318
0.5985	-0.2092	0.6340	-0.3362
0.5977	-0.2116	0.6340	-0.3403
0.5928	-0.2132	0.6300	-0.3452
0.5882	-0.2142	0.6260	-0.3493
0.5854	-0.2161	0.6240	-0.3537
0.5864	-0.2192	0.6260	-0.3577
0.5892	-0.2230	0.6300	-0.3618
0.5883	-0.2254	0.6300	-0.3660
0.5874	-0.2278	0.6300	-0.3700
0.5864	-0.2302	0.6300	-0.3741
0.5855	-0.2326	0.6300	-0.3782
0.5845	-0.2350	0.6300	-0.3822
0.5856	-0.2377	0.6320	-0.3856
0.5846	-0.2401	0.6320	-0.3896
0.5816	-0.2422	0.6300	-0.3945
0.5805	-0.2447	0.6300	-0.3989
0.5795	-0.2471	0.6300	-0.4031
0.5785	-0.2494	0.6300	-0.4071
0.5775	-0.2518	0.6300	-0.4112
0.5764	-0.2542	0.6300	-0.4153
0.5754	-0.2565	0.6300	-0.4194
0.5743	-0.2589	0.6300	-0.4235
0.5733	-0.2613	0.6300	-0.4276
0.5722	-0.2636	0.6300	-0.4316
0.5711	-0.2659	0.6300	-0.4357
0.5700	-0.2684	0.6300	-0.4401
0.5689	-0.2707	0.6300	-0.4442
0.5659	-0.2722	0.6280	-0.4483
0.5666	-0.2754	0.6300	-0.4523
0.5655	-0.2777	0.6300	-0.4565
0.5644	-0.2800	0.6300	-0.4606
0.5632	-0.2823	0.6300	-0.4646
0.5621	-0.2846	0.6300	-0.4687
0.5609	-0.2869	0.6300	-0.4728
0.5579	-0.2883	0.6280	-0.4769
0.5567	-0.2906	0.6280	-0.4810
0.5555	-0.2930	0.6280	-0.4854
0.5543	-0.2952	0.6280	-0.4894
0.5530	-0.2975	0.6280	-0.4936
0.5536	-0.3008	0.6300	-0.4977
0.5524	-0.3030	0.6300	-0.5017
0.5511	-0.3053	0.6300	-0.5058
0.5498	-0.3075	0.6300	-0.5100
0.5486	-0.3097	0.6300	-0.5140
0.5473	-0.3120	0.6300	-0.5181
0.5460	-0.3142	0.6300	-0.5222
0.5448	-0.3164	0.6300	-0.5263
0.5434	-0.3188	0.6300	-0.5307
0.5421	-0.3210	0.6300	-0.5347
0.5407	-0.3233	0.6300	-0.5388
0.5394	-0.3255	0.6300	-0.5429
0.5381	-0.3277	0.6300	-0.5470
0.5367	-0.3299	0.6300	-0.5511
0.5354	-0.3321	0.6300	-0.5552
0.5360	-0.3349	0.6320	-0.5585
0.5346	-0.3371	0.6320	-0.5626
0.5313	-0.3386	0.6300	-0.5675
0.5298	-0.3409	0.6300	-0.5718
0.5304	-0.3436	0.6320	-0.5749
0.5290	-0.3458	0.6320	-0.5789
0.5276	-0.3479	0.6320	-0.5830
0.5262	-0.3501	0.6320	-0.5871
0.5247	-0.3522	0.6320	-0.5912
0.5249	-0.3555	0.6340	-0.5953
0.5234	-0.3578	0.6340	-0.5996
0.5219	-0.3599	0.6340	-0.6037
0.5204	-0.3621	0.6340	-0.6078
0.5190	-0.3642	0.6340	-0.6119
0.5175	-0.3663	0.6340	-0.6160
0.5160	-0.3684	0.6340	-0.6201
0.5161	-0.3717	0.6360	-0.6241
0.5146	-0.3738	0.6360	-0.6283
0.5130	-0.3759	0.6360	-0.6324
0.5115	-0.3780	0.6360	-0.6364
0.5098	-0.3802	0.6360	-0.6408
0.5098	-0.3835	0.6380	-0.6449
0.5084	-0.3854	0.6380	-0.6487
0.5084	-0.3887	0.6400	-0.6528
0.5085	-0.3919	0.6420	-0.6566
0.5069	-0.3940	0.6420	-0.6608
0.5070	-0.3971	0.6440	-0.6645
0.5054	-0.3991	0.6440	-0.6683
0.5054	-0.4024	0.6460	-0.6725
0.5023	-0.4031	0.6440	-0.6763
0.4975	-0.4026	0.6400	-0.6803
0.4944	-0.4032	0.6380	-0.6842
0.4943	-0.4065	0.6400	-0.6883
0.4943	-0.4097	0.6420	-0.6921
0.4911	-0.4104	0.6400	-0.6961
0.4880	-0.4110	0.6380	-0.7000
0.4878	-0.4143	0.6400	-0.7041
0.4877	-0.4175	0.6420	-0.7079
0.4876	-0.4207	0.6440	-0.7120
0.4859	-0.4226	0.6440	-0.7158
0.4842	-0.4246	0.6440	-0.7199
0.4841	-0.4278	0.6460	-0.7238
0.4843	-0.4305	0.6480	-0.7267
0.4825	-0.4325	0.6480	-0.7308
0.4824	-0.4357	0.6500	-0.7346
0.4806	-0.4377	0.6500	-0.7387
0.4789	-0.4395	0.6500	-0.7425
0.4787	-0.4427	0.6520	-0.7464
0.4769	-0.4446	0.6520	-0.7504
0.4752	-0.4464	0.6520	-0.7542
0.4748	-0.4498	0.6540	-0.7584
0.4731	-0.4516	0.6540	-0.7622
0.4712	-0.4535	0.6540	-0.7662
0.4695	-0.4553	0.6540	-0.7701
0.4690	-0.4586	0.6560	-0.7742
0.4687	-0.4618	0.6580	-0.7780
0.4668	-0.4637	0.6580	-0.7820
0.4651	-0.4655	0.6580	-0.7859
0.4645	-0.4688	0.6600	-0.7900
0.4627	-0.4706	0.6600	-0.7938
0.4622	-0.4739	0.6620	-0.7979
0.4604	-0.4757	0.6620	-0.8017
0.4584	-0.4776	0.6620	-0.8058
0.4580	-0.4808	0.6640	-0.8097
0.4561	-0.4826	0.6640	-0.8137
0.4559	-0.4855	0.6660	-0.8167
0.4541	-0.4872	0.6660	-0.8205
0.4536	-0.4904	0.6680	-0.8243
0.4516	-0.4922	0.6680	-0.8284
0.4510	-0.4954	0.6700	-0.8323
0.4490	-0.4973	0.6700	-0.8363
0.4471	-0.4990	0.6700	-0.8401
0.4464	-0.5023	0.6720	-0.8443
0.4458	-0.5055	0.6740	-0.8481
0.4451	-0.5088	0.6760	-0.8521
0.4431	-0.5105	0.6760	-0.8560
0.4410	-0.5123	0.6760	-0.8601
0.4403	-0.5155	0.6780	-0.8639
0.4383	-0.5173	0.6780	-0.8679
0.4376	-0.5205	0.6800	-0.8718
0.4367	-0.5239	0.6820	-0.8759
0.4347	-0.5255	0.6820	-0.8797
0.4326	-0.5273	0.6820	-0.8838
0.4322	-0.5302	0.6840	-0.8868
0.4315	-0.5333	0.6860	-0.8906
0.4307	-0.5365	0.6880	-0.8944
0.4285	-0.5383	0.6880	-0.8985
0.4276	-0.5415	0.6900	-0.9024
0.4267	-0.5448	0.6920	-0.9064
0.4246	-0.5464	0.6920	-0.9102
0.4236	-0.5498	0.6940	-0.9143
0.4214	-0.5514	0.6940	-0.9182
0.4204	-0.5547	0.6960	-0.9222
0.4195	-0.5579	0.6980	-0.9260
0.4184	-0.5612	0.7000	-0.9302
0.4162	-0.5628	0.7000	-0.9340
0.4151	-0.5661	0.7020	-0.9380
0.4130	-0.5677	0.7020	-0.9419
0.4124	-0.5706	0.7040	-0.9449
0.4113	-0.5738	0.7060	-0.9490
0.4102	-0.5770	0.7080	-0.9528
0.4090	-0.5804	0.7100	-0.9569
0.4068	-0.5819	0.7100	-0.9607
0.4056	-0.5852	0.7120	-0.9648
0.4033	-0.5868	0.7120	-0.9686
0.4022	-0.5900	0.7140	-0.9724
0.4009	-0.5932	0.7160	-0.9765
0.3998	-0.5964	0.7180	-0.9803
0.3984	-0.5997	0.7200	-0.9844
0.3972	-0.6029	0.7220	-0.9883
0.3965	-0.6058	0.7240	-0.9912
0.3940	-0.6074	0.7240	-0.9954
0.3928	-0.6106	0.7260	-0.9992
0.3914	-0.6139	0.7280	-1.0032
0.3901	-0.6170	0.7300	-1.0071
0.3875	-0.6186	0.7300	-1.0112
0.3862	-0.6218	0.7320	-1.0150
0.3847	-0.6251	0.7340	-1.0190
0.3834	-0.6283	0.7360	-1.0229
0.3818	-0.6315	0.7380	-1.0270
0.3803	-0.6348	0.7400	-1.0310
0.3779	-0.6362	0.7400	-1.0349
0.3773	-0.6412	0.7440	-1.0390
0.3764	-0.6441	0.7460	-1.0420
0.3747	-0.6474	0.7480	-1.0461
0.3732	-0.6505	0.7500	-1.0499
0.3706	-0.6520	0.7500	-1.0539
0.3689	-0.6553	0.7520	-1.0581
0.3674	-0.6585	0.7540	-1.0619
0.3657	-0.6617	0.7560	-1.0659
0.3639	-0.6649	0.7580	-1.0700
0.3623	-0.6681	0.7600	-1.0739
0.3614	-0.6731	0.7640	-1.0780
0.3599	-0.6762	0.7660	-1.0817
0.3580	-0.6795	0.7680	-1.0859
0.3552	-0.6809	0.7680	-1.0900
0.3550	-0.6855	0.7720	-1.0930
0.3533	-0.6887	0.7740	-1.0968
0.3514	-0.6919	0.7760	-1.1009
0.3495	-0.6951	0.7780	-1.1049
0.3477	-0.6982	0.7800	-1.1088
0.3457	-0.7014	0.7820	-1.1129
0.3437	-0.7046	0.7840	-1.1169
0.3419	-0.7077	0.7860	-1.1208
0.3398	-0.7109	0.7880	-1.1249
0.3378	-0.7142	0.7900	-1.1290
0.3359	-0.7172	0.7920	-1.1327
0.3346	-0.7201	0.7940	-1.1358
0.3325	-0.7232	0.7960	-1.1398
0.3304	-0.7264	0.7980	-1.1440
0.3292	-0.7313	0.8020	-1.1478
0.3271	-0.7345	0.8040	-1.1518
0.3249	-0.7376	0.8060	-1.1560
0.3236	-0.7425	0.8100	-1.1598
0.3221	-0.7475	0.8140	-1.1639
0.3201	-0.7506	0.8160	-1.1676
0.3178	-0.7537	0.8180	-1.1718
0.3163	-0.7565	0.8200	-1.1747
0.3140	-0.7597	0.8220	-1.1789
0.3126	-0.7646	0.8260	-1.1827
0.3102	-0.7677	0.8280	-1.1868
0.3078	-0.7708	0.8300	-1.1908
0.3056	-0.7738	0.8320	-1.1947
0.3031	-0.7770	0.8340	-1.1988
0.3014	-0.7819	0.8380	-1.2028
0.2999	-0.7868	0.8420	-1.2067
0.2973	-0.7899	0.8440	-1.2108
0.2964	-0.7945	0.8480	-1.2138
0.2938	-0.7976	0.8500	-1.2179
0.2921	-0.8025	0.8540	-1.2217
0.2895	-0.8055	0.8560	-1.2257
0.2876	-0.8105	0.8600	-1.2299
0.2851	-0.8135	0.8620	-1.2337
0.2831	-0.8184	0.8660	-1.2377
0.2804	-0.8215	0.8680	-1.2419
0.2785	-0.8263	0.8720	-1.2457
0.2757	-0.8294	0.8740	-1.2498
0.2737	-0.8343	0.8780	-1.2538
0.2723	-0.8389	0.8820	-1.2569
0.2698	-0.8418	0.8840	-1.2606
0.2675	-0.8467	0.8880	-1.2648
0.2652	-0.8517	0.8920	-1.2689
0.2625	-0.8546	0.8940	-1.2727
0.2603	-0.8595	0.8980	-1.2768
0.2581	-0.8643	0.9020	-1.2806
0.2557	-0.8692	0.9060	-1.2847
0.2527	-0.8721	0.9080	-1.2887
0.2517	-0.8787	0.9140	-1.2918
0.2495	-0.8834	0.9180	-1.2955
0.2464	-0.8864	0.9200	-1.2997
0.2438	-0.8913	0.9240	-1.3038
0.2414	-0.8960	0.9280	-1.3076
0.2388	-0.9009	0.9320	-1.3116
0.2361	-0.9057	0.9360	-1.3158
0.2336	-0.9105	0.9400	-1.3196
0.2310	-0.9153	0.9440	-1.3236
0.2291	-0.9199	0.9480	-1.3267
0.2264	-0.9247	0.9520	-1.3307
0.2237	-0.9294	0.9560	-1.3346
0.2213	-0.9362	0.9620	-1.3387
0.2183	-0.9410	0.9660	-1.3428
0.2157	-0.9457	0.9700	-1.3465
0.2131	-0.9524	0.9760	-1.3507
0.2100	-0.9572	0.9800	-1.3548
0.2080	-0.9618	0.9840	-1.3578
0.2056	-0.9684	0.9900	-1.3616
0.2025	-0.9732	0.9940	-1.3656
0.1993	-0.9779	0.9980	-1.3697
-0.2054	-0.6713	0.7020	-1.8677
-0.2082	-0.6704	0.7020	-1.8718
-0.2107	-0.6696	0.7020	-1.8757
-0.2134	-0.6688	0.7020	-1.8797
-0.2156	-0.6660	0.7000	-1.8838
-0.2181	-0.6652	0.7000	-1.8877
-0.2213	-0.6683	0.7040	-1.8906
-0.2254	-0.6712	0.7080	-1.8948
-0.2313	-0.6797	0.7180	-1.8988
-0.2379	-0.6923	0.7320	-1.9018
-0.2446	-0.7048	0.7460	-1.9048
-0.2526	-0.7189	0.7620	-1.9087
-0.2601	-0.7332	0.7780	-1.9116
-0.2683	-0.7494	0.7960	-1.9146
-0.2775	-0.7652	0.8140	-1.9187
-0.2867	-0.7832	0.8340	-1.9217
-0.2953	-0.7992	0.8520	-1.9248
-0.3062	-0.8186	0.8740	-1.9288
-0.3165	-0.8382	0.8960	-1.9319
-0.3268	-0.8578	0.9180	-1.9348
-0.3380	-0.8771	0.9400	-1.9387
-0.3501	-0.9003	0.9660	-1.9416
-0.3622	-0.9235	0.9920	-1.9446
-0.9044	-0.4173	0.9960	-2.7093
-0.9006	-0.4111	0.9900	-2.7134
-0.8968	-0.4050	0.9840	-2.7174
-0.8952	-0.3989	0.9800	-2.7224
-0.8913	-0.3928	0.9740	-2.7265
-0.8892	-0.3876	0.9700	-2.7306
-0.8853	-0.3815	0.9640	-2.7347
-0.8831	-0.3764	0.9600	-2.7387
-0.8810	-0.3712	0.9560	-2.7429
-0.8770	-0.3652	0.9500	-2.7470
-0.8746	-0.3604	0.9460	-2.7507
-0.8709	-0.3536	0.9400	-2.7559
-0.8687	-0.3486	0.9360	-2.7600
-0.8645	-0.3428	0.9300	-2.7641
-0.8640	-0.3385	0.9280	-2.7682
-0.8616	-0.3338	0.9240	-2.7720
-0.8574	-0.3281	0.9180	-2.7761
-0.8550	-0.3231	0.9140	-2.7802
-0.8529	-0.3173	0.9100	-2.7854
-0.8504	-0.3125	0.9060	-2.7894
-0.8478	-0.3079	0.9020	-2.7933
-0.8453	-0.3030	0.8980	-2.7974
-0.8428	-0.2983	0.8940	-2.8014
-0.8402	-0.2935	0.8900	-2.8056
-0.8376	-0.2887	0.8860	-2.8097
-0.8350	-0.2840	0.8820	-2.8137
-0.8326	-0.2786	0.8780	-2.8187
-0.8318	-0.2746	0.8760	-2.8227
-0.8292	-0.2700	0.8720	-2.8268
-0.8265	-0.2653	0.8680	-2.8310
-0.8237	-0.2608	0.8640	-2.8350
-0.8229	-0.2568	0.8620	-2.8391
-0.8201	-0.2522	0.8580	-2.8432
-0.8173	-0.2477	0.8540	-2.8473
-0.8163	-0.2440	0.8520	-2.8511
-0.8135	-0.2395	0.8480	-2.8552
-0.8109	-0.2342	0.8440	-2.8604
-0.8080	-0.2298	0.8400	-2.8645
-0.8070	-0.2260	0.8380	-2.8685
-0.8040	-0.2218	0.8340	-2.8724
-0.8010	-0.2175	0.8300	-2.8765
-0.7961	-0.2127	0.8240	-2.8805
-0.7950	-0.2089	0.8220	-2.8847
-0.7939	-0.2051	0.8200	-2.8888
-0.7930	-0.2007	0.8180	-2.8937
-0.7919	-0.1970	0.8160	-2.8978
-0.7888	-0.1928	0.8120	-2.9018
-0.7876	-0.1891	0.8100	-2.9059
-0.7864	-0.1854	0.8080	-2.9101
-0.7833	-0.1813	0.8040	-2.9141
-0.7821	-0.1777	0.8020	-2.9182
-0.7789	-0.1736	0.7980	-2.9223
-0.7776	-0.1702	0.7960	-2.9261
-0.7763	-0.1666	0.7940	-2.9302
-0.7733	-0.1618	0.7900	-2.9354
-0.7720	-0.1582	0.7880	-2.9395
-0.7706	-0.1547	0.7860	-2.9435
-0.7673	-0.1507	0.7820	-2.9476
-0.7659	-0.1474	0.7800	-2.9515
-0.7646	-0.1439	0.7780	-2.9556
-0.7632	-0.1404	0.7760	-2.9596
-0.7618	-0.1369	0.7740	-2.9637
-0.7604	-0.1334	0.7720	-2.9679
-0.7589	-0.1300	0.7700	-2.9719
-0.7556	-0.1257	0.7660	-2.9768
-0.7542	-0.1222	0.7640	-2.9809
-0.7527	-0.1188	0.7620	-2.9850
-0.7512	-0.1155	0.7600	-2.9891
-0.7497	-0.1121	0.7580	-2.9932
-0.7481	-0.1089	0.7560	-2.9970
-0.7466	-0.1056	0.7540	-3.0011
-0.7450	-0.1023	0.7520	-3.0052
-0.7434	-0.0989	0.7500	-3.0093
-0.7419	-0.0956	0.7480	-3.0134
-0.7403	-0.0924	0.7460	-3.0174
-0.7387	-0.0885	0.7440	-3.0223
-0.7371	-0.0852	0.7420	-3.0264
-0.7157	-0.0786	0.7200	-3.0322
-0.7140	-0.0754	0.7180	-3.0363
-0.7123	-0.0724	0.7160	-3.0403
-0.7106	-0.0692	0.7140	-3.0445
-0.7089	-0.0661	0.7120	-3.0486
-0.7072	-0.0631	0.7100	-3.0526
-0.7055	-0.0600	0.7080	-3.0567
-0.7037	-0.0569	0.7060	-3.0609
-0.7019	-0.0539	0.7040	-3.0649
-0.7021	-0.0513	0.7040	-3.0687
-0.7004	-0.0475	0.7020	-3.0739
-0.6986	-0.0445	0.7000	-3.0780
-0.6968	-0.0417	0.6980	-3.0819
-0.6949	-0.0387	0.6960	-3.0859
-0.6951	-0.0361	0.6960	-3.0897
-0.6912	-0.0330	0.6920	-3.0938
-0.6893	-0.0303	0.6900	-3.0977
-0.6874	-0.0276	0.6880	-3.1014
-0.6876	-0.0248	0.6880	-3.1055
-0.6856	-0.0221	0.6860	-3.1094
-0.6837	-0.0192	0.6840	-3.1135
-0.6818	-0.0158	0.6820	-3.1184
-0.6819	-0.0132	0.6820	-3.1222
-0.6799	-0.0104	0.6800	-3.1263
-0.6780	-0.0078	0.6780	-3.1301
-0.6760	-0.0052	0.6760	-3.1339
-0.6760	-0.0024	0.6760	-3.1380
-0.5700	-0.0051	0.5700	-3.1326
-0.5680	-0.0028	0.5680	-3.1366
-0.5680	-0.0007	0.5680	-3.1404
-0.2845	-0.0173	0.2850	-3.0810
-0.6229	-0.0362	0.6240	-3.0835
-0.6131	-0.0327	0.6140	-3.0884
-0.6033	-0.0298	0.6040	-3.0922
-0.5934	-0.0264	0.5940	-3.0971
-0.5855	-0.0238	0.5860	-3.1009
-0.5776	-0.0207	0.5780	-3.1058
-0.5697	-0.0176	0.5700	-3.1107
-0.5618	-0.0152	0.5620	-3.1146
-0.5539	-0.0123	0.5540	-3.1194
-0.5459	-0.0094	0.5460	-3.1243
-0.5380	-0.0072	0.5380	-3.1282
-0.5300	-0.0045	0.5300	-3.1331
-0.5240	-0.0025	0.5240	-3.1369
-0.9613	-0.1133	0.9680	-3.0242
-0.9658	-0.1098	0.9720	-3.0284
-0.9722	-0.1068	0.9780	-3.0322
-0.9784	-0.1045	0.9840	-3.0352
-0.9848	-0.1014	0.9900	-3.0390
-0.9912	-0.0979	0.9960	-3.0431
