x	y	r	phi
-0.5280	0.0018	0.5280	3.1381
-0.5280	0.0040	0.5280	3.1340
-0.5300	0.0060	0.5300	3.1302
-0.5299	0.0082	0.5300	3.1261
-0.5319	0.0104	0.5320	3.1220
-0.5319	0.0124	0.5320	3.1182
-0.5318	0.0146	0.5320	3.1141
-0.5337	0.0167	0.5340	3.1102
-0.5357	0.0184	0.5360	3.1073
-0.5356	0.0206	0.5360	3.1031
-0.5375	0.0228	0.5380	3.0991
-0.5374	0.0249	0.5380	3.0953
-0.5393	0.0272	0.5400	3.0912
-0.5392	0.0293	0.5400	3.0873
-0.5411	0.0316	0.5420	3.0833
-0.5409	0.0338	0.5420	3.0792
-0.5428	0.0360	0.5440	3.0753
-0.5447	0.0383	0.5460	3.0713
-0.5445	0.0404	0.5460	3.0675
-0.5464	0.0422	0.5480	3.0645
-0.5482	0.0446	0.5500	3.0604
-0.5480	0.0469	0.5500	3.0563
-0.5498	0.0492	0.5520	3.0524
-0.5516	0.0516	0.5540	3.0484
-0.5534	0.0539	0.5560	3.0446
-0.5532	0.0561	0.5560	3.0404
-0.5549	0.0586	0.5580	3.0364
-0.5567	0.0605	0.5600	3.0334
-0.5585	0.0629	0.5620	3.0295
-0.5582	0.0651	0.5620	3.0255
-0.5560	0.0670	0.5600	3.0217
-0.5577	0.0695	0.5620	3.0175
-0.5594	0.0720	0.5640	3.0135
-0.5611	0.0745	0.5660	3.0097
-0.5608	0.0768	0.5660	3.0055
-0.5625	0.0792	0.5680	3.0017
-0.5621	0.0815	0.5680	2.9977
-0.5618	0.0836	0.5680	2.9939
-0.5655	0.0859	0.5720	2.9909
-0.5671	0.0885	0.5740	2.9868
-0.5707	0.0915	0.5780	2.9826
-0.5704	0.0937	0.5780	2.9788
-0.5700	0.0960	0.5780	2.9748
-0.5716	0.0985	0.5800	2.9709
-0.5731	0.1012	0.5820	2.9668
-0.5747	0.1039	0.5840	2.9628
-0.5763	0.1060	0.5860	2.9597
-0.5779	0.1086	0.5880	2.9559
-0.5794	0.1113	0.5900	2.9519
-0.5790	0.1135	0.5900	2.9480
-0.5805	0.1163	0.5920	2.9439
-0.5820	0.1190	0.5940	2.9399
-0.5835	0.1216	0.5960	2.9360
-0.5849	0.1245	0.5980	2.9319
-0.5865	0.1266	0.6000	2.9289
-0.5860	0.1289	0.6000	2.9251
-0.5874	0.1317	0.6020	2.9210
-0.5908	0.1350	0.6060	2.9170
-0.5922	0.1377	0.6080	2.9131
-0.5936	0.1406	0.6100	2.9090
-0.5950	0.1433	0.6120	2.9052
-0.5963	0.1462	0.6140	2.9011
-0.5978	0.1485	0.6160	2.8981
-0.5992	0.1514	0.6180	2.8940
-0.6005	0.1542	0.6200	2.8902
-0.5999	0.1567	0.6200	2.8861
-0.6031	0.1600	0.6240	2.8823
-0.6044	0.1630	0.6260	2.8782
-0.6057	0.1660	0.6280	2.8741
-0.6070	0.1688	0.6300	2.8703
-0.6084	0.1712	0.6320	2.8673
-0.6096	0.1742	0.6340	2.8632
-0.6128	0.1777	0.6380	2.8593
-0.6140	0.1807	0.6400	2.8553
-0.6151	0.1838	0.6420	2.8512
-0.6163	0.1868	0.6440	2.8474
-0.6175	0.1898	0.6460	2.8433
-0.6188	0.1923	0.6480	2.8403
-0.6219	0.1958	0.6520	2.8365
-0.6230	0.1990	0.6540	2.8324
-0.6241	0.2022	0.6560	2.8283
-0.6252	0.2052	0.6580	2.8244
-0.6281	0.2090	0.6620	2.8204
-0.6292	0.2120	0.6640	2.8166
-0.6305	0.2145	0.6660	2.8136
-0.6334	0.2184	0.6700	2.8095
-0.6344	0.2217	0.6720	2.8054
-0.6373	0.2255	0.6760	2.8015
-0.6383	0.2287	0.6780	2.7975
-0.6411	0.2325	0.6820	2.7937
-0.6423	0.2351	0.6840	2.7907
-0.6432	0.2385	0.6860	2.7866
-0.6460	0.2423	0.6900	2.7827
-0.6469	0.2456	0.6920	2.7787
-0.6497	0.2497	0.6960	2.7746
-0.6506	0.2530	0.6980	2.7708
-0.6532	0.2571	0.7020	2.7666
-0.6543	0.2598	0.7040	2.7637
-0.6570	0.2640	0.7080	2.7595
-0.6577	0.2675	0.7100	2.7552
-0.6584	0.2710	0.7120	2.7511
-0.6628	0.2760	0.7180	2.7471
-0.6654	0.2803	0.7220	2.7429
-0.6664	0.2830	0.7240	2.7400
-0.6671	0.2866	0.7260	2.7359
-0.6695	0.2911	0.7300	2.7314
-0.6719	0.2954	0.7340	2.7274
-0.6744	0.2998	0.7380	2.7233
-0.6768	0.3042	0.7420	2.7192
-0.6774	0.3077	0.7440	2.7151
-0.6801	0.3115	0.7480	2.7121
-0.6823	0.3161	0.7520	2.7078
-0.6847	0.3206	0.7560	2.7036
-0.6870	0.3251	0.7600	2.6996
-0.6892	0.3296	0.7640	2.6955
-0.6915	0.3342	0.7680	2.6914
-0.6941	0.3380	0.7720	2.6884
-0.6944	0.3419	0.7740	2.6841
-0.6984	0.3474	0.7800	2.6800
-0.7005	0.3521	0.7840	2.6758
-0.7009	0.3558	0.7860	2.6718
-0.7047	0.3614	0.7920	2.6677
-0.7072	0.3654	0.7960	2.6647
-0.7092	0.3701	0.8000	2.6606
-0.7111	0.3751	0.8040	2.6562
-0.7131	0.3799	0.8080	2.6522
-0.7151	0.3847	0.8120	2.6480
-0.7188	0.3905	0.8180	2.6439
-0.7211	0.3946	0.8220	2.6409
-0.7230	0.3995	0.8260	2.6368
-0.7265	0.4055	0.8320	2.6325
-0.7283	0.4105	0.8360	2.6284
-0.7301	0.4154	0.8400	2.6244
-0.7336	0.4214	0.8460	2.6202
-0.7375	0.4265	0.8520	2.6173
-0.7392	0.4316	0.8560	2.6131
-0.7408	0.4369	0.8600	2.6087
-0.7442	0.4429	0.8660	2.6047
-0.7458	0.4481	0.8700	2.6006
-0.7490	0.4542	0.8760	2.5965
-0.7511	0.4585	0.8800	2.5935
-0.7543	0.4648	0.8860	2.5894
-0.7557	0.4701	0.8900	2.5850
-0.7588	0.4765	0.8960	2.5809
-0.7620	0.4827	0.9020	2.5769
-0.7650	0.4891	0.9080	2.5728
-0.7686	0.4946	0.9140	2.5698
-0.7699	0.4999	0.9180	2.5657
-0.7728	0.5066	0.9240	2.5614
-0.7757	0.5130	0.9300	2.5572
-0.7786	0.5196	0.9360	2.5531
-0.7814	0.5260	0.9420	2.5491
-0.7848	0.5318	0.9480	2.5460
-0.7892	0.5395	0.9560	2.5420
-0.7919	0.5461	0.9620	2.5379
-0.7945	0.5530	0.9680	2.5335
-0.7971	0.5597	0.9740	2.5294
-0.7997	0.5664	0.9800	2.5253
-0.8029	0.5723	0.9860	2.5223
-0.8070	0.5803	0.9940	2.5182
0.4040	0.9082	0.9940	1.1522
0.4069	0.9047	0.9920	1.1482
0.4122	0.9067	0.9960	1.1441
0.4143	0.9013	0.9920	1.1399
0.4146	0.8924	0.9840	1.1359
0.4173	0.8867	0.9800	1.1309
0.4200	0.8832	0.9780	1.1269
0.4225	0.8798	0.9760	1.1231
0.4244	0.8744	0.9720	1.1189
0.4262	0.8691	0.9680	1.1149
0.4280	0.8638	0.9640	1.1108
0.4288	0.8567	0.9580	1.1067
0.4312	0.8532	0.9560	1.1028
0.4356	0.8533	0.9580	1.0988
0.4382	0.8497	0.9560	1.0947
0.4389	0.8425	0.9500	1.0906
0.4402	0.8351	0.9440	1.0857
0.4446	0.8373	0.9480	1.0827
0.4471	0.8337	0.9460	1.0786
0.4466	0.8226	0.9360	1.0734
0.4469	0.8156	0.9300	1.0696
0.4501	0.8138	0.9300	1.0655
0.4535	0.8119	0.9300	1.0614
0.4559	0.8083	0.9280	1.0573
0.4569	0.8031	0.9240	1.0536
0.4592	0.7995	0.9220	1.0494
0.4625	0.7976	0.9220	1.0453
0.4667	0.7975	0.9240	1.0413
0.4670	0.7904	0.9180	1.0372
0.4657	0.7795	0.9080	1.0323
0.4658	0.7724	0.9020	1.0282
0.4700	0.7722	0.9040	1.0240
0.4729	0.7704	0.9040	1.0203
0.4750	0.7668	0.9020	1.0162
0.4771	0.7631	0.9000	1.0120
0.4781	0.7578	0.8960	1.0080
0.4801	0.7542	0.8940	1.0039
0.4819	0.7506	0.8920	1.0001
0.4839	0.7469	0.8900	0.9959
0.4869	0.7450	0.8900	0.9919
0.4889	0.7413	0.8880	0.9878
0.4875	0.7326	0.8800	0.9837
0.4888	0.7269	0.8760	0.9788
0.4929	0.7266	0.8780	0.9747
0.4945	0.7231	0.8760	0.9709
0.4964	0.7194	0.8740	0.9668
0.4982	0.7157	0.8720	0.9627
0.4999	0.7120	0.8700	0.9586
0.5005	0.7067	0.8660	0.9545
0.5033	0.7048	0.8660	0.9507
0.5049	0.7011	0.8640	0.9467
0.5066	0.6974	0.8620	0.9425
0.5083	0.6937	0.8600	0.9384
0.5099	0.6900	0.8580	0.9344
0.5114	0.6865	0.8560	0.9306
0.5130	0.6828	0.8540	0.9264
0.5146	0.6790	0.8520	0.9223
0.5161	0.6754	0.8500	0.9183
0.5189	0.6732	0.8500	0.9142
0.5197	0.6675	0.8460	0.9093
0.5212	0.6638	0.8440	0.9051
0.5225	0.6602	0.8420	0.9013
0.5239	0.6566	0.8400	0.8973
0.5241	0.6513	0.8360	0.8932
0.5268	0.6491	0.8360	0.8890
0.5294	0.6470	0.8360	0.8850
0.5294	0.6419	0.8320	0.8812
0.5307	0.6382	0.8300	0.8771
0.5333	0.6360	0.8300	0.8730
0.5346	0.6323	0.8280	0.8689
0.5359	0.6285	0.8260	0.8648
0.5370	0.6250	0.8240	0.8609
0.5395	0.6228	0.8240	0.8569
0.5408	0.6191	0.8220	0.8528
0.5420	0.6153	0.8200	0.8487
0.5437	0.6112	0.8180	0.8438
0.5448	0.6075	0.8160	0.8398
0.5460	0.6038	0.8140	0.8356
0.5484	0.6015	0.8140	0.8315
0.5494	0.5979	0.8120	0.8277
0.5504	0.5942	0.8100	0.8237
0.5515	0.5905	0.8080	0.8195
0.5539	0.5882	0.8080	0.8154
0.5549	0.5845	0.8060	0.8114
0.5572	0.5824	0.8060	0.8075
0.5582	0.5787	0.8040	0.8034
0.5591	0.5750	0.8020	0.7994
0.5615	0.5727	0.8020	0.7953
0.5624	0.5689	0.8000	0.7912
0.5633	0.5652	0.7980	0.7871
0.5655	0.5631	0.7980	0.7833
0.5664	0.5593	0.7960	0.7792
0.5687	0.5570	0.7960	0.7750
0.5695	0.5533	0.7940	0.7710
0.5717	0.5510	0.7940	0.7669
0.5730	0.5468	0.7920	0.7620
0.5752	0.5444	0.7920	0.7579
0.5774	0.5421	0.7920	0.7539
0.5805	0.5417	0.7940	0.7508
0.5827	0.5393	0.7940	0.7468
0.5810	0.5324	0.7880	0.7418
0.5816	0.5287	0.7860	0.7377
0.5838	0.5263	0.7860	0.7336
0.5830	0.5212	0.7820	0.7295
0.5836	0.5175	0.7800	0.7255
0.5827	0.5125	0.7760	0.7214
0.5817	0.5076	0.7720	0.7175
0.5852	0.5066	0.7740	0.7135
0.5873	0.5041	0.7740	0.7094
0.5909	0.5030	0.7760	0.7052
0.5914	0.4993	0.7740	0.7012
0.5934	0.4969	0.7740	0.6971
0.5953	0.4946	0.7740	0.6933
0.5974	0.4922	0.7740	0.6891
0.5993	0.4898	0.7740	0.6851
0.5998	0.4860	0.7720	0.6810
0.6018	0.4835	0.7720	0.6769
0.6022	0.4799	0.7700	0.6728
0.6040	0.4776	0.7700	0.6690
0.6060	0.4751	0.7700	0.6649
0.6069	0.4707	0.7680	0.6597
0.6071	0.4671	0.7660	0.6559
0.6089	0.4647	0.7660	0.6518
0.6109	0.4622	0.7660	0.6477
0.6128	0.4597	0.7660	0.6436
0.6146	0.4572	0.7660	0.6396
0.6149	0.4535	0.7640	0.6355
0.6166	0.4511	0.7640	0.6316
0.6168	0.4474	0.7620	0.6276
0.6186	0.4449	0.7620	0.6235
0.6188	0.4412	0.7600	0.6193
0.6206	0.4387	0.7600	0.6153
0.6257	0.4384	0.7640	0.6112
0.6290	0.4372	0.7660	0.6074
0.6275	0.4323	0.7620	0.6032
0.6243	0.4264	0.7560	0.5992
0.6227	0.4216	0.7520	0.5951
0.6245	0.4190	0.7520	0.5910
0.6278	0.4176	0.7540	0.5869
0.6311	0.4163	0.7560	0.5831
0.6328	0.4137	0.7560	0.5790
0.6344	0.4111	0.7560	0.5750
0.6345	0.4074	0.7540	0.5708
0.6361	0.4048	0.7540	0.5667
0.6378	0.4022	0.7540	0.5627
0.6393	0.3998	0.7540	0.5588
0.6409	0.3971	0.7540	0.5547
0.6409	0.3934	0.7520	0.5506
0.6424	0.3909	0.7520	0.5466
0.6440	0.3882	0.7520	0.5425
0.6456	0.3856	0.7520	0.5383
0.6454	0.3821	0.7500	0.5346
0.6469	0.3795	0.7500	0.5305
0.6502	0.3778	0.7520	0.5263
0.6517	0.3752	0.7520	0.5223
0.6533	0.3725	0.7520	0.5182
0.6531	0.3688	0.7500	0.5141
0.6545	0.3663	0.7500	0.5102
0.6559	0.3637	0.7500	0.5062
0.6574	0.3609	0.7500	0.5021
0.6589	0.3582	0.7500	0.4980
0.6604	0.3556	0.7500	0.4939
0.6618	0.3528	0.7500	0.4898
0.6632	0.3503	0.7500	0.4860
0.6646	0.3476	0.7500	0.4820
0.6660	0.3449	0.7500	0.4778
0.6674	0.3421	0.7500	0.4737
0.6688	0.3395	0.7500	0.4697
0.6702	0.3367	0.7500	0.4656
0.6697	0.3332	0.7480	0.4617
0.6710	0.3305	0.7480	0.4576
0.6724	0.3278	0.7480	0.4536
0.6719	0.3241	0.7460	0.4495
0.6732	0.3213	0.7460	0.4453
0.6763	0.3195	0.7480	0.4413
0.6776	0.3169	0.7480	0.4375
0.6789	0.3141	0.7480	0.4333
0.6801	0.3114	0.7480	0.4293
0.6796	0.3077	0.7460	0.4252
0.6826	0.3059	0.7480	0.4214
0.6838	0.3031	0.7480	0.4172
0.6850	0.3006	0.7480	0.4135
0.6862	0.2977	0.7480	0.4094
0.6856	0.2941	0.7460	0.4053
0.6867	0.2915	0.7460	0.4015
0.6879	0.2887	0.7460	0.3974
0.6890	0.2861	0.7460	0.3936
0.6920	0.2840	0.7480	0.3894
0.6930	0.2814	0.7480	0.3857
0.6961	0.2793	0.7500	0.3816
0.6972	0.2764	0.7500	0.3775
0.6964	0.2730	0.7480	0.3736
0.6975	0.2702	0.7480	0.3696
0.6985	0.2675	0.7480	0.3658
0.7015	0.2654	0.7500	0.3616
0.7006	0.2620	0.7480	0.3578
0.7036	0.2598	0.7500	0.3538
0.7046	0.2569	0.7500	0.3497
0.7056	0.2542	0.7500	0.3458
0.7085	0.2521	0.7520	0.3418
0.7095	0.2493	0.7520	0.3380
0.7105	0.2464	0.7520	0.3338
0.7114	0.2437	0.7520	0.3300
0.7124	0.2408	0.7520	0.3260
0.7134	0.2379	0.7520	0.3218
0.7143	0.2351	0.7520	0.3180
0.7153	0.2322	0.7520	0.3139
0.7180	0.2301	0.7540	0.3102
0.7190	0.2272	0.7540	0.3060
0.7198	0.2244	0.7540	0.3022
0.7208	0.2214	0.7540	0.2981
0.7216	0.2185	0.7540	0.2940
0.7225	0.2158	0.7540	0.2902
0.7253	0.2133	0.7560	0.2861
0.7261	0.2106	0.7560	0.2823
0.7269	0.2076	0.7560	0.2782
0.7277	0.2048	0.7560	0.2744
0.7305	0.2024	0.7580	0.2703
0.7313	0.1994	0.7580	0.2662
0.7321	0.1966	0.7580	0.2624
0.7329	0.1936	0.7580	0.2583
0.7336	0.1908	0.7580	0.2544
0.7363	0.1883	0.7600	0.2504
0.7370	0.1855	0.7600	0.2466
0.7378	0.1825	0.7600	0.2425
0.7404	0.1800	0.7620	0.2384
0.7411	0.1771	0.7620	0.2346
0.7419	0.1741	0.7620	0.2305
0.7425	0.1712	0.7620	0.2266
0.7451	0.1687	0.7640	0.2226
0.7458	0.1658	0.7640	0.2188
0.7484	0.1632	0.7660	0.2147
0.7491	0.1601	0.7660	0.2105
0.7497	0.1573	0.7660	0.2068
0.7523	0.1546	0.7680	0.2027
0.7529	0.1517	0.7680	0.1988
0.7553	0.1499	0.7700	0.1959
0.7559	0.1467	0.7700	0.1917
0.7564	0.1438	0.7700	0.1879
0.7590	0.1412	0.7720	0.1839
0.7596	0.1380	0.7720	0.1798
0.7621	0.1355	0.7740	0.1759
0.7626	0.1323	0.7740	0.1718
0.7651	0.1298	0.7760	0.1681
0.7656	0.1267	0.7760	0.1639
0.7680	0.1240	0.7780	0.1601
0.7685	0.1209	0.7780	0.1561
0.7690	0.1178	0.7780	0.1520
0.7695	0.1148	0.7780	0.1481
0.7759	0.1125	0.7840	0.1440
0.7743	0.1093	0.7820	0.1403
0.7728	0.1059	0.7800	0.1361
0.7752	0.1032	0.7820	0.1323
0.7776	0.1002	0.7840	0.1282
0.7799	0.0973	0.7860	0.1242
0.7803	0.0943	0.7860	0.1203
0.7827	0.0914	0.7880	0.1162
0.7830	0.0884	0.7880	0.1124
0.7854	0.0854	0.7900	0.1083
0.7896	0.0834	0.7940	0.1053
0.7919	0.0807	0.7960	0.1015
0.7922	0.0774	0.7960	0.0974
0.7925	0.0741	0.7960	0.0933
0.7928	0.0711	0.7960	0.0895
0.7931	0.0679	0.7960	0.0854
0.7934	0.0649	0.7960	0.0816
0.7956	0.0618	0.7980	0.0775
0.7958	0.0587	0.7980	0.0736
0.7941	0.0554	0.7960	0.0696
0.7963	0.0522	0.7980	0.0655
0.8005	0.0494	0.8020	0.0616
0.8047	0.0464	0.8060	0.0576
0.8068	0.0434	0.8080	0.0538
0.8090	0.0402	0.8100	0.0497
0.8092	0.0370	0.8100	0.0456
0.8093	0.0336	0.8100	0.0415
0.8094	0.0303	0.8100	0.0374
0.8115	0.0271	0.8120	0.0334
0.8137	0.0238	0.8140	0.0292
0.8137	0.0202	0.8140	0.0248
0.8158	0.0170	0.8160	0.0208
0.8179	0.0136	0.8180	0.0167
0.8199	0.0112	0.8200	0.0137
0.8200	0.0079	0.8200	0.0096
0.8220	0.0045	0.8220	0.0055
0.8240	0.0009	0.8240	0.0012
0.8260	-0.0025	0.8260	-0.0030
0.8280	-0.0058	0.8280	-0.0070
0.8299	-0.0092	0.8300	-0.0111
0.8299	-0.0127	0.8300	-0.0152
0.8318	-0.0160	0.8320	-0.0193
0.8338	-0.0195	0.8340	-0.0234
0.8357	-0.0230	0.8360	-0.0275
0.8376	-0.0264	0.8380	-0.0315
0.8395	-0.0300	0.8400	-0.0357
0.8413	-0.0335	0.8420	-0.0398
0.8412	-0.0371	0.8420	-0.0441
0.8430	-0.0407	0.8440	-0.0482
0.8448	-0.0443	0.8460	-0.0523
0.8467	-0.0469	0.8480	-0.0553
0.8485	-0.0505	0.8500	-0.0594
0.8483	-0.0539	0.8500	-0.0635
0.8500	-0.0578	0.8520	-0.0679
0.8518	-0.0614	0.8540	-0.0719
0.8535	-0.0650	0.8560	-0.0760
0.8552	-0.0687	0.8580	-0.0802
0.8570	-0.0723	0.8600	-0.0842
0.8586	-0.0760	0.8620	-0.0883
0.8623	-0.0799	0.8660	-0.0924
0.8640	-0.0836	0.8680	-0.0964
0.8656	-0.0873	0.8700	-0.1006
0.8672	-0.0911	0.8720	-0.1047
0.8669	-0.0946	0.8720	-0.1087
0.8684	-0.0987	0.8740	-0.1131
0.8700	-0.1025	0.8760	-0.1173
0.8716	-0.1062	0.8780	-0.1213
0.8752	-0.1094	0.8820	-0.1243
0.8787	-0.1134	0.8860	-0.1284
0.8881	-0.1184	0.8960	-0.1325
0.9356	-0.3475	0.9980	-0.3556
0.9324	-0.3502	0.9960	-0.3593
0.9328	-0.3548	0.9980	-0.3635
0.8951	-0.3579	0.9640	-0.3804
0.8808	-0.3560	0.9500	-0.3842
0.8774	-0.3589	0.9480	-0.3883
0.8742	-0.3615	0.9460	-0.3921
0.8727	-0.3650	0.9460	-0.3962
0.8750	-0.3699	0.9500	-0.4000
0.8772	-0.3751	0.9540	-0.4041
0.8794	-0.3801	0.9580	-0.4079
0.8815	-0.3852	0.9620	-0.4120
0.8836	-0.3904	0.9660	-0.4161
0.8857	-0.3955	0.9700	-0.4199
0.8877	-0.4008	0.9740	-0.4240
0.8917	-0.4066	0.9800	-0.4278
0.8941	-0.4110	0.9840	-0.4309
0.8960	-0.4162	0.9880	-0.4349
0.8981	-0.4214	0.9920	-0.4387
0.9017	-0.4277	0.9980	-0.4428
0.5595	-0.7603	0.9440	-0.9364
0.5566	-0.7625	0.9440	-0.9402
0.5534	-0.7648	0.9440	-0.9444
0.5492	-0.7703	0.9460	-0.9515
-0.3297	-0.4403	0.5500	-2.2135
-0.3338	-0.4422	0.5540	-2.2174
-0.3355	-0.4408	0.5540	-2.2214
-0.3374	-0.4394	0.5540	-2.2255
-0.3378	-0.4366	0.5520	-2.2294
-0.3384	-0.4336	0.5500	-2.2335
-0.3401	-0.4322	0.5500	-2.2375
-0.3407	-0.4293	0.5480	-2.2416
-0.3423	-0.4279	0.5480	-2.2455
-0.3433	-0.4246	0.5460	-2.2506
-0.3449	-0.4233	0.5460	-2.2545
-0.3466	-0.4219	0.5460	-2.2585
-0.3470	-0.4189	0.5440	-2.2626
-0.3474	-0.4161	0.5420	-2.2665
-0.3490	-0.4147	0.5420	-2.2705
-0.3494	-0.4117	0.5400	-2.2746
-0.3511	-0.4102	0.5400	-2.2787
-0.3514	-0.4074	0.5380	-2.2826
-0.3530	-0.4060	0.5380	-2.2866
-0.3534	-0.4030	0.5360	-2.2907
-0.3551	-0.4015	0.5360	-2.2948
-0.3557	-0.3983	0.5340	-2.2997
-0.3573	-0.3969	0.5340	-2.3038
-0.3589	-0.3954	0.5340	-2.3079
-0.3593	-0.3923	0.5320	-2.3123
-0.3609	-0.3909	0.5320	-2.3163
-0.3611	-0.3879	0.5300	-2.3204
-0.3627	-0.3864	0.5300	-2.3246
-0.3643	-0.3850	0.5300	-2.3286
-0.3645	-0.3820	0.5280	-2.3327
-0.3661	-0.3805	0.5280	-2.3368
-0.3662	-0.3776	0.5260	-2.3409
-0.3677	-0.3761	0.5260	-2.3450
-0.3679	-0.3731	0.5240	-2.3491
-0.3694	-0.3717	0.5240	-2.3531
-0.3699	-0.3683	0.5220	-2.3583
-0.3724	-0.3686	0.5240	-2.3614
-0.3729	-0.3653	0.5220	-2.3665
-0.3729	-0.3624	0.5200	-2.3706
-0.3744	-0.3608	0.5200	-2.3747
-0.3759	-0.3593	0.5200	-2.3788
-0.3774	-0.3578	0.5200	-2.3828
-0.3774	-0.3548	0.5180	-2.3870
-0.3788	-0.3533	0.5180	-2.3911
-0.3803	-0.3518	0.5180	-2.3951
-0.3802	-0.3488	0.5160	-2.3992
-0.3817	-0.3473	0.5160	-2.4034
-0.3831	-0.3457	0.5160	-2.4074
-0.3830	-0.3428	0.5140	-2.4115
-0.3844	-0.3412	0.5140	-2.4156
-0.3858	-0.3397	0.5140	-2.4197
-0.3873	-0.3380	0.5140	-2.4241
-0.3874	-0.3348	0.5120	-2.4290
-0.3888	-0.3332	0.5120	-2.4331
-0.3901	-0.3316	0.5120	-2.4371
-0.3915	-0.3300	0.5120	-2.4412
-0.3913	-0.3271	0.5100	-2.4454
-0.3926	-0.3255	0.5100	-2.4494
-0.3940	-0.3239	0.5100	-2.4535
-0.3953	-0.3222	0.5100	-2.4578
-0.3959	-0.3199	0.5090	-2.4619
-0.3964	-0.3177	0.5080	-2.4661
-0.3977	-0.3161	0.5080	-2.4701
-0.3982	-0.3138	0.5070	-2.4742
-0.3987	-0.3115	0.5060	-2.4783
-0.4000	-0.3099	0.5060	-2.4824
-0.4012	-0.3083	0.5060	-2.4865
-0.4025	-0.3066	0.5060	-2.4906
-0.4037	-0.3050	0.5060	-2.4946
-0.4042	-0.3027	0.5050	-2.4988
-0.4046	-0.3005	0.5040	-2.5029
-0.4059	-0.2988	0.5040	-2.5069
-0.4071	-0.2972	0.5040	-2.5110
-0.4075	-0.2949	0.5030	-2.5152
-0.4087	-0.2932	0.5030	-2.5192
-0.4099	-0.2916	0.5030	-2.5233
-0.4111	-0.2899	0.5030	-2.5274
-0.4114	-0.2876	0.5020	-2.5315
-0.4121	-0.2849	0.5010	-2.5367
-0.4133	-0.2832	0.5010	-2.5408
-0.4144	-0.2815	0.5010	-2.5449
-0.4156	-0.2798	0.5010	-2.5490
-0.4167	-0.2781	0.5010	-2.5530
-0.4178	-0.2764	0.5010	-2.5571
-0.4190	-0.2747	0.5010	-2.5613
-0.4192	-0.2725	0.5000	-2.5653
-0.4204	-0.2706	0.5000	-2.5697
-0.4215	-0.2689	0.5000	-2.5737
-0.4218	-0.2666	0.4990	-2.5779
-0.4229	-0.2649	0.4990	-2.5820
-0.4239	-0.2632	0.4990	-2.5860
-0.4250	-0.2614	0.4990	-2.5901
-0.4252	-0.2592	0.4980	-2.5942
-0.4263	-0.2575	0.4980	-2.5983
-0.4273	-0.2557	0.4980	-2.6024
-0.4284	-0.2539	0.4980	-2.6065
-0.4294	-0.2522	0.4980	-2.6105
-0.4296	-0.2499	0.4970	-2.6147
-0.4297	-0.2477	0.4960	-2.6188
-0.4316	-0.2464	0.4970	-2.6228
-0.4326	-0.2446	0.4970	-2.6269
-0.4328	-0.2424	0.4960	-2.6311
-0.4337	-0.2406	0.4960	-2.6351
-0.4347	-0.2388	0.4960	-2.6392
-0.4348	-0.2366	0.4950	-2.6433
-0.4358	-0.2347	0.4950	-2.6477
-0.4368	-0.2329	0.4950	-2.6518
-0.4378	-0.2311	0.4950	-2.6559
-0.4387	-0.2293	0.4950	-2.6599
-0.4405	-0.2280	0.4960	-2.6640
-0.4406	-0.2257	0.4950	-2.6682
-0.4415	-0.2239	0.4950	-2.6722
-0.4424	-0.2221	0.4950	-2.6763
-0.4433	-0.2203	0.4950	-2.6804
-0.4442	-0.2185	0.4950	-2.6845
-0.4442	-0.2162	0.4940	-2.6886
-0.4460	-0.2148	0.4950	-2.6927
-0.4468	-0.2131	0.4950	-2.6965
-0.4476	-0.2113	0.4950	-2.7006
-0.4484	-0.2096	0.4950	-2.7044
-0.4493	-0.2077	0.4950	-2.7085
-0.4501	-0.2059	0.4950	-2.7126
-0.4500	-0.2038	0.4940	-2.7164
-0.4518	-0.2023	0.4950	-2.7205
-0.4525	-0.2006	0.4950	-2.7243
-0.4533	-0.1988	0.4950	-2.7284
-0.4541	-0.1970	0.4950	-2.7322
-0.4549	-0.1952	0.4950	-2.7363
-0.4557	-0.1933	0.4950	-2.7404
-0.4573	-0.1920	0.4960	-2.7442
-0.4581	-0.1901	0.4960	-2.7483
-0.4589	-0.1883	0.4960	-2.7522
-0.4587	-0.1861	0.4950	-2.7562
-0.4604	-0.1846	0.4960	-2.7603
-0.4620	-0.1832	0.4970	-2.7641
-0.4618	-0.1809	0.4960	-2.7682
-0.4625	-0.1792	0.4960	-2.7720
-0.4632	-0.1773	0.4960	-2.7761
-0.4639	-0.1755	0.4960	-2.7800
-0.4656	-0.1740	0.4970	-2.7840
-0.4663	-0.1720	0.4970	-2.7881
-0.4660	-0.1699	0.4960	-2.7919
-0.4676	-0.1683	0.4970	-2.7961
-0.4692	-0.1669	0.4980	-2.7998
-0.4699	-0.1650	0.4980	-2.8039
-0.4706	-0.1630	0.4980	-2.8080
-0.4721	-0.1616	0.4990	-2.8119
-0.4728	-0.1597	0.4990	-2.8159
-0.4734	-0.1578	0.4990	-2.8197
-0.4740	-0.1559	0.4990	-2.8239
-0.4756	-0.1544	0.5000	-2.8277
-0.4762	-0.1525	0.5000	-2.8317
-0.4759	-0.1502	0.4990	-2.8359
-0.4774	-0.1487	0.5000	-2.8397
-0.4789	-0.1470	0.5010	-2.8437
-0.4795	-0.1452	0.5010	-2.8475
-0.4801	-0.1432	0.5010	-2.8517
-0.4807	-0.1412	0.5010	-2.8558
-0.4812	-0.1394	0.5010	-2.8595
-0.4826	-0.1382	0.5020	-2.8626
-0.4831	-0.1363	0.5020	-2.8666
-0.4837	-0.1344	0.5020	-2.8705
-0.4852	-0.1327	0.5030	-2.8746
-0.4857	-0.1309	0.5030	-2.8784
-0.4872	-0.1292	0.5040	-2.8824
-0.4887	-0.1274	0.5050	-2.8866
-0.4892	-0.1255	0.5050	-2.8904
-0.4897	-0.1236	0.5050	-2.8944
-0.4901	-0.1217	0.5050	-2.8983
-0.4906	-0.1196	0.5050	-2.9024
-0.4921	-0.1179	0.5060	-2.9065
-0.4935	-0.1162	0.5070	-2.9102
-0.4940	-0.1142	0.5070	-2.9144
-0.4944	-0.1123	0.5070	-2.9182
-0.4958	-0.1105	0.5080	-2.9223
-0.4962	-0.1086	0.5080	-2.9261
-0.4977	-0.1068	0.5090	-2.9302
-0.4991	-0.1050	0.5100	-2.9343
-0.4995	-0.1030	0.5100	-2.9381
-0.5009	-0.1012	0.5110	-2.9422
-0.5003	-0.0991	0.5100	-2.9460
-0.5026	-0.0974	0.5120	-2.9501
-0.5030	-0.0954	0.5120	-2.9542
-0.5034	-0.0935	0.5120	-2.9580
-0.5038	-0.0914	0.5120	-2.9621
-0.5060	-0.0903	0.5140	-2.9651
-0.5064	-0.0883	0.5140	-2.9689
-0.5067	-0.0862	0.5140	-2.9730
-0.5070	-0.0843	0.5140	-2.9768
-0.5094	-0.0826	0.5160	-2.9809
-0.5097	-0.0805	0.5160	-2.9850
-0.5120	-0.0788	0.5180	-2.9889
-0.5123	-0.0767	0.5180	-2.9929
-0.5126	-0.0748	0.5180	-2.9967
-0.5129	-0.0727	0.5180	-3.0008
-0.5151	-0.0709	0.5200	-3.0049
-0.5154	-0.0689	0.5200	-3.0087
-0.5177	-0.0670	0.5220	-3.0128
-0.5179	-0.0650	0.5220	-3.0167
-0.5182	-0.0630	0.5220	-3.0207
-0.5184	-0.0610	0.5220	-3.0245
-0.5206	-0.0596	0.5240	-3.0276
-0.5228	-0.0577	0.5260	-3.0316
-0.5231	-0.0556	0.5260	-3.0357
-0.5233	-0.0536	0.5260	-3.0396
-0.5027	-0.0480	0.5050	-3.0464
-0.5039	-0.0461	0.5060	-3.0504
-0.5041	-0.0440	0.5060	-3.0545
-0.5053	-0.0420	0.5070	-3.0587
-0.5074	-0.0402	0.5090	-3.0625
-0.5076	-0.0382	0.5090	-3.0665
-0.5087	-0.0362	0.5100	-3.0706
-0.5089	-0.0341	0.5100	-3.0748
-0.5100	-0.0322	0.5110	-3.0785
-0.5111	-0.0302	0.5120	-3.0826
-0.5112	-0.0281	0.5120	-3.0868
-0.5133	-0.0266	0.5140	-3.0897
-0.5134	-0.0245	0.5140	-3.0938
-0.5135	-0.0225	0.5140	-3.0979
-0.5156	-0.0206	0.5160	-3.1017
-0.5177	-0.0185	0.5180	-3.1058
-0.5177	-0.0164	0.5180	-3.1100
-0.5198	-0.0144	0.5200	-3.1140
-0.5199	-0.0122	0.5200	-3.1181
-0.5199	-0.0102	0.5200	-3.1219
-0.5219	-0.0082	0.5220	-3.1260
-0.5220	-0.0060	0.5220	-3.1301
-0.5240	-0.0045	0.5240	-3.1331
-0.5240	-0.0023	0.5240	-3.1372
-0.5260	-0.0003	0.5260	-3.1410
-0.3630	-0.0012	0.3630	-3.1382
-0.3070	-0.0034	0.3070	-3.1304
-0.3070	-0.0022	0.3070	-3.1345
-0.3070	-0.0009	0.3070	-3.1385
-0.2733	-0.0199	0.2740	-3.0690
-0.2734	-0.0187	0.2740	-3.0731
-0.2744	-0.0177	0.2750	-3.0772
-0.2745	-0.0166	0.2750	-3.0813
-0.2468	-0.0108	0.2470	-3.0979
-0.2468	-0.0098	0.2470	-3.1020
-0.2478	-0.0088	0.2480	-3.1061
-0.2479	-0.0078	0.2480	-3.1101
-0.2489	-0.0071	0.2490	-3.1132
-0.2489	-0.0061	0.2490	-3.1172
-0.2489	-0.0050	0.2490	-3.1214
-0.2500	-0.0040	0.2500	-3.1255
-0.2500	-0.0031	0.2500	-3.1293
-0.2510	-0.0023	0.2510	-3.1326
-0.2520	-0.0013	0.2520	-3.1366
-0.2520	-0.0003	0.2520	-3.1404
-0.2183	-0.0174	0.2190	-3.0622
-0.2194	-0.0168	0.2200	-3.0652
-0.2194	-0.0159	0.2200	-3.0693
-0.2195	-0.0150	0.2200	-3.0733
-0.2205	-0.0142	0.2210	-3.0775
-0.2206	-0.0133	0.2210	-3.0813
-0.2207	-0.0124	0.2210	-3.0854
-0.2207	-0.0115	0.2210	-3.0894
-0.2207	-0.0107	0.2210	-3.0933
-0.2208	-0.0098	0.2210	-3.0974
-0.2208	-0.0089	0.2210	-3.1014
-0.2209	-0.0080	0.2210	-3.1055
-0.1960	-0.0041	0.1960	-3.1208
-0.1970	-0.0036	0.1970	-3.1236
-0.1970	-0.0028	0.1970	-3.1276
-0.1970	-0.0020	0.1970	-3.1314
-0.1970	-0.0012	0.1970	-3.1353
-0.1970	-0.0004	0.1970	-3.1394
-0.1657	-0.0104	0.1660	-3.0791
-0.1657	-0.0097	0.1660	-3.0829
-0.1667	-0.0093	0.1670	-3.0859
-0.1668	-0.0087	0.1670	-3.0897
-0.1668	-0.0080	0.1670	-3.0936
-0.1668	-0.0074	0.1670	-3.0974
-0.1669	-0.0067	0.1670	-3.1012
-0.1669	-0.0061	0.1670	-3.1050
-0.1679	-0.0056	0.1680	-3.1080
-0.1679	-0.0050	0.1680	-3.1118
-0.1679	-0.0044	0.1680	-3.1156
-0.1680	-0.0037	0.1680	-3.1194
-0.1680	-0.0031	0.1680	-3.1233
-0.1680	-0.0024	0.1680	-3.1271
-0.1680	-0.0018	0.1680	-3.1310
-0.1690	-0.0013	0.1690	-3.1339
-0.1690	-0.0006	0.1690	-3.1378
-0.3560	-0.0035	0.3560	-3.1317
-0.3580	-0.0025	0.3580	-3.1345
-0.3600	-0.0011	0.3600	-3.1385
