x	y	r	phi
-0.9980	0.0011	0.9980	3.1405
-0.9980	0.0049	0.9980	3.1367
-0.9960	0.0089	0.9960	3.1327
-0.9959	0.0127	0.9960	3.1288
-0.9959	0.0168	0.9960	3.1247
-0.9958	0.0206	0.9960	3.1209
-0.9957	0.0246	0.9960	3.1169
-0.9956	0.0285	0.9960	3.1130
-0.9955	0.0326	0.9960	3.1089
-0.9953	0.0364	0.9960	3.1051
-0.9972	0.0405	0.9980	3.1010
-0.9930	0.0441	0.9940	3.0972
-0.9888	0.0480	0.9900	3.0931
-0.9866	0.0517	0.9880	3.0892
-0.9844	0.0556	0.9860	3.0852
-0.9842	0.0593	0.9860	3.0814
-0.9840	0.0634	0.9860	3.0773
-0.9817	0.0670	0.9840	3.0734
-0.9794	0.0720	0.9820	3.0682
-0.9812	0.0747	0.9840	3.0656
-0.9828	0.0789	0.9860	3.0614
-0.9825	0.0827	0.9860	3.0576
-0.9822	0.0867	0.9860	3.0536
-0.9799	0.0903	0.9840	3.0497
-0.9815	0.0945	0.9860	3.0456
-0.9811	0.0982	0.9860	3.0418
-0.9807	0.1022	0.9860	3.0378
-0.9783	0.1057	0.9840	3.0339
-0.9779	0.1098	0.9840	3.0298
-0.9774	0.1135	0.9840	3.0260
-0.9748	0.1183	0.9820	3.0208
-0.9744	0.1220	0.9820	3.0171
-0.9760	0.1252	0.9840	3.0140
-0.9755	0.1290	0.9840	3.0101
-0.9728	0.1337	0.9820	3.0050
-0.9723	0.1374	0.9820	3.0012
-0.9739	0.1406	0.9840	2.9982
-0.9733	0.1444	0.9840	2.9943
-0.9728	0.1483	0.9840	2.9903
-0.9722	0.1520	0.9840	2.9865
-0.9715	0.1560	0.9840	2.9823
-0.9688	0.1605	0.9820	2.9775
-0.9681	0.1645	0.9820	2.9733
-0.9697	0.1674	0.9840	2.9706
-0.9690	0.1714	0.9840	2.9665
-0.9683	0.1750	0.9840	2.9628
-0.9676	0.1790	0.9840	2.9587
-0.9669	0.1827	0.9840	2.9548
-0.9661	0.1867	0.9840	2.9507
-0.9654	0.1903	0.9840	2.9470
-0.9666	0.1947	0.9860	2.9428
-0.9698	0.1992	0.9900	2.9390
-0.9650	0.2024	0.9860	2.9349
-0.9581	0.2058	0.9800	2.9300
-0.9593	0.2101	0.9820	2.9260
-0.9626	0.2136	0.9860	2.9232
-0.9597	0.2172	0.9840	2.9191
-0.9567	0.2214	0.9820	2.9142
-0.9559	0.2251	0.9820	2.9103
-0.9549	0.2289	0.9820	2.9063
-0.9541	0.2326	0.9820	2.9025
-0.9553	0.2359	0.9840	2.8995
-0.9543	0.2398	0.9840	2.8954
-0.9553	0.2440	0.9860	2.8916
-0.9543	0.2479	0.9860	2.8874
-0.9534	0.2515	0.9860	2.8837
-0.9543	0.2559	0.9880	2.8796
-0.9533	0.2596	0.9880	2.8757
-0.9503	0.2630	0.9860	2.8716
-0.9493	0.2665	0.9860	2.8679
-0.9482	0.2704	0.9860	2.8638
-0.9510	0.2752	0.9900	2.8599
-0.9499	0.2790	0.9900	2.8559
-0.9469	0.2821	0.9880	2.8521
-0.9476	0.2866	0.9900	2.8479
-0.9465	0.2902	0.9900	2.8441
-0.9472	0.2946	0.9920	2.8401
-0.9461	0.2982	0.9920	2.8362
-0.9468	0.3027	0.9940	2.8321
-0.9494	0.3076	0.9980	2.8283
-0.9482	0.3114	0.9980	2.8243
-0.9394	0.3125	0.9900	2.8204
-0.9343	0.3151	0.9860	2.8163
-0.9350	0.3193	0.9880	2.8125
-0.9393	0.3251	0.9940	2.8084
-0.9400	0.3293	0.9960	2.8046
-0.9386	0.3332	0.9960	2.8005
-0.9392	0.3375	0.9980	2.7966
-0.9378	0.3413	0.9980	2.7926
-0.9365	0.3449	0.9980	2.7888
0.3275	0.4859	0.5860	0.9777
0.3276	0.4810	0.5820	0.9728
0.3261	0.4748	0.5760	0.9690
0.3250	0.4683	0.5700	0.9641
0.3245	0.4638	0.5660	0.9603
0.3229	0.4575	0.5600	0.9561
0.3227	0.4528	0.5560	0.9515
0.3211	0.4466	0.5500	0.9474
0.3209	0.4417	0.5460	0.9425
0.3191	0.4357	0.5400	0.9387
0.3183	0.4312	0.5360	0.9349
0.3181	0.4265	0.5320	0.9300
0.3162	0.4203	0.5260	0.9259
0.3157	0.4157	0.5220	0.9213
0.3150	0.4112	0.5180	0.9171
0.3141	0.4069	0.5140	0.9134
0.3130	0.4014	0.5090	0.9084
0.3121	0.3970	0.5050	0.9047
0.3116	0.3923	0.5010	0.8997
0.3106	0.3880	0.4970	0.8958
0.3096	0.3837	0.4930	0.8918
0.3089	0.3790	0.4890	0.8869
0.3079	0.3748	0.4850	0.8831
0.3078	0.3709	0.4820	0.8782
0.3066	0.3667	0.4780	0.8744
0.3056	0.3624	0.4740	0.8702
0.3053	0.3587	0.4710	0.8656
0.3041	0.3544	0.4670	0.8615
0.3033	0.3499	0.4630	0.8566
0.3026	0.3464	0.4600	0.8528
0.3020	0.3430	0.4570	0.8490
0.3016	0.3393	0.4540	0.8441
0.3009	0.3359	0.4510	0.8402
0.2999	0.3315	0.4470	0.8353
0.2992	0.3280	0.4440	0.8312
0.2984	0.3247	0.4410	0.8275
0.2980	0.3210	0.4380	0.8225
0.2972	0.3177	0.4350	0.8188
0.2963	0.3144	0.4320	0.8149
0.2958	0.3107	0.4290	0.8099
0.2950	0.3073	0.4260	0.8059
0.2948	0.3048	0.4240	0.8021
0.2942	0.3012	0.4210	0.7972
0.2939	0.2986	0.4190	0.7934
0.2933	0.2951	0.4160	0.7885
0.2923	0.2918	0.4130	0.7846
0.2920	0.2892	0.4110	0.7805
0.2913	0.2857	0.4080	0.7756
0.2910	0.2832	0.4060	0.7718
0.2902	0.2796	0.4030	0.7669
0.2891	0.2765	0.4000	0.7631
0.2887	0.2739	0.3980	0.7590
0.2886	0.2712	0.3960	0.7543
0.2882	0.2687	0.3940	0.7503
0.2878	0.2662	0.3920	0.7465
0.2876	0.2634	0.3900	0.7416
0.2856	0.2596	0.3860	0.7377
0.2854	0.2569	0.3840	0.7329
0.2857	0.2551	0.3830	0.7290
0.2852	0.2526	0.3810	0.7249
0.2842	0.2493	0.3780	0.7200
0.2836	0.2468	0.3760	0.7162
0.2838	0.2451	0.3750	0.7123
0.2833	0.2427	0.3730	0.7083
0.2829	0.2400	0.3710	0.7036
0.2823	0.2376	0.3690	0.6995
0.2820	0.2349	0.3670	0.6946
0.2813	0.2326	0.3650	0.6908
0.2806	0.2302	0.3630	0.6870
0.2802	0.2276	0.3610	0.6820
0.2804	0.2258	0.3600	0.6780
0.2797	0.2235	0.3580	0.6742
0.2792	0.2209	0.3560	0.6693
0.2785	0.2186	0.3540	0.6655
0.2785	0.2169	0.3530	0.6616
0.2780	0.2143	0.3510	0.6567
0.2773	0.2119	0.3490	0.6526
0.2773	0.2103	0.3480	0.6488
0.2767	0.2077	0.3460	0.6439
0.2767	0.2060	0.3450	0.6401
0.2759	0.2038	0.3430	0.6363
0.2759	0.2021	0.3420	0.6322
0.2753	0.1996	0.3400	0.6273
0.2744	0.1973	0.3380	0.6235
0.2743	0.1957	0.3370	0.6196
0.2745	0.1938	0.3360	0.6147
0.2744	0.1922	0.3350	0.6109
0.2744	0.1905	0.3340	0.6068
0.2737	0.1880	0.3320	0.6019
0.2735	0.1864	0.3310	0.5981
0.2726	0.1842	0.3290	0.5943
0.2725	0.1825	0.3280	0.5902
0.2726	0.1807	0.3270	0.5853
0.2724	0.1791	0.3260	0.5815
0.2723	0.1775	0.3250	0.5776
0.2715	0.1750	0.3230	0.5728
0.2713	0.1734	0.3220	0.5686
0.2711	0.1718	0.3210	0.5648
0.2709	0.1703	0.3200	0.5611
0.2709	0.1684	0.3190	0.5561
0.2708	0.1668	0.3180	0.5520
0.2705	0.1652	0.3170	0.5482
0.2696	0.1628	0.3150	0.5433
0.2694	0.1613	0.3140	0.5395
0.2692	0.1597	0.3130	0.5354
0.2690	0.1581	0.3120	0.5315
0.2689	0.1563	0.3110	0.5266
0.2686	0.1548	0.3100	0.5228
0.2683	0.1532	0.3090	0.5188
0.2681	0.1517	0.3080	0.5149
0.2671	0.1494	0.3060	0.5100
0.2667	0.1479	0.3050	0.5062
0.2674	0.1468	0.3050	0.5021
0.2670	0.1453	0.3040	0.4983
0.2669	0.1435	0.3030	0.4934
0.2674	0.1425	0.3030	0.4895
0.2662	0.1405	0.3010	0.4855
0.2659	0.1390	0.3000	0.4817
0.2657	0.1372	0.2990	0.4768
0.2653	0.1357	0.2980	0.4729
0.2658	0.1346	0.2980	0.4688
0.2655	0.1332	0.2970	0.4650
0.2652	0.1314	0.2960	0.4601
0.2648	0.1300	0.2950	0.4563
0.2635	0.1280	0.2930	0.4522
0.2640	0.1270	0.2930	0.4484
0.2637	0.1253	0.2920	0.4435
0.2633	0.1239	0.2910	0.4397
0.2629	0.1224	0.2900	0.4356
0.2634	0.1213	0.2900	0.4317
0.2631	0.1196	0.2890	0.4268
0.2626	0.1182	0.2880	0.4230
0.2622	0.1168	0.2870	0.4190
0.2617	0.1153	0.2860	0.4151
0.2614	0.1137	0.2850	0.4102
0.2618	0.1127	0.2850	0.4064
0.2613	0.1112	0.2840	0.4023
0.2618	0.1102	0.2840	0.3985
0.2613	0.1088	0.2830	0.3944
0.2609	0.1071	0.2820	0.3897
0.2604	0.1057	0.2810	0.3857
0.2598	0.1043	0.2800	0.3819
0.2603	0.1033	0.2800	0.3777
0.2598	0.1017	0.2790	0.3731
0.2602	0.1006	0.2790	0.3690
0.2597	0.0993	0.2780	0.3652
0.2591	0.0979	0.2770	0.3613
0.2595	0.0969	0.2770	0.3573
0.2590	0.0953	0.2760	0.3524
0.2585	0.0939	0.2750	0.3486
0.2579	0.0925	0.2740	0.3445
0.2574	0.0910	0.2730	0.3399
0.2578	0.0899	0.2730	0.3358
0.2581	0.0890	0.2730	0.3319
0.2575	0.0876	0.2720	0.3279
0.2569	0.0863	0.2710	0.3241
0.2564	0.0847	0.2700	0.3191
0.2567	0.0837	0.2700	0.3153
0.2570	0.0827	0.2700	0.3112
0.2573	0.0817	0.2700	0.3074
0.2567	0.0804	0.2690	0.3035
0.2570	0.0794	0.2690	0.2995
0.2564	0.0781	0.2680	0.2957
0.2558	0.0766	0.2670	0.2908
0.2551	0.0753	0.2660	0.2870
0.2545	0.0740	0.2650	0.2828
0.2548	0.0730	0.2650	0.2790
0.2550	0.0720	0.2650	0.2753
0.2544	0.0705	0.2640	0.2703
0.2547	0.0695	0.2640	0.2662
0.2550	0.0685	0.2640	0.2624
0.2543	0.0672	0.2630	0.2586
0.2536	0.0659	0.2620	0.2544
0.2529	0.0645	0.2610	0.2496
0.2532	0.0635	0.2610	0.2457
0.2534	0.0625	0.2610	0.2420
0.2527	0.0613	0.2600	0.2379
0.2519	0.0601	0.2590	0.2340
0.2513	0.0586	0.2580	0.2291
0.2515	0.0576	0.2580	0.2253
0.2517	0.0566	0.2580	0.2212
0.2519	0.0557	0.2580	0.2174
0.2521	0.0547	0.2580	0.2136
0.2524	0.0537	0.2580	0.2095
0.2526	0.0527	0.2580	0.2056
0.2518	0.0515	0.2570	0.2016
0.2520	0.0504	0.2570	0.1975
0.2513	0.0490	0.2560	0.1926
0.2505	0.0478	0.2550	0.1885
0.2497	0.0466	0.2540	0.1844
0.2489	0.0451	0.2530	0.1792
0.2501	0.0445	0.2540	0.1762
0.2502	0.0435	0.2540	0.1721
0.2495	0.0421	0.2530	0.1672
0.2487	0.0409	0.2520	0.1631
0.2488	0.0399	0.2520	0.1591
0.2490	0.0389	0.2520	0.1549
0.2482	0.0377	0.2510	0.1508
0.2483	0.0367	0.2510	0.1468
0.2485	0.0357	0.2510	0.1427
0.2476	0.0343	0.2500	0.1378
0.2478	0.0333	0.2500	0.1336
0.2479	0.0323	0.2500	0.1296
0.2480	0.0313	0.2500	0.1255
0.2482	0.0303	0.2500	0.1214
0.2473	0.0292	0.2490	0.1173
0.2474	0.0282	0.2490	0.1135
0.2475	0.0272	0.2490	0.1094
0.2476	0.0262	0.2490	0.1053
0.2477	0.0252	0.2490	0.1012
0.2478	0.0241	0.2490	0.0971
0.2479	0.0231	0.2490	0.0930
0.2480	0.0221	0.2490	0.0890
0.2481	0.0211	0.2490	0.0848
0.2482	0.0201	0.2490	0.0807
0.2473	0.0188	0.2480	0.0758
0.2474	0.0178	0.2480	0.0718
0.2464	0.0167	0.2470	0.0677
0.2455	0.0156	0.2460	0.0636
0.2446	0.0144	0.2450	0.0587
0.2436	0.0133	0.2440	0.0546
0.2437	0.0123	0.2440	0.0505
0.2437	0.0113	0.2440	0.0464
0.2438	0.0103	0.2440	0.0423
0.2438	0.0093	0.2440	0.0383
0.2439	0.0084	0.2440	0.0344
0.2439	0.0074	0.2440	0.0303
0.2439	0.0064	0.2440	0.0263
0.2439	0.0054	0.2440	0.0221
0.2440	0.0044	0.2440	0.0180
0.2440	0.0034	0.2440	0.0140
0.2430	0.0022	0.2430	0.0090
0.2430	0.0012	0.2430	0.0050
0.2430	0.0002	0.2430	0.0009
0.2430	-0.0008	0.2430	-0.0033
0.2430	-0.0018	0.2430	-0.0073
0.2430	-0.0028	0.2430	-0.0114
0.2430	-0.0038	0.2430	-0.0155
0.2420	-0.0047	0.2420	-0.0196
0.2419	-0.0057	0.2420	-0.0234
0.2419	-0.0067	0.2420	-0.0275
0.2419	-0.0076	0.2420	-0.0315
0.2428	-0.0087	0.2430	-0.0357
0.2428	-0.0097	0.2430	-0.0398
0.2428	-0.0106	0.2430	-0.0438
0.2417	-0.0116	0.2420	-0.0479
0.2397	-0.0127	0.2400	-0.0528
0.2396	-0.0137	0.2400	-0.0569
0.2396	-0.0146	0.2400	-0.0611
0.2395	-0.0156	0.2400	-0.0651
0.2394	-0.0166	0.2400	-0.0692
0.2394	-0.0176	0.2400	-0.0733
0.2393	-0.0186	0.2400	-0.0774
0.2392	-0.0195	0.2400	-0.0812
0.2391	-0.0205	0.2400	-0.0853
0.2390	-0.0214	0.2400	-0.0894
0.2390	-0.0224	0.2400	-0.0935
0.2389	-0.0234	0.2400	-0.0976
0.2388	-0.0243	0.2400	-0.1016
0.2387	-0.0253	0.2400	-0.1057
0.2386	-0.0263	0.2400	-0.1099
0.2385	-0.0272	0.2400	-0.1137
0.2383	-0.0282	0.2400	-0.1177
0.2382	-0.0292	0.2400	-0.1219
0.2381	-0.0302	0.2400	-0.1260
0.2380	-0.0311	0.2400	-0.1300
0.2378	-0.0321	0.2400	-0.1341
0.2377	-0.0331	0.2400	-0.1383
0.2376	-0.0340	0.2400	-0.1423
0.2374	-0.0350	0.2400	-0.1464
0.2373	-0.0359	0.2400	-0.1502
0.2372	-0.0369	0.2400	-0.1543
0.2370	-0.0379	0.2400	-0.1584
0.2368	-0.0388	0.2400	-0.1625
0.2367	-0.0398	0.2400	-0.1665
0.2355	-0.0406	0.2390	-0.1707
0.2354	-0.0416	0.2390	-0.1748
0.2362	-0.0427	0.2400	-0.1788
0.2360	-0.0437	0.2400	-0.1829
0.2358	-0.0446	0.2400	-0.1868
0.2356	-0.0455	0.2400	-0.1909
0.2355	-0.0465	0.2400	-0.1949
0.2353	-0.0474	0.2400	-0.1987
0.2341	-0.0482	0.2390	-0.2029
0.2339	-0.0491	0.2390	-0.2067
0.2337	-0.0500	0.2390	-0.2107
0.2335	-0.0509	0.2390	-0.2146
0.2343	-0.0521	0.2400	-0.2187
0.2341	-0.0530	0.2400	-0.2225
0.2339	-0.0538	0.2400	-0.2263
0.2337	-0.0548	0.2400	-0.2304
0.2344	-0.0559	0.2410	-0.2342
0.2342	-0.0569	0.2410	-0.2383
0.2340	-0.0578	0.2410	-0.2421
0.2337	-0.0587	0.2410	-0.2462
0.2335	-0.0596	0.2410	-0.2500
0.2333	-0.0606	0.2410	-0.2542
0.2330	-0.0615	0.2410	-0.2579
0.2328	-0.0624	0.2410	-0.2620
0.2325	-0.0633	0.2410	-0.2659
0.2323	-0.0643	0.2410	-0.2700
0.2320	-0.0651	0.2410	-0.2737
0.2318	-0.0660	0.2410	-0.2776
0.2325	-0.0670	0.2420	-0.2805
0.2332	-0.0682	0.2430	-0.2846
0.2340	-0.0692	0.2440	-0.2876
0.2337	-0.0701	0.2440	-0.2915
0.2324	-0.0710	0.2430	-0.2963
0.2312	-0.0716	0.2420	-0.3005
0.2299	-0.0725	0.2410	-0.3054
0.2296	-0.0733	0.2410	-0.3092
0.2293	-0.0743	0.2410	-0.3133
0.2290	-0.0752	0.2410	-0.3172
0.2287	-0.0760	0.2410	-0.3209
0.2294	-0.0770	0.2420	-0.3240
0.2291	-0.0780	0.2420	-0.3280
0.2288	-0.0788	0.2420	-0.3318
0.2285	-0.0798	0.2420	-0.3359
0.2282	-0.0807	0.2420	-0.3398
0.2288	-0.0819	0.2430	-0.3438
0.2285	-0.0828	0.2430	-0.3476
0.2281	-0.0837	0.2430	-0.3518
0.2278	-0.0846	0.2430	-0.3556
0.2275	-0.0855	0.2430	-0.3593
0.2271	-0.0864	0.2430	-0.3635
0.2268	-0.0873	0.2430	-0.3673
0.2264	-0.0882	0.2430	-0.3714
0.2271	-0.0892	0.2440	-0.3744
0.2268	-0.0901	0.2440	-0.3782
0.2264	-0.0910	0.2440	-0.3822
0.2260	-0.0919	0.2440	-0.3861
0.2257	-0.0928	0.2440	-0.3902
0.2255	-0.0958	0.2450	-0.4019
0.2261	-0.0969	0.2460	-0.4050
0.2267	-0.0982	0.2470	-0.4087
0.2272	-0.0995	0.2480	-0.4128
0.2278	-0.1006	0.2490	-0.4158
0.2264	-0.1013	0.2480	-0.4207
0.2251	-0.1017	0.2470	-0.4245
0.2247	-0.1026	0.2470	-0.4284
0.2243	-0.1035	0.2470	-0.4325
0.2239	-0.1044	0.2470	-0.4363
0.2243	-0.1057	0.2480	-0.4403
0.2249	-0.1068	0.2490	-0.4434
0.2245	-0.1077	0.2490	-0.4472
0.2241	-0.1086	0.2490	-0.4513
0.2237	-0.1095	0.2490	-0.4551
0.2232	-0.1104	0.2490	-0.4592
0.2228	-0.1112	0.2490	-0.4630
0.2233	-0.1125	0.2500	-0.4668
0.2228	-0.1134	0.2500	-0.4709
0.2223	-0.1143	0.2500	-0.4748
0.2219	-0.1152	0.2500	-0.4788
0.2214	-0.1160	0.2500	-0.4826
0.2210	-0.1169	0.2500	-0.4868
0.2215	-0.1181	0.2510	-0.4897
0.2219	-0.1194	0.2520	-0.4936
0.2214	-0.1203	0.2520	-0.4977
0.2219	-0.1216	0.2530	-0.5014
0.2224	-0.1228	0.2540	-0.5045
0.2219	-0.1236	0.2540	-0.5083
0.2223	-0.1250	0.2550	-0.5123
0.2218	-0.1259	0.2550	-0.5162
0.2213	-0.1268	0.2550	-0.5203
0.2208	-0.1276	0.2550	-0.5241
0.2203	-0.1285	0.2550	-0.5282
0.2198	-0.1294	0.2550	-0.5320
0.2201	-0.1308	0.2560	-0.5361
0.2196	-0.1316	0.2560	-0.5400
0.2200	-0.1328	0.2570	-0.5429
0.2204	-0.1341	0.2580	-0.5468
0.2198	-0.1350	0.2580	-0.5508
0.2193	-0.1359	0.2580	-0.5546
0.2188	-0.1368	0.2580	-0.5588
0.2182	-0.1376	0.2580	-0.5626
0.2177	-0.1385	0.2580	-0.5666
0.2171	-0.1393	0.2580	-0.5704
0.2176	-0.1405	0.2590	-0.5734
0.2170	-0.1413	0.2590	-0.5773
0.2164	-0.1422	0.2590	-0.5814
0.2167	-0.1436	0.2600	-0.5852
0.2180	-0.1454	0.2620	-0.5882
0.2182	-0.1468	0.2630	-0.5920
0.2176	-0.1476	0.2630	-0.5960
0.2171	-0.1485	0.2630	-0.5999
0.2173	-0.1499	0.2640	-0.6037
0.2167	-0.1508	0.2640	-0.6078
0.2161	-0.1516	0.2640	-0.6117
0.2165	-0.1528	0.2650	-0.6146
0.2159	-0.1536	0.2650	-0.6185
0.2161	-0.1551	0.2660	-0.6225
0.2163	-0.1565	0.2670	-0.6263
0.2157	-0.1573	0.2670	-0.6302
0.2151	-0.1582	0.2670	-0.6343
0.2145	-0.1591	0.2670	-0.6381
0.2138	-0.1599	0.2670	-0.6422
0.2142	-0.1611	0.2680	-0.6449
0.2135	-0.1620	0.2680	-0.6490
0.2129	-0.1628	0.2680	-0.6528
0.2138	-0.1649	0.2700	-0.6569
0.2142	-0.1661	0.2710	-0.6596
0.2143	-0.1676	0.2720	-0.6637
0.2136	-0.1684	0.2720	-0.6676
0.2129	-0.1692	0.2720	-0.6716
0.2131	-0.1707	0.2730	-0.6754
0.2124	-0.1715	0.2730	-0.6793
0.2117	-0.1724	0.2730	-0.6834
0.2110	-0.1732	0.2730	-0.6872
0.2113	-0.1745	0.2740	-0.6902
0.2114	-0.1759	0.2750	-0.6940
0.2114	-0.1774	0.2760	-0.6981
0.2117	-0.1787	0.2770	-0.7011
0.2110	-0.1795	0.2770	-0.7049
0.2111	-0.1809	0.2780	-0.7087
0.2103	-0.1818	0.2780	-0.7128
0.2096	-0.1826	0.2780	-0.7167
0.2096	-0.1841	0.2790	-0.7207
0.2099	-0.1854	0.2800	-0.7235
0.2099	-0.1869	0.2810	-0.7275
0.2091	-0.1877	0.2810	-0.7313
0.2091	-0.1892	0.2820	-0.7354
0.2084	-0.1900	0.2820	-0.7393
0.2086	-0.1913	0.2830	-0.7423
0.2086	-0.1928	0.2840	-0.7461
0.2078	-0.1936	0.2840	-0.7502
0.2078	-0.1951	0.2850	-0.7540
0.2070	-0.1959	0.2850	-0.7578
0.2079	-0.1979	0.2870	-0.7609
0.2071	-0.1987	0.2870	-0.7649
0.2070	-0.2002	0.2880	-0.7687
0.2062	-0.2010	0.2880	-0.7726
0.2061	-0.2025	0.2890	-0.7766
0.2062	-0.2039	0.2900	-0.7796
0.2062	-0.2054	0.2910	-0.7835
0.2054	-0.2061	0.2910	-0.7872
0.2052	-0.2077	0.2920	-0.7913
0.2053	-0.2090	0.2930	-0.7943
0.2052	-0.2105	0.2940	-0.7981
0.2044	-0.2113	0.2940	-0.8020
0.2042	-0.2129	0.2950	-0.8061
0.2041	-0.2144	0.2960	-0.8099
0.2042	-0.2157	0.2970	-0.8129
0.2040	-0.2172	0.2980	-0.8167
0.2038	-0.2188	0.2990	-0.8208
0.2030	-0.2196	0.2990	-0.8246
0.2030	-0.2209	0.3000	-0.8276
0.2028	-0.2224	0.3010	-0.8314
0.2026	-0.2240	0.3020	-0.8355
0.2017	-0.2248	0.3020	-0.8394
0.2015	-0.2263	0.3030	-0.8434
0.2015	-0.2276	0.3040	-0.8462
0.2012	-0.2292	0.3050	-0.8502
0.2010	-0.2307	0.3060	-0.8540
0.2007	-0.2323	0.3070	-0.8582
0.2008	-0.2336	0.3080	-0.8609
0.2004	-0.2352	0.3090	-0.8650
0.2002	-0.2367	0.3100	-0.8688
0.1998	-0.2383	0.3110	-0.8729
0.1990	-0.2390	0.3110	-0.8767
0.1995	-0.2412	0.3130	-0.8797
0.1992	-0.2427	0.3140	-0.8836
0.1989	-0.2442	0.3150	-0.8873
0.1988	-0.2456	0.3160	-0.8904
0.1984	-0.2472	0.3170	-0.8944
0.1981	-0.2487	0.3180	-0.8982
0.1978	-0.2503	0.3190	-0.9021
0.1976	-0.2517	0.3200	-0.9050
0.1972	-0.2533	0.3210	-0.9092
0.1969	-0.2548	0.3220	-0.9130
0.1965	-0.2564	0.3230	-0.9168
0.1963	-0.2577	0.3240	-0.9198
0.1959	-0.2593	0.3250	-0.9238
0.1954	-0.2609	0.3260	-0.9280
0.1949	-0.2625	0.3270	-0.9321
0.1954	-0.2647	0.3290	-0.9351
0.1949	-0.2663	0.3300	-0.9389
0.1944	-0.2679	0.3310	-0.9430
0.1939	-0.2695	0.3320	-0.9470
0.1937	-0.2709	0.3330	-0.9501
0.1937	-0.2733	0.3350	-0.9541
0.1932	-0.2749	0.3360	-0.9583
0.1929	-0.2763	0.3370	-0.9612
0.1929	-0.2787	0.3390	-0.9654
0.1924	-0.2803	0.3400	-0.9692
0.1919	-0.2819	0.3410	-0.9732
0.1916	-0.2833	0.3420	-0.9763
0.1910	-0.2849	0.3430	-0.9803
0.1909	-0.2874	0.3450	-0.9844
0.1911	-0.2896	0.3470	-0.9874
0.1910	-0.2921	0.3490	-0.9915
0.1905	-0.2936	0.3500	-0.9954
0.1898	-0.2952	0.3510	-0.9994
0.1895	-0.2967	0.3520	-1.0025
0.1888	-0.2983	0.3530	-1.0065
0.1886	-0.3007	0.3550	-1.0106
0.1888	-0.3030	0.3570	-1.0136
0.1881	-0.3046	0.3580	-1.0177
0.1874	-0.3062	0.3590	-1.0215
0.1872	-0.3087	0.3610	-1.0256
0.1873	-0.3109	0.3630	-1.0286
0.1871	-0.3134	0.3650	-1.0327
0.1863	-0.3150	0.3660	-1.0368
0.1855	-0.3167	0.3670	-1.0409
0.1856	-0.3189	0.3690	-1.0439
0.1853	-0.3214	0.3710	-1.0477
0.1853	-0.3237	0.3730	-1.0510
0.1850	-0.3262	0.3750	-1.0548
0.1842	-0.3278	0.3760	-1.0588
0.1838	-0.3303	0.3780	-1.0630
0.1838	-0.3326	0.3800	-1.0659
0.1834	-0.3351	0.3820	-1.0700
0.1830	-0.3376	0.3840	-1.0742
0.1829	-0.3399	0.3860	-1.0771
0.1821	-0.3415	0.3870	-1.0810
0.1816	-0.3440	0.3890	-1.0851
0.1815	-0.3463	0.3910	-1.0881
0.1815	-0.3497	0.3940	-1.0922
0.1810	-0.3522	0.3960	-1.0962
0.1808	-0.3546	0.3980	-1.0992
0.1798	-0.3562	0.3990	-1.1033
0.1792	-0.3587	0.4010	-1.1074
0.1787	-0.3612	0.4030	-1.1113
0.1789	-0.3645	0.4060	-1.1145
0.1784	-0.3670	0.4080	-1.1184
0.1781	-0.3693	0.4100	-1.1213
0.1775	-0.3718	0.4120	-1.1255
0.1773	-0.3752	0.4150	-1.1295
0.1770	-0.3776	0.4170	-1.1325
0.1763	-0.3801	0.4190	-1.1366
0.1755	-0.3827	0.4210	-1.1407
0.1756	-0.3859	0.4240	-1.1437
0.1750	-0.3884	0.4260	-1.1475
0.1742	-0.3909	0.4280	-1.1516
0.1738	-0.3944	0.4310	-1.1557
0.1734	-0.3968	0.4330	-1.1587
0.1730	-0.4002	0.4360	-1.1628
0.1721	-0.4028	0.4380	-1.1669
0.1721	-0.4060	0.4410	-1.1699
0.1716	-0.4095	0.4440	-1.1740
0.1708	-0.4120	0.4460	-1.1778
0.1707	-0.4153	0.4490	-1.1808
0.1697	-0.4178	0.4510	-1.1849
0.1692	-0.4213	0.4540	-1.1889
0.1690	-0.4246	0.4570	-1.1920
0.1684	-0.4281	0.4600	-1.1960
0.1677	-0.4316	0.4630	-1.2001
0.1675	-0.4349	0.4660	-1.2031
0.1664	-0.4374	0.4680	-1.2072
0.1658	-0.4409	0.4710	-1.2111
0.1655	-0.4442	0.4740	-1.2140
0.1647	-0.4477	0.4770	-1.2182
0.1640	-0.4511	0.4800	-1.2222
0.1636	-0.4545	0.4830	-1.2253
0.1631	-0.4589	0.4870	-1.2293
0.1622	-0.4624	0.4900	-1.2334
0.1618	-0.4657	0.4930	-1.2364
0.1609	-0.4692	0.4960	-1.2405
0.1603	-0.4736	0.5000	-1.2443
0.1599	-0.4769	0.5030	-1.2473
0.1589	-0.4804	0.5060	-1.2514
0.1582	-0.4849	0.5100	-1.2555
0.1579	-0.4891	0.5140	-1.2585
0.1565	-0.4917	0.5160	-1.2626
0.1557	-0.4961	0.5200	-1.2667
0.1554	-0.5004	0.5240	-1.2697
0.1545	-0.5049	0.5280	-1.2738
0.1537	-0.5093	0.5320	-1.2776
0.1534	-0.5136	0.5360	-1.2806
0.1518	-0.5161	0.5380	-1.2847
0.1509	-0.5206	0.5420	-1.2887
0.1509	-0.5268	0.5480	-1.2918
0.1499	-0.5313	0.5520	-1.2958
0.1489	-0.5357	0.5560	-1.2997
0.1482	-0.5400	0.5600	-1.3029
0.1472	-0.5445	0.5640	-1.3068
0.1460	-0.5489	0.5680	-1.3109
0.1459	-0.5552	0.5740	-1.3139
0.1446	-0.5596	0.5780	-1.3180
0.1433	-0.5641	0.5820	-1.3220
0.1430	-0.5703	0.5880	-1.3251
0.1419	-0.5748	0.5920	-1.3288
0.1404	-0.5792	0.5960	-1.3329
0.1401	-0.5855	0.6020	-1.3359
0.1386	-0.5899	0.6060	-1.3400
0.1375	-0.5963	0.6120	-1.3442
0.1366	-0.6007	0.6160	-1.3471
0.1355	-0.6071	0.6220	-1.3512
0.1344	-0.6134	0.6280	-1.3551
0.1339	-0.6197	0.6340	-1.3581
0.1326	-0.6261	0.6400	-1.3622
0.1312	-0.6325	0.6460	-1.3662
0.1302	-0.6368	0.6500	-1.3692
0.1291	-0.6452	0.6580	-1.3733
0.1278	-0.6516	0.6640	-1.3771
0.1264	-0.6559	0.6680	-1.3804
0.1254	-0.6643	0.6760	-1.3842
0.1237	-0.6707	0.6820	-1.3883
0.1228	-0.6769	0.6880	-1.3913
0.1214	-0.6853	0.6960	-1.3954
0.1208	-0.6936	0.7040	-1.3984
0.1190	-0.7000	0.7100	-1.4024
0.1176	-0.7083	0.7180	-1.4063
0.1162	-0.7146	0.7240	-1.4095
0.1148	-0.7229	0.7320	-1.4134
0.1130	-0.7313	0.7400	-1.4175
0.1120	-0.7396	0.7480	-1.4205
0.1101	-0.7479	0.7560	-1.4246
0.1082	-0.7563	0.7640	-1.4287
0.1070	-0.7645	0.7720	-1.4317
0.1052	-0.7729	0.7800	-1.4355
0.1034	-0.7832	0.7900	-1.4395
0.1023	-0.7934	0.8000	-1.4426
0.1003	-0.8038	0.8100	-1.4466
0.0991	-0.8140	0.8200	-1.4497
0.0969	-0.8243	0.8300	-1.4537
0.0944	-0.8327	0.8380	-1.4579
0.0933	-0.8449	0.8500	-1.4608
0.0911	-0.8552	0.8600	-1.4647
0.0886	-0.8655	0.8700	-1.4688
0.0872	-0.8777	0.8820	-1.4718
0.0847	-0.8900	0.8940	-1.4759
0.0822	-0.9023	0.9060	-1.4799
0.0805	-0.9145	0.9180	-1.4830
0.0778	-0.9267	0.9300	-1.4870
0.0754	-0.9410	0.9440	-1.4908
0.0735	-0.9532	0.9560	-1.4938
0.0706	-0.9674	0.9700	-1.4979
0.0687	-0.9816	0.9840	-1.5009
0.0656	-0.9958	0.9980	-1.5050
-0.4175	-0.9065	0.9980	-2.0024
-0.4152	-0.8899	0.9820	-2.0073
-0.4118	-0.8738	0.9660	-2.0111
-0.4085	-0.8577	0.9500	-2.0153
-0.4066	-0.8431	0.9360	-2.0202
-0.4037	-0.8289	0.9220	-2.0240
-0.4015	-0.8144	0.9080	-2.0289
-0.3984	-0.8003	0.8940	-2.0327
-0.3963	-0.7879	0.8820	-2.0368
-0.3929	-0.7717	0.8660	-2.0417
-0.3931	-0.7649	0.8600	-2.0456
-0.3981	-0.7668	0.8640	-2.0496
-0.4019	-0.7671	0.8660	-2.0534
-0.4060	-0.7672	0.8680	-2.0575
-0.4090	-0.7656	0.8680	-2.0614
-0.4169	-0.7659	0.8720	-2.0692
-0.9977	-0.0227	0.9980	-3.1189
-0.9958	-0.0188	0.9960	-3.1227
-0.9980	-0.0031	0.9980	-3.1385
-0.9479	-0.0115	0.9480	-3.1295
-0.9520	-0.0076	0.9520	-3.1336
-0.9540	-0.0039	0.9540	-3.1375
-0.8640	-0.0029	0.8640	-3.1382
-0.9613	-0.1133	0.9680	-3.0242
-0.9658	-0.1098	0.9720	-3.0284
-0.9722	-0.1068	0.9780	-3.0322
-0.9784	-0.1045	0.9840	-3.0352
-0.9848	-0.1014	0.9900	-3.0390
-0.9912	-0.0979	0.9960	-3.0431
