x	y	r	phi
0.1952	0.4949	0.5320	1.1951
0.1939	0.4846	0.5220	1.1902
0.1928	0.4765	0.5140	1.1863
0.1921	0.4681	0.5060	1.1815
0.1909	0.4589	0.4970	1.1765
0.1901	0.4505	0.4890	1.1716
0.1890	0.4423	0.4810	1.1670
0.1879	0.4352	0.4740	1.1631
0.1868	0.4269	0.4660	1.1583
0.1861	0.4196	0.4590	1.1534
0.1853	0.4123	0.4520	1.1484
0.1844	0.4050	0.4450	1.1435
0.1838	0.3987	0.4390	1.1389
0.1823	0.3916	0.4320	1.1350
0.1817	0.3853	0.4260	1.1302
0.1814	0.3799	0.4210	1.1253
0.1807	0.3736	0.4150	1.1203
0.1799	0.3673	0.4090	1.1154
0.1791	0.3621	0.4040	1.1116
0.1786	0.3568	0.3990	1.1067
0.1775	0.3506	0.3930	1.1021
0.1774	0.3462	0.3890	1.0972
0.1768	0.3409	0.3840	1.0922
0.1758	0.3358	0.3790	1.0885
0.1751	0.3305	0.3740	1.0835
0.1749	0.3261	0.3700	1.0786
0.1744	0.3218	0.3660	1.0740
0.1739	0.3175	0.3620	1.0699
0.1734	0.3132	0.3580	1.0653
0.1729	0.3089	0.3540	1.0604
0.1725	0.3045	0.3500	1.0554
0.1720	0.3002	0.3460	1.0505
0.1712	0.2961	0.3420	1.0467
0.1706	0.2918	0.3380	1.0418
0.1704	0.2884	0.3350	1.0372
0.1703	0.2850	0.3320	1.0323
0.1698	0.2818	0.3290	1.0284
0.1691	0.2775	0.3250	1.0235
0.1689	0.2741	0.3220	1.0186
0.1687	0.2708	0.3190	1.0137
0.1681	0.2676	0.3160	1.0098
0.1678	0.2642	0.3130	1.0049
0.1675	0.2609	0.3100	1.0001
0.1670	0.2576	0.3070	0.9955
0.1665	0.2544	0.3040	0.9913
0.1666	0.2519	0.3020	0.9864
0.1662	0.2485	0.2990	0.9813
0.1658	0.2452	0.2960	0.9764
0.1657	0.2429	0.2940	0.9723
0.1651	0.2396	0.2910	0.9674
0.1646	0.2363	0.2880	0.9625
0.1644	0.2340	0.2860	0.9584
0.1638	0.2308	0.2830	0.9535
0.1638	0.2283	0.2810	0.9483
0.1638	0.2259	0.2790	0.9433
0.1635	0.2236	0.2770	0.9393
0.1634	0.2212	0.2750	0.9344
0.1633	0.2187	0.2730	0.9294
0.1630	0.2165	0.2710	0.9254
0.1629	0.2141	0.2690	0.9204
0.1622	0.2109	0.2660	0.9152
0.1623	0.2095	0.2650	0.9115
0.1622	0.2070	0.2630	0.9063
0.1620	0.2047	0.2610	0.9013
0.1615	0.2024	0.2590	0.8973
0.1613	0.2001	0.2570	0.8924
0.1616	0.1985	0.2560	0.8874
0.1612	0.1963	0.2540	0.8834
0.1609	0.1940	0.2520	0.8784
0.1606	0.1916	0.2500	0.8732
0.1607	0.1902	0.2490	0.8695
0.1610	0.1886	0.2480	0.8643
0.1604	0.1865	0.2460	0.8605
0.1601	0.1842	0.2440	0.8553
0.1597	0.1819	0.2420	0.8503
0.1599	0.1803	0.2410	0.8454
0.1599	0.1789	0.2400	0.8414
0.1595	0.1767	0.2380	0.8364
0.1591	0.1743	0.2360	0.8312
0.1590	0.1730	0.2350	0.8275
0.1593	0.1714	0.2340	0.8222
0.1585	0.1694	0.2320	0.8185
0.1587	0.1678	0.2310	0.8133
0.1582	0.1656	0.2290	0.8083
0.1581	0.1642	0.2280	0.8043
0.1583	0.1627	0.2270	0.7994
0.1577	0.1605	0.2250	0.7944
0.1576	0.1592	0.2240	0.7904
0.1577	0.1577	0.2230	0.7852
0.1576	0.1563	0.2220	0.7814
0.1570	0.1541	0.2200	0.7762
0.1570	0.1527	0.2190	0.7713
0.1569	0.1513	0.2180	0.7672
0.1569	0.1499	0.2170	0.7623
0.1568	0.1485	0.2160	0.7582
0.1568	0.1471	0.2150	0.7533
0.1567	0.1457	0.2140	0.7492
0.1559	0.1436	0.2120	0.7443
0.1559	0.1422	0.2110	0.7394
0.1565	0.1415	0.2110	0.7353
0.1564	0.1401	0.2100	0.7304
0.1563	0.1388	0.2090	0.7262
0.1562	0.1374	0.2080	0.7214
0.1560	0.1361	0.2070	0.7172
0.1559	0.1346	0.2060	0.7123
0.1557	0.1334	0.2050	0.7083
0.1556	0.1319	0.2040	0.7033
0.1555	0.1305	0.2030	0.6982
0.1560	0.1299	0.2030	0.6941
0.1558	0.1286	0.2020	0.6903
0.1556	0.1272	0.2010	0.6851
0.1547	0.1252	0.1990	0.6802
0.1546	0.1238	0.1980	0.6752
0.1543	0.1225	0.1970	0.6712
0.1548	0.1219	0.1970	0.6671
0.1546	0.1205	0.1960	0.6622
0.1544	0.1191	0.1950	0.6573
0.1541	0.1179	0.1940	0.6532
0.1538	0.1165	0.1930	0.6483
0.1543	0.1159	0.1930	0.6442
0.1541	0.1146	0.1920	0.6393
0.1538	0.1133	0.1910	0.6352
0.1535	0.1120	0.1900	0.6303
0.1533	0.1106	0.1890	0.6251
0.1529	0.1094	0.1880	0.6210
0.1533	0.1088	0.1880	0.6171
0.1531	0.1074	0.1870	0.6120
0.1528	0.1061	0.1860	0.6071
0.1524	0.1049	0.1850	0.6030
0.1528	0.1043	0.1850	0.5992
0.1525	0.1030	0.1840	0.5940
0.1529	0.1024	0.1840	0.5902
0.1526	0.1011	0.1830	0.5850
0.1522	0.0998	0.1820	0.5801
0.1518	0.0986	0.1810	0.5760
0.1522	0.0980	0.1810	0.5722
0.1518	0.0967	0.1800	0.5670
0.1515	0.0954	0.1790	0.5621
0.1518	0.0948	0.1790	0.5580
0.1515	0.0935	0.1780	0.5531
0.1518	0.0929	0.1780	0.5490
0.1514	0.0918	0.1770	0.5449
0.1510	0.0905	0.1760	0.5398
0.1513	0.0898	0.1760	0.5356
0.1509	0.0885	0.1750	0.5305
0.1505	0.0873	0.1740	0.5253
0.1509	0.0866	0.1740	0.5212
0.1505	0.0854	0.1730	0.5160
0.1508	0.0848	0.1730	0.5120
0.1503	0.0836	0.1720	0.5078
0.1506	0.0830	0.1720	0.5037
0.1502	0.0818	0.1710	0.4985
0.1497	0.0805	0.1700	0.4934
0.1501	0.0799	0.1700	0.4892
0.1504	0.0793	0.1700	0.4852
0.1499	0.0780	0.1690	0.4800
0.1494	0.0768	0.1680	0.4749
0.1497	0.0762	0.1680	0.4707
0.1492	0.0750	0.1670	0.4659
0.1495	0.0744	0.1670	0.4614
0.1490	0.0732	0.1660	0.4566
0.1493	0.0725	0.1660	0.4522
0.1488	0.0714	0.1650	0.4473
0.1491	0.0708	0.1650	0.4432
0.1494	0.0701	0.1650	0.4388
0.1496	0.0695	0.1650	0.4348
0.1490	0.0685	0.1640	0.4307
0.1485	0.0673	0.1630	0.4255
0.1479	0.0661	0.1620	0.4206
0.1482	0.0655	0.1620	0.4162
0.1484	0.0649	0.1620	0.4121
0.1487	0.0643	0.1620	0.4080
0.1481	0.0631	0.1610	0.4029
0.1484	0.0625	0.1610	0.3987
0.1478	0.0614	0.1600	0.3936
0.1480	0.0607	0.1600	0.3894
0.1483	0.0602	0.1600	0.3854
0.1476	0.0590	0.1590	0.3802
0.1479	0.0584	0.1590	0.3761
0.1472	0.0573	0.1580	0.3712
0.1475	0.0567	0.1580	0.3668
0.1477	0.0561	0.1580	0.3628
0.1471	0.0550	0.1570	0.3576
0.1473	0.0543	0.1570	0.3535
0.1475	0.0537	0.1570	0.3494
0.1477	0.0531	0.1570	0.3453
0.1471	0.0520	0.1560	0.3402
0.1464	0.0509	0.1550	0.3349
0.1466	0.0504	0.1550	0.3309
0.1459	0.0493	0.1540	0.3260
0.1461	0.0487	0.1540	0.3216
0.1463	0.0481	0.1540	0.3174
0.1465	0.0475	0.1540	0.3134
0.1467	0.0469	0.1540	0.3093
0.1460	0.0458	0.1530	0.3041
0.1462	0.0452	0.1530	0.3000
0.1463	0.0446	0.1530	0.2960
0.1465	0.0440	0.1530	0.2918
0.1467	0.0434	0.1530	0.2877
0.1460	0.0424	0.1520	0.2825
0.1461	0.0418	0.1520	0.2785
0.1454	0.0408	0.1510	0.2733
0.1456	0.0402	0.1510	0.2692
0.1457	0.0396	0.1510	0.2651
0.1281	-0.0799	0.1510	-0.5576
0.1278	-0.0805	0.1510	-0.5620
0.1274	-0.0810	0.1510	-0.5661
0.1271	-0.0815	0.1510	-0.5704
0.1277	-0.0825	0.1520	-0.5734
0.1273	-0.0830	0.1520	-0.5778
0.1270	-0.0835	0.1520	-0.5820
0.1266	-0.0841	0.1520	-0.5863
0.1263	-0.0846	0.1520	-0.5904
0.1259	-0.0852	0.1520	-0.5947
0.1265	-0.0861	0.1530	-0.5978
0.1261	-0.0867	0.1530	-0.6021
0.1257	-0.0872	0.1530	-0.6062
0.1263	-0.0882	0.1540	-0.6095
0.1259	-0.0887	0.1540	-0.6136
0.1255	-0.0892	0.1540	-0.6179
0.1252	-0.0897	0.1540	-0.6220
0.1248	-0.0903	0.1540	-0.6263
0.1244	-0.0908	0.1540	-0.6305
0.1240	-0.0913	0.1540	-0.6348
0.1245	-0.0923	0.1550	-0.6378
0.1241	-0.0928	0.1550	-0.6422
0.1237	-0.0933	0.1550	-0.6463
0.1233	-0.0939	0.1550	-0.6506
0.1238	-0.0949	0.1560	-0.6537
0.1234	-0.0954	0.1560	-0.6580
0.1239	-0.0964	0.1570	-0.6612
0.1244	-0.0974	0.1580	-0.6643
0.1240	-0.0979	0.1580	-0.6686
0.1244	-0.0990	0.1590	-0.6719
0.1240	-0.0995	0.1590	-0.6760
0.1236	-0.1000	0.1590	-0.6801
0.1232	-0.1005	0.1590	-0.6844
0.1228	-0.1010	0.1590	-0.6886
0.1223	-0.1016	0.1590	-0.6929
0.1219	-0.1021	0.1590	-0.6970
0.1215	-0.1026	0.1590	-0.7011
0.1219	-0.1036	0.1600	-0.7044
0.1215	-0.1041	0.1600	-0.7087
0.1219	-0.1052	0.1610	-0.7118
0.1215	-0.1057	0.1610	-0.7161
0.1219	-0.1067	0.1620	-0.7193
0.1214	-0.1072	0.1620	-0.7235
0.1218	-0.1083	0.1630	-0.7267
0.1214	-0.1088	0.1630	-0.7308
0.1209	-0.1093	0.1630	-0.7349
0.1213	-0.1104	0.1640	-0.7381
0.1208	-0.1109	0.1640	-0.7425
0.1204	-0.1114	0.1640	-0.7467
0.1199	-0.1119	0.1640	-0.7507
0.1202	-0.1131	0.1650	-0.7551
0.1197	-0.1136	0.1650	-0.7591
0.1200	-0.1147	0.1660	-0.7625
0.1196	-0.1151	0.1660	-0.7665
0.1191	-0.1157	0.1660	-0.7709
0.1194	-0.1168	0.1670	-0.7742
0.1189	-0.1172	0.1670	-0.7783
0.1192	-0.1183	0.1680	-0.7816
0.1188	-0.1188	0.1680	-0.7856
0.1182	-0.1193	0.1680	-0.7900
0.1186	-0.1204	0.1690	-0.7930
0.1181	-0.1209	0.1690	-0.7974
0.1184	-0.1220	0.1700	-0.8006
0.1179	-0.1225	0.1700	-0.8047
0.1181	-0.1236	0.1710	-0.8080
0.1176	-0.1241	0.1710	-0.8121
0.1179	-0.1252	0.1720	-0.8153
0.1174	-0.1257	0.1720	-0.8194
0.1169	-0.1262	0.1720	-0.8238
0.1170	-0.1274	0.1730	-0.8279
0.1165	-0.1279	0.1730	-0.8320
0.1168	-0.1290	0.1740	-0.8353
0.1162	-0.1295	0.1740	-0.8397
0.1165	-0.1306	0.1750	-0.8426
0.1159	-0.1311	0.1750	-0.8469
0.1161	-0.1322	0.1760	-0.8502
0.1156	-0.1327	0.1760	-0.8543
0.1150	-0.1332	0.1760	-0.8585
0.1153	-0.1343	0.1770	-0.8617
0.1147	-0.1348	0.1770	-0.8660
0.1148	-0.1361	0.1780	-0.8702
0.1150	-0.1372	0.1790	-0.8734
0.1144	-0.1377	0.1790	-0.8775
0.1146	-0.1388	0.1800	-0.8808
0.1140	-0.1393	0.1800	-0.8849
0.1142	-0.1404	0.1810	-0.8882
0.1136	-0.1409	0.1810	-0.8923
0.1136	-0.1422	0.1820	-0.8966
0.1130	-0.1426	0.1820	-0.9007
0.1132	-0.1438	0.1830	-0.9040
0.1126	-0.1443	0.1830	-0.9081
0.1127	-0.1454	0.1840	-0.9114
0.1129	-0.1466	0.1850	-0.9146
0.1123	-0.1470	0.1850	-0.9187
0.1122	-0.1483	0.1860	-0.9231
0.1116	-0.1488	0.1860	-0.9272
0.1117	-0.1500	0.1870	-0.9305
0.1111	-0.1504	0.1870	-0.9345
0.1112	-0.1516	0.1880	-0.9378
0.1106	-0.1521	0.1880	-0.9422
0.1105	-0.1533	0.1890	-0.9463
0.1106	-0.1545	0.1900	-0.9495
0.1107	-0.1557	0.1910	-0.9528
0.1100	-0.1561	0.1910	-0.9569
0.1100	-0.1574	0.1920	-0.9609
0.1093	-0.1579	0.1920	-0.9654
0.1094	-0.1590	0.1930	-0.9683
0.1094	-0.1602	0.1940	-0.9716
0.1093	-0.1615	0.1950	-0.9760
0.1086	-0.1619	0.1950	-0.9800
0.1086	-0.1631	0.1960	-0.9834
0.1080	-0.1636	0.1960	-0.9874
0.1080	-0.1648	0.1970	-0.9907
0.1078	-0.1661	0.1980	-0.9948
0.1071	-0.1665	0.1980	-0.9992
0.1071	-0.1677	0.1990	-1.0025
0.1071	-0.1689	0.2000	-1.0054
0.1064	-0.1693	0.2000	-1.0097
0.1062	-0.1706	0.2010	-1.0139
0.1062	-0.1718	0.2020	-1.0171
0.1060	-0.1731	0.2030	-1.0212
0.1053	-0.1736	0.2030	-1.0256
0.1053	-0.1747	0.2040	-1.0286
0.1046	-0.1752	0.2040	-1.0327
0.1045	-0.1763	0.2050	-1.0357
0.1043	-0.1776	0.2060	-1.0398
0.1043	-0.1788	0.2070	-1.0428
0.1041	-0.1801	0.2080	-1.0468
0.1033	-0.1805	0.2080	-1.0510
0.1033	-0.1817	0.2090	-1.0539
0.1030	-0.1830	0.2100	-1.0581
0.1029	-0.1842	0.2110	-1.0613
0.1022	-0.1846	0.2110	-1.0652
0.1021	-0.1858	0.2120	-1.0684
0.1018	-0.1871	0.2130	-1.0725
0.1017	-0.1883	0.2140	-1.0755
0.1014	-0.1896	0.2150	-1.0796
0.1013	-0.1908	0.2160	-1.0826
0.1005	-0.1912	0.2160	-1.0867
0.1002	-0.1925	0.2170	-1.0908
0.1005	-0.1946	0.2190	-1.0938
0.1004	-0.1957	0.2200	-1.0968
0.0996	-0.1962	0.2200	-1.1009
0.0993	-0.1975	0.2210	-1.1049
0.0991	-0.1986	0.2220	-1.1079
0.0988	-0.1999	0.2230	-1.1120
0.0986	-0.2011	0.2240	-1.1150
0.0982	-0.2024	0.2250	-1.1191
0.0980	-0.2037	0.2260	-1.1224
0.0972	-0.2040	0.2260	-1.1262
0.0968	-0.2053	0.2270	-1.1304
0.0965	-0.2066	0.2280	-1.1336
0.0968	-0.2087	0.2300	-1.1366
0.0963	-0.2100	0.2310	-1.1407
0.0955	-0.2103	0.2310	-1.1447
0.0952	-0.2116	0.2320	-1.1478
0.0948	-0.2128	0.2330	-1.1518
0.0943	-0.2142	0.2340	-1.1560
0.0945	-0.2163	0.2360	-1.1589
0.0936	-0.2167	0.2360	-1.1630
0.0933	-0.2178	0.2370	-1.1660
0.0934	-0.2200	0.2390	-1.1691
0.0929	-0.2213	0.2400	-1.1731
0.0924	-0.2226	0.2410	-1.1772
0.0921	-0.2238	0.2420	-1.1802
0.0916	-0.2251	0.2430	-1.1843
0.0912	-0.2263	0.2440	-1.1876
0.0907	-0.2276	0.2450	-1.1914
0.0907	-0.2297	0.2470	-1.1947
0.0901	-0.2310	0.2480	-1.1988
0.0898	-0.2322	0.2490	-1.2018
0.0892	-0.2335	0.2500	-1.2059
0.0889	-0.2347	0.2510	-1.2089
0.0886	-0.2370	0.2530	-1.2130
0.0882	-0.2382	0.2540	-1.2160
0.0876	-0.2395	0.2550	-1.2201
0.0870	-0.2408	0.2560	-1.2241
0.0869	-0.2429	0.2580	-1.2272
0.0865	-0.2441	0.2590	-1.2302
0.0859	-0.2454	0.2600	-1.2342
0.0857	-0.2476	0.2620	-1.2375
0.0850	-0.2489	0.2630	-1.2416
0.0849	-0.2510	0.2650	-1.2446
0.0842	-0.2523	0.2660	-1.2487
0.0836	-0.2536	0.2670	-1.2525
0.0834	-0.2558	0.2690	-1.2558
0.0826	-0.2571	0.2700	-1.2599
0.0824	-0.2592	0.2720	-1.2628
0.0817	-0.2605	0.2730	-1.2670
0.0815	-0.2626	0.2750	-1.2699
0.0813	-0.2648	0.2770	-1.2729
0.0805	-0.2661	0.2780	-1.2770
0.0802	-0.2683	0.2800	-1.2803
0.0797	-0.2705	0.2820	-1.2841
0.0791	-0.2717	0.2830	-1.2874
0.0786	-0.2740	0.2850	-1.2915
0.0783	-0.2761	0.2870	-1.2945
0.0774	-0.2774	0.2880	-1.2986
0.0771	-0.2796	0.2900	-1.3016
0.0765	-0.2818	0.2920	-1.3057
0.0762	-0.2840	0.2940	-1.3087
0.0755	-0.2862	0.2960	-1.3128
0.0752	-0.2884	0.2980	-1.3158
0.0747	-0.2905	0.3000	-1.3190
0.0741	-0.2928	0.3020	-1.3229
0.0736	-0.2949	0.3040	-1.3261
0.0729	-0.2972	0.3060	-1.3302
0.0725	-0.2993	0.3080	-1.3332
0.0717	-0.3016	0.3100	-1.3373
0.0713	-0.3037	0.3120	-1.3403
0.0705	-0.3060	0.3140	-1.3444
0.0700	-0.3081	0.3160	-1.3474
0.0692	-0.3104	0.3180	-1.3515
0.0689	-0.3135	0.3210	-1.3545
0.0680	-0.3158	0.3230	-1.3586
0.0674	-0.3179	0.3250	-1.3619
0.0671	-0.3211	0.3280	-1.3649
0.0661	-0.3233	0.3300	-1.3690
0.0652	-0.3255	0.3320	-1.3730
0.0648	-0.3287	0.3350	-1.3763
0.0641	-0.3308	0.3370	-1.3793
0.0633	-0.3341	0.3400	-1.3837
0.0628	-0.3372	0.3430	-1.3867
0.0619	-0.3404	0.3460	-1.3910
0.0612	-0.3426	0.3480	-1.3940
0.0602	-0.3458	0.3510	-1.3984
0.0597	-0.3489	0.3540	-1.4014
0.0590	-0.3521	0.3570	-1.4046
0.0581	-0.3553	0.3600	-1.4088
0.0574	-0.3584	0.3630	-1.4120
0.0564	-0.3616	0.3660	-1.4162
0.0556	-0.3648	0.3690	-1.4194
0.0550	-0.3689	0.3730	-1.4227
0.0540	-0.3721	0.3760	-1.4268
0.0532	-0.3753	0.3790	-1.4301
0.0521	-0.3784	0.3820	-1.4341
0.0513	-0.3826	0.3860	-1.4374
0.0502	-0.3858	0.3890	-1.4415
0.0494	-0.3899	0.3930	-1.4447
0.0487	-0.3940	0.3970	-1.4478
0.0474	-0.3972	0.4000	-1.4521
0.0466	-0.4013	0.4040	-1.4551
0.0453	-0.4055	0.4080	-1.4595
0.0445	-0.4096	0.4120	-1.4625
0.0432	-0.4138	0.4160	-1.4669
0.0423	-0.4179	0.4200	-1.4698
0.0414	-0.4220	0.4240	-1.4731
0.0400	-0.4261	0.4280	-1.4772
0.0391	-0.4312	0.4330	-1.4805
0.0376	-0.4354	0.4370	-1.4846
0.0365	-0.4395	0.4410	-1.4879
0.0352	-0.4446	0.4460	-1.4919
0.0340	-0.4497	0.4510	-1.4952
0.0329	-0.4548	0.4560	-1.4985
0.0314	-0.4599	0.4610	-1.5025
0.0302	-0.4650	0.4660	-1.5059
0.0287	-0.4701	0.4710	-1.5099
0.0274	-0.4752	0.4760	-1.5132
0.0258	-0.4813	0.4820	-1.5173
0.0245	-0.4864	0.4870	-1.5206
0.0232	-0.4925	0.4930	-1.5238
0.0214	-0.4985	0.4990	-1.5279
0.0200	-0.5046	0.5050	-1.5312
0.0181	-0.5097	0.5100	-1.5353
0.0166	-0.5157	0.5160	-1.5386
0.0147	-0.5218	0.5220	-1.5427
0.0131	-0.5278	0.5280	-1.5460
0.0117	-0.5359	0.5360	-1.5489
0.0095	-0.5419	0.5420	-1.5533
0.0079	-0.5479	0.5480	-1.5563
0.0057	-0.5560	0.5560	-1.5606
0.0040	-0.5640	0.5640	-1.5637
0.0016	-0.5700	0.5700	-1.5680
-0.0001	-0.5780	0.5780	-1.5710
-0.0020	-0.5860	0.5860	-1.5742
-0.0045	-0.5940	0.5940	-1.5784
-0.0065	-0.6020	0.6020	-1.5816
-0.0092	-0.6119	0.6120	-1.5858
-0.0113	-0.6199	0.6200	-1.5890
-0.0141	-0.6298	0.6300	-1.5931
-0.0163	-0.6378	0.6380	-1.5964
-0.0187	-0.6477	0.6480	-1.5997
-0.0217	-0.6576	0.6580	-1.6038
-0.0242	-0.6676	0.6680	-1.6070
-0.0273	-0.6775	0.6780	-1.6111
-0.0301	-0.6893	0.6900	-1.6144
-0.0333	-0.6992	0.7000	-1.6184
-0.0362	-0.7111	0.7120	-1.6217
-0.0391	-0.7229	0.7240	-1.6248
-0.0429	-0.7347	0.7360	-1.6291
-0.0459	-0.7466	0.7480	-1.6322
-0.0500	-0.7604	0.7620	-1.6365
-0.0531	-0.7722	0.7740	-1.6394
-0.0575	-0.7859	0.7880	-1.6439
-0.0611	-0.8017	0.8040	-1.6468
-0.0657	-0.8154	0.8180	-1.6512
-0.0695	-0.8311	0.8340	-1.6542
-0.0736	-0.8468	0.8500	-1.6575
-0.0785	-0.8624	0.8660	-1.6616
-0.0830	-0.8801	0.8840	-1.6648
-0.0884	-0.8977	0.9020	-1.6690
-0.0934	-0.9173	0.9220	-1.6722
-0.0992	-0.9368	0.9420	-1.6763
-0.1044	-0.9563	0.9620	-1.6795
-0.1106	-0.9758	0.9820	-1.6836
-0.6015	-0.7888	0.9920	-2.2223
-0.5995	-0.7778	0.9820	-2.2274
-0.5965	-0.7674	0.9720	-2.2316
-0.5922	-0.7556	0.9600	-2.2356
-0.5891	-0.7453	0.9500	-2.2397
-0.5880	-0.7360	0.9420	-2.2449
-0.5847	-0.7257	0.9320	-2.2490
-0.5814	-0.7156	0.9220	-2.2530
-0.5773	-0.7034	0.9100	-2.2580
-0.5750	-0.6949	0.9020	-2.2620
-0.5792	-0.6941	0.9040	-2.2662
-0.5846	-0.6948	0.9080	-2.2703
-0.5887	-0.6939	0.9100	-2.2743
-0.5922	-0.6935	0.9120	-2.2776
-0.5964	-0.6926	0.9140	-2.2817
-0.9613	-0.1133	0.9680	-3.0242
-0.9658	-0.1098	0.9720	-3.0284
-0.9722	-0.1068	0.9780	-3.0322
-0.9784	-0.1045	0.9840	-3.0352
-0.9848	-0.1014	0.9900	-3.0390
-0.9912	-0.0979	0.9960	-3.0431
