x	y	r	phi
-0.8880	0.0029	0.8880	3.1383
-0.8900	0.0065	0.8900	3.1343
-0.8919	0.0099	0.8920	3.1305
-0.8879	0.0135	0.8880	3.1263
-0.8838	0.0169	0.8840	3.1225
-0.8798	0.0203	0.8800	3.1185
-0.8797	0.0237	0.8800	3.1147
-0.8796	0.0271	0.8800	3.1108
-0.8754	0.0312	0.8760	3.1059
-0.8713	0.0344	0.8720	3.1021
-0.8712	0.0380	0.8720	3.0980
-0.8750	0.0415	0.8760	3.0942
-0.8749	0.0448	0.8760	3.0904
-0.8747	0.0484	0.8760	3.0863
-0.8745	0.0518	0.8760	3.0824
-0.8723	0.0550	0.8740	3.0786
-0.8721	0.0583	0.8740	3.0749
-0.8718	0.0619	0.8740	3.0707
-0.8736	0.0654	0.8760	3.0669
-0.8713	0.0686	0.8740	3.0631
-0.8651	0.0714	0.8680	3.0592
-0.8628	0.0747	0.8660	3.0552
-0.8645	0.0782	0.8680	3.0514
-0.8642	0.0815	0.8680	3.0475
-0.8638	0.0848	0.8680	3.0437
-0.8635	0.0883	0.8680	3.0397
-0.8632	0.0916	0.8680	3.0358
-0.8648	0.0951	0.8700	3.0320
-0.8644	0.0987	0.8700	3.0279
-0.8620	0.1017	0.8680	3.0241
-0.8596	0.1048	0.8660	3.0203
-0.8592	0.1081	0.8660	3.0165
-0.8548	0.1111	0.8620	3.0124
-0.8544	0.1144	0.8620	3.0085
-0.8539	0.1176	0.8620	3.0048
-0.8555	0.1211	0.8640	3.0009
-0.8569	0.1249	0.8660	2.9968
-0.8545	0.1279	0.8640	2.9930
-0.8520	0.1309	0.8620	2.9892
-0.8515	0.1343	0.8620	2.9851
-0.8490	0.1373	0.8600	2.9813
-0.8465	0.1402	0.8580	2.9775
-0.8459	0.1434	0.8580	2.9736
-0.8453	0.1468	0.8580	2.9696
-0.8467	0.1504	0.8600	2.9658
-0.8442	0.1533	0.8580	2.9619
-0.8397	0.1558	0.8540	2.9581
-0.8390	0.1592	0.8540	2.9541
-0.8423	0.1632	0.8580	2.9502
-0.8417	0.1664	0.8580	2.9464
-0.8391	0.1695	0.8560	2.9423
-0.8384	0.1727	0.8560	2.9384
-0.8377	0.1758	0.8560	2.9347
-0.8371	0.1791	0.8560	2.9309
-0.8363	0.1825	0.8560	2.9267
-0.8356	0.1857	0.8560	2.9229
-0.8349	0.1889	0.8560	2.9191
-0.8322	0.1916	0.8540	2.9153
-0.8314	0.1950	0.8540	2.9112
-0.8346	0.1991	0.8580	2.9074
-0.8319	0.2019	0.8560	2.9035
-0.8311	0.2050	0.8560	2.8997
-0.8302	0.2084	0.8560	2.8957
-0.8294	0.2116	0.8560	2.8918
-0.8286	0.2148	0.8560	2.8880
-0.8258	0.2177	0.8540	2.8839
-0.8250	0.2207	0.8540	2.8801
-0.8241	0.2239	0.8540	2.8763
-0.8233	0.2271	0.8540	2.8725
-0.8242	0.2310	0.8560	2.8684
-0.8253	0.2346	0.8580	2.8646
-0.8225	0.2372	0.8560	2.8608
-0.8216	0.2404	0.8560	2.8569
-0.8206	0.2438	0.8560	2.8528
-0.8215	0.2475	0.8580	2.8490
-0.8187	0.2500	0.8560	2.8452
-0.8176	0.2533	0.8560	2.8411
-0.8167	0.2565	0.8560	2.8373
-0.8157	0.2596	0.8560	2.8335
-0.8166	0.2634	0.8580	2.8296
-0.8155	0.2666	0.8580	2.8256
-0.8145	0.2698	0.8580	2.8218
-0.8172	0.2742	0.8620	2.8179
-0.8181	0.2779	0.8640	2.8141
-0.8151	0.2806	0.8620	2.8101
-0.8102	0.2824	0.8580	2.8062
-0.8110	0.2862	0.8600	2.8024
-0.8098	0.2895	0.8600	2.7983
-0.8050	0.2912	0.8560	2.7945
-0.8057	0.2949	0.8580	2.7907
-0.8008	0.2966	0.8540	2.7869
-0.7977	0.2992	0.8520	2.7827
-0.8003	0.3037	0.8560	2.7789
-0.8010	0.3074	0.8580	2.7752
-0.7999	0.3105	0.8580	2.7713
-0.8004	0.3145	0.8600	2.7672
-0.7992	0.3176	0.8600	2.7634
-0.7980	0.3206	0.8600	2.7595
-0.7986	0.3244	0.8620	2.7558
-0.7973	0.3277	0.8620	2.7517
-0.7979	0.3315	0.8640	2.7478
-0.7965	0.3348	0.8640	2.7437
-0.7953	0.3377	0.8640	2.7400
-0.7939	0.3410	0.8640	2.7359
-0.7925	0.3441	0.8640	2.7320
-0.7929	0.3481	0.8660	2.7279
-0.7916	0.3511	0.8660	2.7242
-0.7920	0.3552	0.8680	2.7200
-0.7906	0.3582	0.8680	2.7162
-0.7892	0.3615	0.8680	2.7121
-0.7878	0.3644	0.8680	2.7083
-0.7863	0.3677	0.8680	2.7042
-0.7867	0.3715	0.8700	2.7004
-0.7834	0.3738	0.8680	2.6964
-0.7837	0.3777	0.8700	2.6925
-0.7894	0.3844	0.8780	2.6884
-0.7879	0.3874	0.8780	2.6846
-0.7809	0.3879	0.8720	2.6805
-0.7741	0.3883	0.8660	2.6767
-0.7725	0.3914	0.8660	2.6726
-0.7763	0.3971	0.8720	2.6687
-0.7765	0.4012	0.8740	2.6647
-0.7767	0.4051	0.8760	2.6609
-0.7750	0.4083	0.8760	2.6568
-0.7752	0.4122	0.8780	2.6529
-0.7736	0.4153	0.8780	2.6489
-0.7720	0.4183	0.8780	2.6451
-0.7724	0.4216	0.8800	2.6420
-0.7709	0.4245	0.8800	2.6383
-0.7709	0.4286	0.8820	2.6341
-0.7692	0.4316	0.8820	2.6303
-0.7674	0.4347	0.8820	2.6262
-0.7675	0.4386	0.8840	2.6224
-0.7657	0.4418	0.8840	2.6183
-0.7657	0.4457	0.8860	2.6145
-0.7639	0.4488	0.8860	2.6105
-0.7622	0.4517	0.8860	2.6066
-0.7621	0.4559	0.8880	2.6025
-0.7620	0.4598	0.8900	2.5987
-0.7602	0.4629	0.8900	2.5946
-0.7601	0.4668	0.8920	2.5908
-0.7581	0.4700	0.8920	2.5867
-0.7580	0.4739	0.8940	2.5828
-0.7578	0.4781	0.8960	2.5788
-0.7560	0.4810	0.8960	2.5750
-0.7540	0.4841	0.8960	2.5709
-0.7538	0.4880	0.8980	2.5670
-0.7518	0.4911	0.8980	2.5630
-0.7516	0.4951	0.9000	2.5592
-0.7496	0.4981	0.9000	2.5550
-0.7493	0.5021	0.9020	2.5512
-0.7489	0.5063	0.9040	2.5472
-0.7486	0.5103	0.9060	2.5433
-0.7465	0.5133	0.9060	2.5392
-0.7462	0.5173	0.9080	2.5354
-0.7441	0.5203	0.9080	2.5314
-0.7438	0.5243	0.9100	2.5275
-0.7438	0.5277	0.9120	2.5245
-0.7433	0.5319	0.9140	2.5204
-0.7428	0.5360	0.9160	2.5166
-0.7392	0.5376	0.9140	2.5128
-0.7370	0.5406	0.9140	2.5087
-0.7397	0.5470	0.9200	2.5049
-0.7391	0.5512	0.9220	2.5008
-0.7370	0.5541	0.9220	2.4969
-0.7331	0.5558	0.9200	2.4929
-0.7326	0.5598	0.9220	2.4891
-0.7319	0.5641	0.9240	2.4850
-0.7313	0.5681	0.9260	2.4811
-0.7305	0.5723	0.9280	2.4771
-0.7299	0.5763	0.9300	2.4733
-0.7291	0.5806	0.9320	2.4691
-0.7284	0.5846	0.9340	2.4653
-0.7261	0.5875	0.9340	2.4613
-0.7269	0.5928	0.9380	2.4574
-0.7245	0.5958	0.9380	2.4533
-0.7237	0.5999	0.9400	2.4495
-0.7228	0.6041	0.9420	2.4455
-0.7220	0.6081	0.9440	2.4416
-0.7217	0.6116	0.9460	2.4386
-0.7207	0.6158	0.9480	2.4345
-0.7184	0.6186	0.9480	2.4307
-0.7173	0.6229	0.9500	2.4266
-0.7165	0.6269	0.9520	2.4228
-0.7154	0.6311	0.9540	2.4187
-0.7160	0.6365	0.9580	2.4149
-0.7148	0.6408	0.9600	2.4107
-0.7124	0.6435	0.9600	2.4070
-0.7112	0.6477	0.9620	2.4029
-0.7102	0.6518	0.9640	2.3990
-0.7090	0.6561	0.9660	2.3949
-0.7080	0.6601	0.9680	2.3912
-0.7067	0.6644	0.9700	2.3871
-0.7056	0.6685	0.9720	2.3832
-0.7058	0.6741	0.9760	2.3791
-0.7047	0.6782	0.9780	2.3754
-0.7033	0.6825	0.9800	2.3712
-0.7019	0.6867	0.9820	2.3671
-0.7013	0.6902	0.9840	2.3642
-0.6999	0.6945	0.9860	2.3600
-0.6986	0.6986	0.9880	2.3562
-0.6986	0.7043	0.9920	2.3522
-0.6971	0.7086	0.9940	2.3480
-0.6956	0.7129	0.9960	2.3439
-0.6941	0.7171	0.9980	2.3399
0.5001	0.4518	0.6740	0.7347
0.4990	0.4471	0.6700	0.7307
0.4978	0.4424	0.6660	0.7265
0.4970	0.4373	0.6620	0.7216
0.4958	0.4326	0.6580	0.7175
0.4944	0.4281	0.6540	0.7137
0.4931	0.4235	0.6500	0.7097
0.4921	0.4185	0.6460	0.7048
0.4908	0.4139	0.6420	0.7006
0.4894	0.4093	0.6380	0.6965
0.4879	0.4049	0.6340	0.6927
0.4869	0.3998	0.6300	0.6875
0.4868	0.3967	0.6280	0.6838
0.4853	0.3922	0.6240	0.6796
0.4854	0.3889	0.6220	0.6755
0.4838	0.3845	0.6180	0.6715
0.4826	0.3796	0.6140	0.6665
0.4810	0.3752	0.6100	0.6625
0.4808	0.3721	0.6080	0.6587
0.4792	0.3677	0.6040	0.6545
0.4791	0.3645	0.6020	0.6504
0.4777	0.3598	0.5980	0.6455
0.4759	0.3554	0.5940	0.6415
0.4757	0.3524	0.5920	0.6377
0.4739	0.3481	0.5880	0.6335
0.4737	0.3450	0.5860	0.6294
0.4721	0.3403	0.5820	0.6245
0.4719	0.3372	0.5800	0.6205
0.4715	0.3343	0.5780	0.6167
0.4696	0.3300	0.5740	0.6125
0.4694	0.3269	0.5720	0.6084
0.4677	0.3224	0.5680	0.6035
0.4673	0.3194	0.5660	0.5995
0.4670	0.3163	0.5640	0.5954
0.4648	0.3123	0.5600	0.5915
0.4648	0.3088	0.5580	0.5864
0.4626	0.3048	0.5540	0.5825
0.4622	0.3018	0.5520	0.5785
0.4617	0.2988	0.5500	0.5744
0.4612	0.2960	0.5480	0.5705
0.4610	0.2925	0.5460	0.5654
0.4588	0.2886	0.5420	0.5615
0.4582	0.2857	0.5400	0.5575
0.4577	0.2828	0.5380	0.5534
0.4572	0.2798	0.5360	0.5493
0.4568	0.2765	0.5340	0.5444
0.4545	0.2726	0.5300	0.5402
0.4538	0.2699	0.5280	0.5365
0.4532	0.2670	0.5260	0.5324
0.4526	0.2641	0.5240	0.5283
0.4521	0.2609	0.5220	0.5234
0.4515	0.2580	0.5200	0.5193
0.4507	0.2553	0.5180	0.5154
0.4482	0.2515	0.5140	0.5114
0.4477	0.2484	0.5120	0.5065
0.4479	0.2461	0.5110	0.5024
0.4471	0.2432	0.5090	0.4983
0.4463	0.2405	0.5070	0.4942
0.4455	0.2378	0.5050	0.4904
0.4447	0.2351	0.5030	0.4863
0.4441	0.2320	0.5010	0.4814
0.4432	0.2292	0.4990	0.4773
0.4424	0.2265	0.4970	0.4732
0.4415	0.2239	0.4950	0.4694
0.4406	0.2212	0.4930	0.4653
0.4399	0.2181	0.4910	0.4604
0.4390	0.2155	0.4890	0.4563
0.4389	0.2132	0.4880	0.4522
0.4380	0.2107	0.4860	0.4484
0.4370	0.2080	0.4840	0.4443
0.4362	0.2050	0.4820	0.4394
0.4362	0.2028	0.4810	0.4353
0.4351	0.2003	0.4790	0.4314
0.4341	0.1977	0.4770	0.4274
0.4330	0.1952	0.4750	0.4236
0.4329	0.1932	0.4740	0.4197
0.4320	0.1902	0.4720	0.4148
0.4309	0.1878	0.4700	0.4110
0.4307	0.1857	0.4690	0.4072
0.4295	0.1833	0.4670	0.4033
0.4284	0.1808	0.4650	0.3993
0.4282	0.1788	0.4640	0.3955
0.4281	0.1763	0.4630	0.3906
0.4279	0.1743	0.4620	0.3868
0.4267	0.1719	0.4600	0.3829
0.4255	0.1695	0.4580	0.3791
0.4243	0.1670	0.4560	0.3751
0.4241	0.1647	0.4550	0.3704
0.4238	0.1627	0.4540	0.3665
0.4226	0.1603	0.4520	0.3625
0.4223	0.1583	0.4510	0.3587
0.4220	0.1563	0.4500	0.3548
0.4216	0.1544	0.4490	0.3510
0.4205	0.1516	0.4470	0.3461
0.4201	0.1497	0.4460	0.3423
0.4188	0.1473	0.4440	0.3382
0.4194	0.1457	0.4440	0.3344
0.4181	0.1435	0.4420	0.3306
0.4177	0.1415	0.4410	0.3267
0.4173	0.1396	0.4400	0.3229
0.4170	0.1373	0.4390	0.3180
0.4156	0.1350	0.4370	0.3142
0.4152	0.1331	0.4360	0.3102
0.4148	0.1312	0.4350	0.3063
0.4143	0.1293	0.4340	0.3025
0.4129	0.1271	0.4320	0.2986
0.4125	0.1248	0.4310	0.2938
0.4121	0.1229	0.4300	0.2899
0.4116	0.1211	0.4290	0.2861
0.4111	0.1191	0.4280	0.2821
0.4106	0.1173	0.4270	0.2782
0.4101	0.1154	0.4260	0.2744
0.4095	0.1136	0.4250	0.2706
0.4090	0.1118	0.4240	0.2667
0.4086	0.1095	0.4230	0.2618
0.4080	0.1077	0.4220	0.2580
0.4075	0.1058	0.4210	0.2540
0.4069	0.1040	0.4200	0.2501
0.4064	0.1022	0.4190	0.2463
0.4058	0.1004	0.4180	0.2425
0.4052	0.0986	0.4170	0.2386
0.4047	0.0964	0.4160	0.2337
0.4041	0.0945	0.4150	0.2297
0.4045	0.0929	0.4150	0.2259
0.4038	0.0912	0.4140	0.2220
0.4032	0.0894	0.4130	0.2182
0.4026	0.0876	0.4120	0.2144
0.4019	0.0858	0.4110	0.2103
0.4023	0.0843	0.4110	0.2065
0.4016	0.0825	0.4100	0.2027
0.4010	0.0804	0.4090	0.1978
0.4004	0.0786	0.4080	0.1940
0.3997	0.0769	0.4070	0.1901
0.3990	0.0752	0.4060	0.1863
0.3993	0.0736	0.4060	0.1823
0.3986	0.0719	0.4050	0.1784
0.3979	0.0702	0.4040	0.1746
0.3972	0.0681	0.4030	0.1697
0.3965	0.0664	0.4020	0.1659
0.3957	0.0647	0.4010	0.1620
0.3960	0.0632	0.4010	0.1582
0.3953	0.0614	0.4000	0.1542
0.3945	0.0598	0.3990	0.1503
0.3937	0.0581	0.3980	0.1465
0.3940	0.0566	0.3980	0.1427
0.3932	0.0549	0.3970	0.1388
0.3934	0.0534	0.3970	0.1348
0.3927	0.0514	0.3960	0.1301
0.3919	0.0497	0.3950	0.1261
0.3921	0.0482	0.3950	0.1222
0.3912	0.0465	0.3940	0.1184
0.3914	0.0450	0.3940	0.1146
0.3906	0.0433	0.3930	0.1104
0.3898	0.0418	0.3920	0.1067
0.3889	0.0402	0.3910	0.1029
0.3891	0.0387	0.3910	0.0990
0.3892	0.0372	0.3910	0.0952
0.3884	0.0352	0.3900	0.0903
0.3875	0.0336	0.3890	0.0865
0.3877	0.0320	0.3890	0.0825
0.3868	0.0305	0.3880	0.0786
0.3869	0.0290	0.3880	0.0748
0.3860	0.0274	0.3870	0.0709
0.3851	0.0259	0.3860	0.0671
0.3852	0.0243	0.3860	0.0631
0.3853	0.0229	0.3860	0.0593
0.3854	0.0214	0.3860	0.0554
0.3845	0.0198	0.3850	0.0516
0.3836	0.0179	0.3840	0.0467
0.3836	0.0165	0.3840	0.0429
0.3827	0.0148	0.3830	0.0387
0.3828	0.0134	0.3830	0.0350
0.3828	0.0119	0.3830	0.0312
0.3819	0.0103	0.3820	0.0270
0.3819	0.0089	0.3820	0.0232
0.3809	0.0074	0.3810	0.0194
0.3800	0.0058	0.3800	0.0153
0.3790	0.0044	0.3790	0.0115
0.3790	0.0029	0.3790	0.0077
0.3790	0.0013	0.3790	0.0035
0.3790	-0.0001	0.3790	-0.0002
0.3780	-0.0020	0.3780	-0.0052
0.3770	-0.0034	0.3770	-0.0089
0.3770	-0.0048	0.3770	-0.0128
0.3769	-0.0064	0.3770	-0.0169
0.3769	-0.0078	0.3770	-0.0207
0.3759	-0.0092	0.3760	-0.0245
0.3758	-0.0107	0.3760	-0.0286
0.3758	-0.0122	0.3760	-0.0324
0.3758	-0.0136	0.3760	-0.0362
0.3757	-0.0151	0.3760	-0.0403
0.3746	-0.0165	0.3750	-0.0441
0.3746	-0.0180	0.3750	-0.0479
0.3735	-0.0195	0.3740	-0.0521
0.3734	-0.0209	0.3740	-0.0559
0.3733	-0.0223	0.3740	-0.0596
0.3722	-0.0237	0.3730	-0.0635
0.3721	-0.0252	0.3730	-0.0676
0.3710	-0.0269	0.3720	-0.0725
0.3709	-0.0284	0.3720	-0.0763
0.3708	-0.0298	0.3720	-0.0802
0.3697	-0.0312	0.3710	-0.0842
0.3696	-0.0326	0.3710	-0.0880
0.3694	-0.0340	0.3710	-0.0918
0.3693	-0.0356	0.3710	-0.0960
0.3692	-0.0370	0.3710	-0.0998
0.3680	-0.0382	0.3700	-0.1035
0.3679	-0.0397	0.3700	-0.1074
0.3677	-0.0412	0.3700	-0.1115
0.3675	-0.0426	0.3700	-0.1153
0.3674	-0.0440	0.3700	-0.1192
0.3662	-0.0453	0.3690	-0.1232
0.3660	-0.0467	0.3690	-0.1270
0.3658	-0.0482	0.3690	-0.1309
0.3656	-0.0497	0.3690	-0.1350
0.3655	-0.0510	0.3690	-0.1387
0.3643	-0.0523	0.3680	-0.1426
0.3640	-0.0538	0.3680	-0.1467
0.3628	-0.0554	0.3670	-0.1516
0.3626	-0.0568	0.3670	-0.1554
0.3624	-0.0582	0.3670	-0.1592
0.3632	-0.0594	0.3680	-0.1622
0.3629	-0.0608	0.3680	-0.1661
0.3627	-0.0622	0.3680	-0.1699
0.3614	-0.0638	0.3670	-0.1748
0.3622	-0.0651	0.3680	-0.1778
0.3619	-0.0665	0.3680	-0.1816
0.3617	-0.0679	0.3680	-0.1857
0.3614	-0.0693	0.3680	-0.1894
0.3601	-0.0709	0.3670	-0.1944
0.3598	-0.0723	0.3670	-0.1982
0.3595	-0.0737	0.3670	-0.2023
0.3592	-0.0751	0.3670	-0.2061
0.3589	-0.0765	0.3670	-0.2100
0.3597	-0.0778	0.3680	-0.2129
0.3583	-0.0793	0.3670	-0.2178
0.3580	-0.0807	0.3670	-0.2217
0.3577	-0.0822	0.3670	-0.2258
0.3564	-0.0833	0.3660	-0.2296
0.3561	-0.0846	0.3660	-0.2334
0.3558	-0.0860	0.3660	-0.2372
0.3564	-0.0877	0.3670	-0.2413
0.3571	-0.0889	0.3680	-0.2440
0.3577	-0.0906	0.3690	-0.2481
0.3583	-0.0922	0.3700	-0.2520
0.3560	-0.0931	0.3680	-0.2558
0.3536	-0.0943	0.3660	-0.2607
0.3533	-0.0958	0.3660	-0.2647
0.3529	-0.0971	0.3660	-0.2685
0.3525	-0.0985	0.3660	-0.2724
0.3521	-0.0999	0.3660	-0.2765
0.3517	-0.1013	0.3660	-0.2803
0.3504	-0.1023	0.3650	-0.2841
0.3499	-0.1037	0.3650	-0.2882
0.3505	-0.1054	0.3660	-0.2920
0.3511	-0.1070	0.3670	-0.2959
0.3497	-0.1081	0.3660	-0.2997
0.3473	-0.1089	0.3640	-0.3037
0.3469	-0.1102	0.3640	-0.3076
0.3474	-0.1118	0.3650	-0.3114
0.3470	-0.1133	0.3650	-0.3155
0.3466	-0.1146	0.3650	-0.3193
0.3471	-0.1162	0.3660	-0.3231
0.3475	-0.1180	0.3670	-0.3272
0.3481	-0.1193	0.3680	-0.3302
0.3466	-0.1208	0.3670	-0.3354
0.3451	-0.1218	0.3660	-0.3392
0.3446	-0.1232	0.3660	-0.3433
0.3441	-0.1246	0.3660	-0.3474
0.3436	-0.1260	0.3660	-0.3515
0.3451	-0.1278	0.3680	-0.3547
0.3446	-0.1292	0.3680	-0.3589
0.3450	-0.1310	0.3690	-0.3629
0.3444	-0.1324	0.3690	-0.3670
0.3439	-0.1338	0.3690	-0.3711
0.3434	-0.1351	0.3690	-0.3750
0.3437	-0.1369	0.3700	-0.3790
0.3432	-0.1383	0.3700	-0.3831
0.3426	-0.1397	0.3700	-0.3872
0.3420	-0.1411	0.3700	-0.3913
0.3415	-0.1425	0.3700	-0.3954
0.3409	-0.1439	0.3700	-0.3995
0.3403	-0.1453	0.3700	-0.4035
0.3406	-0.1471	0.3710	-0.4077
0.3400	-0.1485	0.3710	-0.4118
0.3394	-0.1499	0.3710	-0.4158
0.3388	-0.1513	0.3710	-0.4199
0.3391	-0.1531	0.3720	-0.4240
0.3384	-0.1544	0.3720	-0.4281
0.3378	-0.1558	0.3720	-0.4322
0.3371	-0.1572	0.3720	-0.4363
0.3376	-0.1586	0.3730	-0.4393
0.3369	-0.1600	0.3730	-0.4434
0.3363	-0.1614	0.3730	-0.4474
0.3356	-0.1628	0.3730	-0.4516
0.3358	-0.1646	0.3740	-0.4557
0.3352	-0.1659	0.3740	-0.4597
0.3345	-0.1673	0.3740	-0.4638
0.3347	-0.1691	0.3750	-0.4680
0.3340	-0.1705	0.3750	-0.4720
0.3333	-0.1719	0.3750	-0.4761
0.3326	-0.1732	0.3750	-0.4802
0.3328	-0.1750	0.3760	-0.4843
0.3320	-0.1764	0.3760	-0.4884
0.3322	-0.1783	0.3770	-0.4925
0.3315	-0.1796	0.3770	-0.4965
0.3307	-0.1810	0.3770	-0.5007
0.3309	-0.1828	0.3780	-0.5048
0.3301	-0.1841	0.3780	-0.5088
0.3294	-0.1854	0.3780	-0.5126
0.3286	-0.1868	0.3780	-0.5168
0.3289	-0.1883	0.3790	-0.5200
0.3281	-0.1897	0.3790	-0.5241
0.3282	-0.1915	0.3800	-0.5282
0.3283	-0.1934	0.3810	-0.5323
0.3275	-0.1947	0.3810	-0.5364
0.3267	-0.1960	0.3810	-0.5404
0.3259	-0.1974	0.3810	-0.5446
0.3259	-0.1992	0.3820	-0.5487
0.3260	-0.2010	0.3830	-0.5524
0.3252	-0.2023	0.3830	-0.5565
0.3252	-0.2042	0.3840	-0.5607
0.3244	-0.2055	0.3840	-0.5647
0.3235	-0.2068	0.3840	-0.5688
0.3237	-0.2084	0.3850	-0.5721
0.3228	-0.2098	0.3850	-0.5762
0.3228	-0.2116	0.3860	-0.5802
0.3220	-0.2129	0.3860	-0.5844
0.3211	-0.2143	0.3860	-0.5885
0.3211	-0.2161	0.3870	-0.5923
0.3210	-0.2179	0.3880	-0.5963
0.3210	-0.2198	0.3890	-0.6005
0.3200	-0.2211	0.3890	-0.6046
0.3192	-0.2224	0.3890	-0.6086
0.3191	-0.2243	0.3900	-0.6127
0.3181	-0.2256	0.3900	-0.6169
0.3182	-0.2272	0.3910	-0.6201
0.3173	-0.2285	0.3910	-0.6241
0.3171	-0.2304	0.3920	-0.6283
0.3171	-0.2322	0.3930	-0.6321
0.3161	-0.2335	0.3930	-0.6362
0.3160	-0.2354	0.3940	-0.6402
0.3150	-0.2367	0.3940	-0.6444
0.3148	-0.2386	0.3950	-0.6485
0.3146	-0.2404	0.3960	-0.6525
0.3147	-0.2421	0.3970	-0.6558
0.3137	-0.2434	0.3970	-0.6599
0.3134	-0.2453	0.3980	-0.6640
0.3124	-0.2465	0.3980	-0.6680
0.3115	-0.2477	0.3980	-0.6719
0.3113	-0.2496	0.3990	-0.6760
0.3110	-0.2516	0.4000	-0.6801
0.3100	-0.2528	0.4000	-0.6842
0.3097	-0.2547	0.4010	-0.6883
0.3094	-0.2566	0.4020	-0.6924
0.3084	-0.2579	0.4020	-0.6964
0.3081	-0.2598	0.4030	-0.7005
0.3080	-0.2614	0.4040	-0.7038
0.3084	-0.2640	0.4060	-0.7079
0.3074	-0.2652	0.4060	-0.7120
0.3071	-0.2671	0.4070	-0.7158
0.3061	-0.2683	0.4070	-0.7196
0.3058	-0.2701	0.4080	-0.7235
0.3055	-0.2720	0.4090	-0.7275
0.3054	-0.2735	0.4100	-0.7303
0.3051	-0.2754	0.4110	-0.7344
0.3048	-0.2772	0.4120	-0.7381
0.3044	-0.2791	0.4130	-0.7420
0.3033	-0.2803	0.4130	-0.7461
0.3029	-0.2822	0.4140	-0.7499
0.3026	-0.2840	0.4150	-0.7538
0.3022	-0.2859	0.4160	-0.7578
0.3021	-0.2875	0.4170	-0.7606
0.3017	-0.2894	0.4180	-0.7646
0.3013	-0.2912	0.4190	-0.7684
0.3009	-0.2931	0.4200	-0.7723
0.3004	-0.2950	0.4210	-0.7764
0.3000	-0.2968	0.4220	-0.7801
0.2995	-0.2987	0.4230	-0.7840
0.2993	-0.3003	0.4240	-0.7870
0.2989	-0.3021	0.4250	-0.7908
0.2984	-0.3041	0.4260	-0.7949
0.2972	-0.3052	0.4260	-0.7987
0.2960	-0.3064	0.4260	-0.8026
0.2955	-0.3083	0.4270	-0.8066
0.2957	-0.3108	0.4290	-0.8104
0.2968	-0.3139	0.4320	-0.8134
0.2963	-0.3158	0.4330	-0.8172
0.2951	-0.3169	0.4330	-0.8211
0.2938	-0.3180	0.4330	-0.8249
0.2932	-0.3200	0.4340	-0.8290
0.2934	-0.3225	0.4360	-0.8328
0.2935	-0.3252	0.4380	-0.8366
0.2921	-0.3264	0.4380	-0.8407
0.2909	-0.3275	0.4380	-0.8446
0.2903	-0.3293	0.4390	-0.8484
0.2899	-0.3310	0.4400	-0.8514
0.2900	-0.3336	0.4420	-0.8552
0.2893	-0.3355	0.4430	-0.8592
0.2887	-0.3374	0.4440	-0.8631
0.2887	-0.3400	0.4460	-0.8669
0.2879	-0.3419	0.4470	-0.8710
0.2883	-0.3443	0.4490	-0.8737
0.2875	-0.3462	0.4500	-0.8778
0.2868	-0.3481	0.4510	-0.8817
0.2861	-0.3499	0.4520	-0.8854
0.2853	-0.3519	0.4530	-0.8895
0.2852	-0.3545	0.4550	-0.8934
0.2848	-0.3562	0.4560	-0.8963
0.2846	-0.3588	0.4580	-0.9002
0.2839	-0.3607	0.4590	-0.9040
0.2836	-0.3634	0.4610	-0.9081
0.2829	-0.3653	0.4620	-0.9119
0.2821	-0.3672	0.4630	-0.9157
0.2822	-0.3696	0.4650	-0.9187
0.2814	-0.3715	0.4660	-0.9225
0.2811	-0.3742	0.4680	-0.9266
0.2802	-0.3761	0.4690	-0.9305
0.2794	-0.3780	0.4700	-0.9343
0.2784	-0.3799	0.4710	-0.9383
0.2786	-0.3823	0.4730	-0.9411
0.2782	-0.3850	0.4750	-0.9451
0.2773	-0.3869	0.4760	-0.9490
0.2770	-0.3896	0.4780	-0.9528
0.2759	-0.3915	0.4790	-0.9569
0.2756	-0.3942	0.4810	-0.9607
0.2747	-0.3961	0.4820	-0.9645
0.2746	-0.3986	0.4840	-0.9676
0.2737	-0.4004	0.4850	-0.9713
0.2731	-0.4032	0.4870	-0.9754
0.2727	-0.4059	0.4890	-0.9793
0.2717	-0.4078	0.4900	-0.9831
0.2716	-0.4103	0.4920	-0.9861
0.2711	-0.4130	0.4940	-0.9899
0.2701	-0.4148	0.4950	-0.9937
0.2695	-0.4176	0.4970	-0.9978
0.2689	-0.4203	0.4990	-1.0016
0.2684	-0.4230	0.5010	-1.0054
0.2682	-0.4255	0.5030	-1.0084
0.2676	-0.4282	0.5050	-1.0122
0.2664	-0.4302	0.5060	-1.0164
0.2658	-0.4329	0.5080	-1.0202
0.2647	-0.4348	0.5090	-1.0239
0.2639	-0.4376	0.5110	-1.0281
0.2637	-0.4400	0.5130	-1.0308
0.2635	-0.4437	0.5160	-1.0349
0.2628	-0.4464	0.5180	-1.0387
0.2611	-0.4474	0.5180	-1.0425
0.2603	-0.4502	0.5200	-1.0466
0.2596	-0.4529	0.5220	-1.0504
0.2601	-0.4572	0.5260	-1.0535
0.2594	-0.4599	0.5280	-1.0572
0.2586	-0.4626	0.5300	-1.0610
0.2577	-0.4654	0.5320	-1.0652
0.2569	-0.4682	0.5340	-1.0690
0.2564	-0.4707	0.5360	-1.0720
0.2556	-0.4734	0.5380	-1.0758
0.2547	-0.4762	0.5400	-1.0796
0.2537	-0.4790	0.5420	-1.0837
0.2528	-0.4817	0.5440	-1.0875
0.2517	-0.4845	0.5460	-1.0916
0.2513	-0.4870	0.5480	-1.0943
0.2512	-0.4916	0.5520	-1.0984
0.2502	-0.4943	0.5540	-1.1023
0.2492	-0.4970	0.5560	-1.1061
0.2481	-0.4998	0.5580	-1.1101
0.2474	-0.5024	0.5600	-1.1132
0.2464	-0.5051	0.5620	-1.1169
0.2462	-0.5096	0.5660	-1.1208
0.2450	-0.5125	0.5680	-1.1249
0.2439	-0.5152	0.5700	-1.1287
0.2432	-0.5177	0.5720	-1.1317
0.2429	-0.5223	0.5760	-1.1355
0.2416	-0.5251	0.5780	-1.1396
0.2404	-0.5278	0.5800	-1.1434
0.2392	-0.5306	0.5820	-1.1472
0.2393	-0.5349	0.5860	-1.1502
0.2379	-0.5377	0.5880	-1.1543
0.2374	-0.5423	0.5920	-1.1582
0.2361	-0.5451	0.5940	-1.1620
0.2355	-0.5497	0.5980	-1.1660
0.2346	-0.5522	0.6000	-1.1691
0.2341	-0.5568	0.6040	-1.1728
0.2327	-0.5595	0.6060	-1.1767
0.2312	-0.5623	0.6080	-1.1808
0.2305	-0.5669	0.6120	-1.1846
0.2303	-0.5713	0.6160	-1.1876
0.2289	-0.5741	0.6180	-1.1914
0.2280	-0.5787	0.6220	-1.1955
0.2265	-0.5814	0.6240	-1.1993
0.2257	-0.5860	0.6280	-1.2031
0.2254	-0.5904	0.6320	-1.2061
0.2239	-0.5932	0.6340	-1.2099
0.2228	-0.5978	0.6380	-1.2140
0.2219	-0.6024	0.6420	-1.2179
0.2202	-0.6052	0.6440	-1.2219
0.2198	-0.6096	0.6480	-1.2247
0.2187	-0.6142	0.6520	-1.2288
0.2177	-0.6188	0.6560	-1.2326
0.2164	-0.6235	0.6600	-1.2367
0.2147	-0.6262	0.6620	-1.2405
0.2141	-0.6306	0.6660	-1.2435
0.2130	-0.6353	0.6700	-1.2473
0.2118	-0.6399	0.6740	-1.2512
0.2105	-0.6445	0.6780	-1.2552
0.2092	-0.6491	0.6820	-1.2590
0.2084	-0.6536	0.6860	-1.2621
0.2072	-0.6582	0.6900	-1.2658
0.2062	-0.6647	0.6960	-1.2699
0.2043	-0.6674	0.6980	-1.2738
0.2029	-0.6720	0.7020	-1.2776
0.2026	-0.6784	0.7080	-1.2806
0.2009	-0.6831	0.7120	-1.2847
0.1994	-0.6877	0.7160	-1.2885
0.1985	-0.6942	0.7220	-1.2923
0.1975	-0.6986	0.7260	-1.2954
0.1962	-0.7052	0.7320	-1.2994
0.1946	-0.7098	0.7360	-1.3032
0.1929	-0.7144	0.7400	-1.3070
0.1923	-0.7208	0.7460	-1.3100
0.1906	-0.7254	0.7500	-1.3139
0.1891	-0.7320	0.7560	-1.3180
0.1878	-0.7385	0.7620	-1.3218
0.1863	-0.7451	0.7680	-1.3258
0.1851	-0.7495	0.7720	-1.3286
0.1835	-0.7560	0.7780	-1.3326
0.1820	-0.7626	0.7840	-1.3365
0.1803	-0.7692	0.7900	-1.3406
0.1791	-0.7735	0.7940	-1.3433
0.1777	-0.7821	0.8020	-1.3474
0.1760	-0.7886	0.8080	-1.3512
0.1742	-0.7951	0.8140	-1.3551
0.1731	-0.8015	0.8200	-1.3581
0.1711	-0.8081	0.8260	-1.3622
0.1693	-0.8146	0.8320	-1.3659
0.1677	-0.8231	0.8400	-1.3697
0.1655	-0.8296	0.8460	-1.3739
0.1646	-0.8380	0.8540	-1.3768
0.1625	-0.8445	0.8600	-1.3807
0.1608	-0.8530	0.8680	-1.3845
0.1584	-0.8595	0.8740	-1.3885
0.1574	-0.8678	0.8820	-1.3913
0.1549	-0.8744	0.8880	-1.3954
0.1534	-0.8848	0.8980	-1.3992
0.1510	-0.8933	0.9060	-1.4033
0.1500	-0.9016	0.9140	-1.4060
0.1475	-0.9101	0.9220	-1.4101
0.1453	-0.9186	0.9300	-1.4139
0.1427	-0.9271	0.9380	-1.4181
0.1414	-0.9354	0.9460	-1.4208
0.1387	-0.9439	0.9540	-1.4249
0.1365	-0.9543	0.9640	-1.4287
0.1340	-0.9647	0.9740	-1.4327
0.1324	-0.9750	0.9840	-1.4358
0.1295	-0.9835	0.9920	-1.4398
-0.3263	-0.7326	0.8020	-1.9899
-0.3308	-0.7350	0.8060	-1.9937
-0.3338	-0.7336	0.8060	-1.9978
-0.3375	-0.7342	0.8080	-2.0017
-0.3404	-0.7328	0.8080	-2.0057
-0.3449	-0.7351	0.8120	-2.0095
-0.3505	-0.7391	0.8180	-2.0136
-0.9660	-0.2507	0.9980	-2.8876
-0.9631	-0.2460	0.9940	-2.8915
-0.9641	-0.2421	0.9940	-2.8956
-0.9650	-0.2382	0.9940	-2.8996
-0.9641	-0.2337	0.9920	-2.9037
-0.9650	-0.2300	0.9920	-2.9076
-0.9640	-0.2256	0.9900	-2.9117
-0.9610	-0.2208	0.9860	-2.9157
-0.9599	-0.2164	0.9840	-2.9198
-0.9608	-0.2125	0.9840	-2.9240
-0.9599	-0.2073	0.9820	-2.9288
-0.9607	-0.2034	0.9820	-2.9330
-0.9615	-0.1998	0.9820	-2.9367
-0.9564	-0.1946	0.9760	-2.9408
-0.9533	-0.1899	0.9720	-2.9450
-0.9580	-0.1868	0.9760	-2.9490
-0.9547	-0.1824	0.9720	-2.9528
-0.9515	-0.1777	0.9680	-2.9569
-0.9542	-0.1743	0.9700	-2.9610
-0.9530	-0.1700	0.9680	-2.9651
-0.9497	-0.1656	0.9640	-2.9689
-0.9523	-0.1620	0.9660	-2.9730
-0.9490	-0.1578	0.9620	-2.9768
-0.9457	-0.1533	0.9580	-2.9809
-0.9482	-0.1500	0.9600	-2.9847
-0.9449	-0.1454	0.9560	-2.9889
-0.9415	-0.1410	0.9520	-2.9929
-0.9420	-0.1374	0.9520	-2.9967
-0.9386	-0.1330	0.9480	-3.0008
-0.9371	-0.1291	0.9460	-3.0047
-0.9436	-0.1261	0.9520	-3.0087
-0.9461	-0.1228	0.9540	-3.0125
-0.9406	-0.1181	0.9480	-3.0167
-0.9352	-0.1128	0.9420	-3.0216
-0.9100	-0.1047	0.9160	-3.0270
-0.9104	-0.1010	0.9160	-3.0311
-0.9128	-0.0975	0.9180	-3.0352
-0.9112	-0.0935	0.9160	-3.0393
-0.9096	-0.0898	0.9140	-3.0431
-0.9099	-0.0862	0.9140	-3.0472
-0.9083	-0.0823	0.9120	-3.0513
-0.9067	-0.0776	0.9100	-3.0562
-0.9070	-0.0739	0.9100	-3.0603
-0.9053	-0.0700	0.9080	-3.0644
-0.9016	-0.0663	0.9040	-3.0682
-0.8998	-0.0625	0.9020	-3.0723
-0.9021	-0.0589	0.9040	-3.0764
-0.9023	-0.0553	0.9040	-3.0804
-0.9045	-0.0519	0.9060	-3.0843
-0.9047	-0.0482	0.9060	-3.0884
-0.8989	-0.0442	0.9000	-3.0925
-0.8931	-0.0403	0.8940	-3.0965
-0.8992	-0.0368	0.9000	-3.1007
-0.8994	-0.0334	0.9000	-3.1045
-0.8895	-0.0294	0.8900	-3.1085
-0.8856	-0.0256	0.8860	-3.1126
-0.8877	-0.0220	0.8880	-3.1168
-0.8898	-0.0188	0.8900	-3.1205
-0.8899	-0.0151	0.8900	-3.1246
-0.8899	-0.0114	0.8900	-3.1287
-0.8900	-0.0079	0.8900	-3.1328
-0.8880	-0.0044	0.8880	-3.1366
-0.8880	-0.0008	0.8880	-3.1407
-0.8460	-0.0030	0.8460	-3.1380
-0.8500	-0.0005	0.8500	-3.1410
-0.7591	-0.0361	0.7600	-3.0941
-0.7633	-0.0332	0.7640	-3.0982
-0.7654	-0.0301	0.7660	-3.1023
-0.7695	-0.0280	0.7700	-3.1053
-0.7716	-0.0249	0.7720	-3.1094
-0.7757	-0.0220	0.7760	-3.1132
-0.7798	-0.0190	0.7800	-3.1172
-0.7818	-0.0158	0.7820	-3.1214
-0.7859	-0.0127	0.7860	-3.1255
-0.7899	-0.0097	0.7900	-3.1293
-0.7920	-0.0065	0.7920	-3.1333
-0.7960	-0.0042	0.7960	-3.1363
-0.8000	-0.0009	0.8000	-3.1404
-0.3560	-0.0035	0.3560	-3.1317
-0.3580	-0.0025	0.3580	-3.1345
-0.3600	-0.0011	0.3600	-3.1385
