x	y	r	phi
-0.9460	0.0013	0.9460	3.1403
-0.9480	0.0051	0.9480	3.1362
-0.9480	0.0090	0.9480	3.1321
-0.9479	0.0129	0.9480	3.1280
-0.9499	0.0168	0.9500	3.1240
-0.9518	0.0207	0.9520	3.1198
-0.9517	0.0246	0.9520	3.1157
-0.9536	0.0283	0.9540	3.1119
-0.9535	0.0322	0.9540	3.1078
-0.9553	0.0362	0.9560	3.1037
-0.9572	0.0402	0.9580	3.0996
-0.9570	0.0441	0.9580	3.0956
-0.9568	0.0480	0.9580	3.0915
-0.9586	0.0521	0.9600	3.0873
-0.9604	0.0558	0.9620	3.0836
-0.9601	0.0597	0.9620	3.0795
-0.9619	0.0638	0.9640	3.0753
-0.9636	0.0678	0.9660	3.0713
-0.9653	0.0720	0.9680	3.0672
-0.9650	0.0759	0.9680	3.0631
-0.9667	0.0800	0.9700	3.0590
-0.9684	0.0839	0.9720	3.0552
-0.9700	0.0880	0.9740	3.0511
-0.9716	0.0922	0.9760	3.0470
-0.9713	0.0961	0.9760	3.0429
-0.9708	0.1001	0.9760	3.0388
-0.9724	0.1043	0.9780	3.0347
-0.9740	0.1085	0.9800	3.0307
-0.9755	0.1124	0.9820	3.0268
-0.9772	0.1159	0.9840	3.0236
-0.9787	0.1201	0.9860	3.0194
-0.9782	0.1239	0.9860	3.0156
-0.9797	0.1281	0.9880	3.0116
-0.9811	0.1324	0.9900	3.0075
-0.9825	0.1367	0.9920	3.0033
-0.9840	0.1409	0.9940	2.9993
-0.9853	0.1453	0.9960	2.9952
-0.9868	0.1494	0.9980	2.9914
-0.9861	0.1533	0.9980	2.9873
0.0726	0.9954	0.9980	1.4980
0.0756	0.9811	0.9840	1.4939
0.0797	0.9687	0.9720	1.4887
0.0825	0.9564	0.9600	1.4847
0.0854	0.9441	0.9480	1.4806
0.0892	0.9317	0.9360	1.4754
0.0920	0.9214	0.9260	1.4713
0.0945	0.9091	0.9140	1.4673
0.0981	0.8987	0.9040	1.4621
0.1007	0.8883	0.8940	1.4580
0.1032	0.8780	0.8840	1.4538
0.1062	0.8675	0.8740	1.4489
0.1086	0.8572	0.8640	1.4448
0.1110	0.8488	0.8560	1.4408
0.1140	0.8383	0.8460	1.4356
0.1161	0.8279	0.8360	1.4315
0.1184	0.8195	0.8280	1.4274
0.1205	0.8111	0.8200	1.4233
0.1235	0.8026	0.8120	1.4182
0.1255	0.7941	0.8040	1.4140
0.1272	0.7837	0.7940	1.4099
0.1299	0.7752	0.7860	1.4047
0.1317	0.7668	0.7780	1.4007
0.1338	0.7603	0.7720	1.3966
0.1361	0.7518	0.7640	1.3917
0.1380	0.7433	0.7560	1.3873
0.1398	0.7369	0.7500	1.3833
0.1420	0.7283	0.7420	1.3783
0.1437	0.7218	0.7360	1.3743
0.1451	0.7134	0.7280	1.3701
0.1476	0.7068	0.7220	1.3650
0.1488	0.6983	0.7140	1.3608
0.1504	0.6919	0.7080	1.3568
0.1526	0.6852	0.7020	1.3516
0.1541	0.6787	0.6960	1.3475
0.1554	0.6723	0.6900	1.3437
0.1568	0.6658	0.6840	1.3395
0.1586	0.6592	0.6780	1.3347
0.1597	0.6527	0.6720	1.3308
0.1612	0.6483	0.6680	1.3271
0.1629	0.6416	0.6620	1.3221
0.1640	0.6352	0.6560	1.3181
0.1649	0.6287	0.6500	1.3142
0.1670	0.6240	0.6460	1.3093
0.1678	0.6176	0.6400	1.3055
0.1687	0.6111	0.6340	1.3014
0.1706	0.6064	0.6300	1.2965
0.1713	0.6000	0.6240	1.2927
0.1725	0.5955	0.6200	1.2888
0.1738	0.5910	0.6160	1.2848
0.1750	0.5844	0.6100	1.2798
0.1760	0.5799	0.6060	1.2761
0.1765	0.5735	0.6000	1.2722
0.1781	0.5688	0.5960	1.2674
0.1792	0.5642	0.5920	1.2632
0.1802	0.5597	0.5880	1.2594
0.1810	0.5531	0.5820	1.2545
0.1819	0.5486	0.5780	1.2507
0.1829	0.5441	0.5740	1.2466
0.1843	0.5415	0.5720	1.2428
0.1857	0.5368	0.5680	1.2378
0.1857	0.5304	0.5620	1.2341
0.1870	0.5257	0.5580	1.2291
0.1884	0.5231	0.5560	1.2251
0.1890	0.5186	0.5520	1.2212
0.1897	0.5141	0.5480	1.2174
0.1908	0.5095	0.5440	1.2125
0.1914	0.5049	0.5400	1.2084
0.1927	0.5023	0.5380	1.2046
0.1937	0.4976	0.5340	1.1997
0.1941	0.4932	0.5300	1.1958
0.1954	0.4905	0.5280	1.1918
0.1957	0.4861	0.5240	1.1880
0.1966	0.4814	0.5200	1.1831
0.1977	0.4788	0.5180	1.1792
0.1981	0.4743	0.5140	1.1751
0.1996	0.4715	0.5120	1.1702
0.1999	0.4670	0.5080	1.1664
0.2010	0.4644	0.5060	1.1624
0.2015	0.4609	0.5030	1.1585
0.2026	0.4571	0.5000	1.1536
0.2031	0.4536	0.4970	1.1498
0.2037	0.4500	0.4940	1.1457
0.2046	0.4474	0.4920	1.1419
0.2056	0.4437	0.4890	1.1370
0.2060	0.4402	0.4860	1.1331
0.2069	0.4375	0.4840	1.1290
0.2078	0.4338	0.4810	1.1241
0.2086	0.4312	0.4790	1.1203
0.2089	0.4277	0.4760	1.1165
0.2093	0.4242	0.4730	1.1124
0.2105	0.4214	0.4710	1.1075
0.2112	0.4188	0.4690	1.1037
0.2114	0.4153	0.4660	1.0999
0.2122	0.4126	0.4640	1.0957
0.2133	0.4098	0.4620	1.0909
0.2140	0.4072	0.4600	1.0870
0.2150	0.4055	0.4590	1.0833
0.2157	0.4029	0.4570	1.0792
0.2163	0.3992	0.4540	1.0743
0.2164	0.3957	0.4510	1.0704
0.2164	0.3923	0.4480	1.0666
0.2174	0.3894	0.4460	1.0617
0.2180	0.3868	0.4440	1.0576
0.2180	0.3834	0.4410	1.0537
0.2189	0.3817	0.4400	1.0500
0.2198	0.3788	0.4380	1.0450
0.2203	0.3762	0.4360	1.0410
0.2208	0.3737	0.4340	1.0372
0.2212	0.3711	0.4320	1.0333
0.2225	0.3691	0.4310	1.0284
0.2235	0.3674	0.4300	1.0243
0.2233	0.3640	0.4270	1.0205
0.2231	0.3606	0.4240	1.0167
0.2238	0.3578	0.4220	1.0118
0.2253	0.3569	0.4220	1.0077
0.2255	0.3543	0.4200	1.0039
0.2265	0.3525	0.4190	0.9998
0.2267	0.3500	0.4170	0.9959
0.2273	0.3472	0.4150	0.9910
0.2281	0.3455	0.4140	0.9872
0.2284	0.3429	0.4120	0.9832
0.2292	0.3412	0.4110	0.9794
0.2297	0.3384	0.4090	0.9745
0.2304	0.3367	0.4080	0.9706
0.2307	0.3341	0.4060	0.9665
0.2314	0.3324	0.4050	0.9627
0.2319	0.3296	0.4030	0.9578
0.2325	0.3279	0.4020	0.9539
0.2327	0.3253	0.4000	0.9499
0.2334	0.3236	0.3990	0.9461
0.2341	0.3219	0.3980	0.9420
0.2345	0.3191	0.3960	0.9371
0.2352	0.3173	0.3950	0.9329
0.2359	0.3156	0.3940	0.9289
0.2365	0.3139	0.3930	0.9251
0.2366	0.3113	0.3910	0.9210
0.2375	0.3094	0.3900	0.9161
0.2375	0.3068	0.3880	0.9120
0.2382	0.3050	0.3870	0.9079
0.2388	0.3033	0.3860	0.9038
0.2393	0.3016	0.3850	0.9000
0.2403	0.2995	0.3840	0.8948
0.2409	0.2978	0.3830	0.8907
0.2407	0.2953	0.3810	0.8869
0.2413	0.2936	0.3800	0.8828
0.2419	0.2918	0.3790	0.8787
0.2426	0.2898	0.3780	0.8738
0.2425	0.2873	0.3760	0.8697
0.2431	0.2856	0.3750	0.8656
0.2435	0.2839	0.3740	0.8618
0.2440	0.2821	0.3730	0.8577
0.2447	0.2802	0.3720	0.8528
0.2452	0.2784	0.3710	0.8487
0.2457	0.2767	0.3700	0.8446
0.2461	0.2749	0.3690	0.8405
0.2465	0.2732	0.3680	0.8367
0.2473	0.2712	0.3670	0.8315
0.2477	0.2695	0.3660	0.8275
0.2480	0.2678	0.3650	0.8237
0.2485	0.2660	0.3640	0.8195
0.2489	0.2643	0.3630	0.8154
0.2492	0.2625	0.3620	0.8114
0.2498	0.2606	0.3610	0.8065
0.2502	0.2588	0.3600	0.8024
0.2505	0.2572	0.3590	0.7985
0.2516	0.2561	0.3590	0.7944
0.2519	0.2544	0.3580	0.7904
0.2522	0.2527	0.3570	0.7863
0.2527	0.2507	0.3560	0.7814
0.2531	0.2490	0.3550	0.7772
0.2534	0.2472	0.3540	0.7731
0.2536	0.2456	0.3530	0.7694
0.2539	0.2438	0.3520	0.7653
0.2549	0.2428	0.3520	0.7611
0.2553	0.2409	0.3510	0.7563
0.2556	0.2391	0.3500	0.7521
0.2558	0.2374	0.3490	0.7481
0.2560	0.2357	0.3480	0.7443
0.2570	0.2347	0.3480	0.7401
0.2572	0.2330	0.3470	0.7361
0.2576	0.2310	0.3460	0.7311
0.2585	0.2300	0.3460	0.7271
0.2587	0.2283	0.3450	0.7230
0.2588	0.2266	0.3440	0.7191
0.2590	0.2249	0.3430	0.7151
0.2591	0.2232	0.3420	0.7110
0.2595	0.2213	0.3410	0.7061
0.2604	0.2202	0.3410	0.7020
0.2605	0.2185	0.3400	0.6979
0.2614	0.2174	0.3400	0.6938
0.2615	0.2158	0.3390	0.6900
0.2616	0.2141	0.3380	0.6859
0.2624	0.2130	0.3380	0.6819
0.2625	0.2113	0.3370	0.6777
0.2633	0.2103	0.3370	0.6739
0.2636	0.2083	0.3360	0.6687
0.2644	0.2073	0.3360	0.6649
0.2645	0.2056	0.3350	0.6609
0.2653	0.2045	0.3350	0.6567
0.2654	0.2028	0.3340	0.6526
0.2653	0.2012	0.3330	0.6488
0.2656	0.1992	0.3320	0.6436
0.2655	0.1976	0.3310	0.6399
0.2663	0.1965	0.3310	0.6357
0.2671	0.1954	0.3310	0.6316
0.2671	0.1938	0.3300	0.6276
0.2670	0.1922	0.3290	0.6238
0.2678	0.1911	0.3290	0.6196
0.2678	0.1894	0.3280	0.6155
0.2679	0.1875	0.3270	0.6106
0.2678	0.1858	0.3260	0.6066
0.2686	0.1847	0.3260	0.6025
0.2685	0.1831	0.3250	0.5983
0.2692	0.1820	0.3250	0.5945
0.2691	0.1804	0.3240	0.5905
0.2707	0.1798	0.3250	0.5864
0.2706	0.1782	0.3240	0.5822
0.2706	0.1763	0.3230	0.5774
0.2714	0.1752	0.3230	0.5733
0.2720	0.1742	0.3230	0.5695
0.2719	0.1725	0.3220	0.5654
0.2726	0.1714	0.3220	0.5612
0.2724	0.1698	0.3210	0.5572
0.2731	0.1687	0.3210	0.5534
0.2738	0.1676	0.3210	0.5493
0.2745	0.1665	0.3210	0.5452
0.2743	0.1648	0.3200	0.5411
0.2750	0.1637	0.3200	0.5370
0.2756	0.1626	0.3200	0.5330
0.2756	0.1607	0.3190	0.5280
0.2753	0.1591	0.3180	0.5240
0.2751	0.1575	0.3170	0.5198
0.2758	0.1563	0.3170	0.5157
0.2755	0.1547	0.3160	0.5117
0.2762	0.1536	0.3160	0.5076
0.2768	0.1525	0.3160	0.5037
0.2774	0.1514	0.3160	0.4997
0.2773	0.1495	0.3150	0.4944
0.2779	0.1484	0.3150	0.4904
0.2785	0.1472	0.3150	0.4863
0.2782	0.1456	0.3140	0.4821
0.2787	0.1446	0.3140	0.4784
0.2793	0.1434	0.3140	0.4743
0.2799	0.1423	0.3140	0.4702
0.2796	0.1407	0.3130	0.4661
0.2802	0.1395	0.3130	0.4620
0.2808	0.1384	0.3130	0.4579
0.2813	0.1372	0.3130	0.4539
0.2819	0.1361	0.3130	0.4497
0.2815	0.1345	0.3120	0.4456
0.2829	0.1338	0.3130	0.4418
0.2826	0.1323	0.3120	0.4378
0.2831	0.1311	0.3120	0.4336
0.2829	0.1292	0.3110	0.4285
0.2834	0.1280	0.3110	0.4243
0.2830	0.1265	0.3100	0.4203
0.2835	0.1254	0.3100	0.4165
0.2840	0.1242	0.3100	0.4124
0.2845	0.1231	0.3100	0.4083
0.2850	0.1219	0.3100	0.4042
0.2846	0.1204	0.3090	0.4001
0.2851	0.1192	0.3090	0.3961
0.2856	0.1180	0.3090	0.3919
0.2861	0.1169	0.3090	0.3878
0.2856	0.1153	0.3080	0.3838
0.2861	0.1141	0.3080	0.3797
0.2865	0.1130	0.3080	0.3758
0.2870	0.1119	0.3080	0.3717
0.2874	0.1107	0.3080	0.3677
0.2879	0.1095	0.3080	0.3636
0.2883	0.1083	0.3080	0.3594
0.2888	0.1072	0.3080	0.3554
0.2883	0.1054	0.3070	0.3505
0.2888	0.1042	0.3070	0.3464
0.2892	0.1030	0.3070	0.3423
0.2896	0.1019	0.3070	0.3382
0.2900	0.1007	0.3070	0.3341
0.2904	0.0995	0.3070	0.3300
0.2908	0.0983	0.3070	0.3260
0.2912	0.0971	0.3070	0.3218
0.2916	0.0959	0.3070	0.3177
0.2920	0.0948	0.3070	0.3139
0.2924	0.0936	0.3070	0.3099
0.2928	0.0924	0.3070	0.3057
0.2931	0.0912	0.3070	0.3016
0.2935	0.0900	0.3070	0.2976
0.2939	0.0888	0.3070	0.2935
0.2942	0.0876	0.3070	0.2893
0.2946	0.0864	0.3070	0.2853
0.2949	0.0852	0.3070	0.2812
0.2953	0.0841	0.3070	0.2774
0.2956	0.0829	0.3070	0.2733
0.2950	0.0814	0.3060	0.2692
0.2953	0.0802	0.3060	0.2651
0.2956	0.0790	0.3060	0.2611
0.2960	0.0778	0.3060	0.2569
0.2963	0.0765	0.3060	0.2528
0.2966	0.0753	0.3060	0.2488
0.2969	0.0741	0.3060	0.2447
0.2972	0.0729	0.3060	0.2405
0.2975	0.0718	0.3060	0.2367
0.2987	0.0708	0.3070	0.2327
0.2980	0.0693	0.3060	0.2286
0.2983	0.0681	0.3060	0.2244
0.2986	0.0669	0.3060	0.2204
0.2989	0.0657	0.3060	0.2163
0.2991	0.0644	0.3060	0.2122
0.2994	0.0632	0.3060	0.2081
0.3006	0.0622	0.3070	0.2040
0.3009	0.0610	0.3070	0.1999
0.3011	0.0598	0.3070	0.1962
0.3004	0.0584	0.3060	0.1920
0.3006	0.0572	0.3060	0.1879
0.3018	0.0561	0.3070	0.1839
0.3021	0.0549	0.3070	0.1798
0.3023	0.0536	0.3070	0.1756
0.3025	0.0524	0.3070	0.1716
0.3027	0.0512	0.3070	0.1675
0.3029	0.0499	0.3070	0.1634
0.3031	0.0488	0.3070	0.1595
0.3033	0.0475	0.3070	0.1555
0.3035	0.0463	0.3070	0.1514
0.3037	0.0450	0.3070	0.1473
0.3038	0.0439	0.3070	0.1435
0.3050	0.0431	0.3080	0.1405
0.3051	0.0420	0.3080	0.1367
0.3053	0.0408	0.3080	0.1329
0.3055	0.0395	0.3080	0.1288
0.3056	0.0384	0.3080	0.1249
0.3057	0.0372	0.3080	0.1211
0.3059	0.0360	0.3080	0.1171
0.3060	0.0348	0.3080	0.1132
0.3062	0.0336	0.3080	0.1094
0.3063	0.0324	0.3080	0.1053
0.3064	0.0312	0.3080	0.1015
0.3075	0.0301	0.3090	0.0974
0.3076	0.0289	0.3090	0.0936
0.3078	0.0277	0.3090	0.0897
0.3079	0.0265	0.3090	0.0857
0.3090	0.0254	0.3100	0.0819
0.3091	0.0242	0.3100	0.0780
0.3092	0.0229	0.3100	0.0739
0.3092	0.0217	0.3100	0.0702
0.3103	0.0206	0.3110	0.0663
0.3104	0.0193	0.3110	0.0622
0.3105	0.0181	0.3110	0.0584
0.3105	0.0170	0.3110	0.0546
0.3106	0.0157	0.3110	0.0505
0.3107	0.0145	0.3110	0.0467
0.3117	0.0136	0.3120	0.0437
0.3118	0.0124	0.3120	0.0399
0.3128	0.0113	0.3130	0.0360
0.3128	0.0100	0.3130	0.0319
0.3129	0.0088	0.3130	0.0281
0.3139	0.0076	0.3140	0.0244
0.3139	0.0064	0.3140	0.0202
0.3140	0.0051	0.3140	0.0164
0.3140	0.0039	0.3140	0.0126
0.3140	0.0027	0.3140	0.0085
0.3140	0.0015	0.3140	0.0047
0.3150	0.0003	0.3150	0.0009
0.3150	-0.0010	0.3150	-0.0033
0.3160	-0.0020	0.3160	-0.0062
0.3160	-0.0032	0.3160	-0.0101
0.3170	-0.0044	0.3170	-0.0139
0.3169	-0.0057	0.3170	-0.0179
0.3169	-0.0069	0.3170	-0.0218
0.3179	-0.0081	0.3180	-0.0256
0.3179	-0.0094	0.3180	-0.0297
0.3178	-0.0106	0.3180	-0.0335
0.3188	-0.0119	0.3190	-0.0373
0.3187	-0.0132	0.3190	-0.0414
0.3197	-0.0141	0.3200	-0.0441
0.3196	-0.0154	0.3200	-0.0482
0.3206	-0.0167	0.3210	-0.0521
0.3205	-0.0179	0.3210	-0.0559
0.3194	-0.0192	0.3200	-0.0599
0.3193	-0.0204	0.3200	-0.0638
0.3203	-0.0218	0.3210	-0.0679
0.3202	-0.0230	0.3210	-0.0717
0.3211	-0.0243	0.3220	-0.0755
0.3220	-0.0257	0.3230	-0.0796
0.3219	-0.0269	0.3230	-0.0834
0.3218	-0.0281	0.3230	-0.0872
0.3207	-0.0293	0.3220	-0.0913
0.3205	-0.0306	0.3220	-0.0951
0.3204	-0.0318	0.3220	-0.0989
0.3213	-0.0332	0.3230	-0.1031
0.3222	-0.0342	0.3240	-0.1057
0.3230	-0.0356	0.3250	-0.1099
0.3239	-0.0370	0.3260	-0.1137
0.3247	-0.0383	0.3270	-0.1174
0.3246	-0.0397	0.3270	-0.1216
0.3255	-0.0407	0.3280	-0.1243
0.3253	-0.0420	0.3280	-0.1284
0.3261	-0.0434	0.3290	-0.1322
0.3259	-0.0447	0.3290	-0.1363
0.3268	-0.0461	0.3300	-0.1402
0.3276	-0.0475	0.3310	-0.1439
0.3274	-0.0488	0.3310	-0.1480
0.3282	-0.0502	0.3320	-0.1519
0.3290	-0.0514	0.3330	-0.1548
0.3288	-0.0526	0.3330	-0.1587
0.3296	-0.0540	0.3340	-0.1625
0.3304	-0.0555	0.3350	-0.1665
0.3311	-0.0570	0.3360	-0.1704
0.3319	-0.0582	0.3370	-0.1734
0.3317	-0.0594	0.3370	-0.1772
0.3315	-0.0607	0.3370	-0.1810
0.3302	-0.0621	0.3360	-0.1859
0.3310	-0.0633	0.3370	-0.1890
0.3317	-0.0648	0.3380	-0.1928
0.3325	-0.0663	0.3390	-0.1968
0.3322	-0.0676	0.3390	-0.2007
0.3329	-0.0690	0.3400	-0.2045
0.3336	-0.0706	0.3410	-0.2086
0.3333	-0.0719	0.3410	-0.2124
0.3341	-0.0731	0.3420	-0.2154
0.3328	-0.0745	0.3410	-0.2203
0.3325	-0.0759	0.3410	-0.2243
0.3332	-0.0771	0.3420	-0.2274
0.3339	-0.0787	0.3430	-0.2314
0.3355	-0.0805	0.3450	-0.2356
0.3361	-0.0821	0.3460	-0.2397
0.3368	-0.0834	0.3470	-0.2427
0.3375	-0.0850	0.3480	-0.2468
0.3381	-0.0866	0.3490	-0.2506
0.3377	-0.0879	0.3490	-0.2546
0.3383	-0.0896	0.3500	-0.2588
0.3389	-0.0912	0.3510	-0.2629
0.3386	-0.0925	0.3510	-0.2666
0.3392	-0.0939	0.3520	-0.2700
0.3399	-0.0954	0.3530	-0.2737
0.3404	-0.0971	0.3540	-0.2778
0.3400	-0.0985	0.3540	-0.2820
0.3406	-0.1001	0.3550	-0.2860
0.3412	-0.1017	0.3560	-0.2898
0.3418	-0.1031	0.3570	-0.2931
0.3423	-0.1047	0.3580	-0.2969
0.3429	-0.1064	0.3590	-0.3010
0.3424	-0.1078	0.3590	-0.3051
0.3429	-0.1095	0.3600	-0.3092
0.3435	-0.1112	0.3610	-0.3130
0.3440	-0.1126	0.3620	-0.3163
0.3446	-0.1142	0.3630	-0.3201
0.3450	-0.1160	0.3640	-0.3242
0.3455	-0.1177	0.3650	-0.3283
0.3460	-0.1194	0.3660	-0.3324
0.3464	-0.1212	0.3670	-0.3365
0.3460	-0.1225	0.3670	-0.3403
0.3465	-0.1239	0.3680	-0.3433
0.3470	-0.1256	0.3690	-0.3474
0.3474	-0.1274	0.3700	-0.3515
0.3478	-0.1292	0.3710	-0.3556
0.3482	-0.1308	0.3720	-0.3593
0.3487	-0.1323	0.3730	-0.3627
0.3492	-0.1340	0.3740	-0.3664
0.3495	-0.1358	0.3750	-0.3706
0.3499	-0.1376	0.3760	-0.3747
0.3503	-0.1394	0.3770	-0.3787
0.3506	-0.1412	0.3780	-0.3828
0.3511	-0.1426	0.3790	-0.3858
0.3515	-0.1443	0.3800	-0.3896
0.3518	-0.1462	0.3810	-0.3938
0.3522	-0.1480	0.3820	-0.3979
0.3525	-0.1498	0.3830	-0.4019
0.3528	-0.1517	0.3840	-0.4060
0.3532	-0.1531	0.3850	-0.4090
0.3535	-0.1550	0.3860	-0.4131
0.3548	-0.1571	0.3880	-0.4170
0.3550	-0.1590	0.3890	-0.4210
0.3553	-0.1608	0.3900	-0.4251
0.3557	-0.1623	0.3910	-0.4281
0.3560	-0.1642	0.3920	-0.4322
0.3571	-0.1665	0.3940	-0.4363
0.3574	-0.1683	0.3950	-0.4401
0.3576	-0.1702	0.3960	-0.4442
0.3580	-0.1717	0.3970	-0.4472
0.3591	-0.1740	0.3990	-0.4513
0.3592	-0.1759	0.4000	-0.4554
0.3594	-0.1778	0.4010	-0.4594
0.3596	-0.1796	0.4020	-0.4633
0.3598	-0.1816	0.4030	-0.4674
0.3610	-0.1835	0.4050	-0.4704
0.3611	-0.1855	0.4060	-0.4745
0.3622	-0.1879	0.4080	-0.4786
0.3623	-0.1898	0.4090	-0.4826
0.3626	-0.1914	0.4100	-0.4856
0.3636	-0.1938	0.4120	-0.4897
0.3637	-0.1957	0.4130	-0.4936
0.3647	-0.1981	0.4150	-0.4977
0.3647	-0.2001	0.4160	-0.5017
0.3659	-0.2021	0.4180	-0.5048
0.3659	-0.2041	0.4190	-0.5088
0.3668	-0.2066	0.4210	-0.5129
0.3669	-0.2085	0.4220	-0.5168
0.3680	-0.2107	0.4240	-0.5200
0.3689	-0.2131	0.4260	-0.5239
0.3689	-0.2151	0.4270	-0.5279
0.3697	-0.2176	0.4290	-0.5320
0.3705	-0.2202	0.4310	-0.5361
0.3724	-0.2228	0.4340	-0.5391
0.3741	-0.2259	0.4370	-0.5432
0.3759	-0.2306	0.4410	-0.5503
0.5542	-0.3511	0.6560	-0.5647
0.5544	-0.3544	0.6580	-0.5688
0.5563	-0.3589	0.6620	-0.5729
0.5565	-0.3622	0.6640	-0.5770
0.5571	-0.3650	0.6660	-0.5800
0.5589	-0.3695	0.6700	-0.5841
0.5591	-0.3729	0.6720	-0.5882
0.5608	-0.3774	0.6760	-0.5923
0.5610	-0.3808	0.6780	-0.5963
0.5611	-0.3877	0.6820	-0.6046
0.4960	-0.3516	0.6080	-0.6166
0.4914	-0.3512	0.6040	-0.6206
0.4867	-0.3509	0.6000	-0.6247
0.4833	-0.3521	0.5980	-0.6296
0.4819	-0.3541	0.5980	-0.6337
0.4788	-0.3549	0.5960	-0.6378
0.4774	-0.3568	0.5960	-0.6419
0.4743	-0.3576	0.5940	-0.6460
0.4744	-0.3607	0.5960	-0.6501
0.4730	-0.3627	0.5960	-0.6541
0.4715	-0.3646	0.5960	-0.6583
0.4715	-0.3678	0.5980	-0.6624
0.4701	-0.3697	0.5980	-0.6664
0.4685	-0.3716	0.5980	-0.6705
0.4690	-0.3742	0.6000	-0.6735
0.4690	-0.3774	0.6020	-0.6776
0.4690	-0.3806	0.6040	-0.6818
0.4674	-0.3889	0.6080	-0.6940
0.5913	-0.4994	0.7740	-0.7013
0.5923	-0.5044	0.7780	-0.7054
0.5933	-0.5095	0.7820	-0.7096
0.5942	-0.5145	0.7860	-0.7136
0.5951	-0.5196	0.7900	-0.7177
0.5966	-0.5240	0.7940	-0.7207
0.5989	-0.5304	0.8000	-0.7248
0.5997	-0.5355	0.8040	-0.7289
0.6005	-0.5406	0.8080	-0.7330
0.6027	-0.5471	0.8140	-0.7371
0.6034	-0.5523	0.8180	-0.7412
0.6062	-0.5581	0.8240	-0.7442
0.6068	-0.5634	0.8280	-0.7483
0.6074	-0.5685	0.8320	-0.7523
0.6095	-0.5752	0.8380	-0.7564
0.6114	-0.5818	0.8440	-0.7606
0.6126	-0.5864	0.8480	-0.7635
0.6145	-0.5931	0.8540	-0.7677
0.6150	-0.5983	0.8580	-0.7717
0.6168	-0.6051	0.8640	-0.7758
0.6171	-0.6104	0.8680	-0.7799
0.6189	-0.6171	0.8740	-0.7840
0.6212	-0.6233	0.8800	-0.7870
0.6215	-0.6286	0.8840	-0.7911
0.6245	-0.6369	0.8920	-0.7952
0.6247	-0.6423	0.8960	-0.7993
0.6263	-0.6491	0.9020	-0.8033
0.6277	-0.6561	0.9080	-0.8074
0.6313	-0.6637	0.9160	-0.8104
0.6313	-0.6692	0.9200	-0.8145
0.6326	-0.6762	0.9260	-0.8187
0.6325	-0.6872	0.9340	-0.8268
0.4000	-0.4579	0.6080	-0.8527
0.3981	-0.4595	0.6080	-0.8568
0.3950	-0.4596	0.6060	-0.8609
0.3919	-0.4596	0.6040	-0.8647
0.3887	-0.4597	0.6020	-0.8688
0.3881	-0.4628	0.6040	-0.8729
0.3863	-0.4644	0.6040	-0.8770
0.3856	-0.4675	0.6060	-0.8811
0.3862	-0.4722	0.6100	-0.8852
0.3886	-0.4780	0.6160	-0.8882
0.3891	-0.4827	0.6200	-0.8923
0.3897	-0.4874	0.6240	-0.8963
0.3902	-0.4921	0.6280	-0.9004
0.3910	-0.4965	0.6320	-0.9037
0.3927	-0.5029	0.6380	-0.9078
0.3945	-0.5091	0.6440	-0.9116
0.3952	-0.5136	0.6480	-0.9149
0.3401	-0.4549	0.5680	-0.9288
0.3411	-0.4591	0.5720	-0.9318
0.3376	-0.4593	0.5700	-0.9370
0.3357	-0.4607	0.5700	-0.9411
0.3326	-0.4604	0.5680	-0.9451
0.3307	-0.4618	0.5680	-0.9492
0.3288	-0.4631	0.5680	-0.9534
0.3258	-0.4628	0.5660	-0.9574
0.3251	-0.4658	0.5680	-0.9615
0.3243	-0.4688	0.5700	-0.9656
0.3241	-0.4713	0.5720	-0.9683
0.3244	-0.4759	0.5760	-0.9724
0.3260	-0.4821	0.5820	-0.9763
0.3268	-0.4864	0.5860	-0.9793
0.3281	-0.4928	0.5920	-0.9834
0.3296	-0.4990	0.5980	-0.9871
0.3302	-0.5033	0.6020	-0.9902
0.3316	-0.5096	0.6080	-0.9940
0.3328	-0.5160	0.6140	-0.9980
0.3355	-0.5237	0.6220	-1.0010
0.3367	-0.5301	0.6280	-1.0049
0.3383	-0.5362	0.6340	-1.0079
0.3395	-0.5425	0.6400	-1.0117
0.3420	-0.5504	0.6480	-1.0147
0.3430	-0.5569	0.6540	-1.0188
0.3450	-0.5650	0.6620	-1.0226
0.3464	-0.5711	0.6680	-1.0256
0.3484	-0.5793	0.6760	-1.0294
0.3507	-0.5873	0.6840	-1.0325
0.3524	-0.5956	0.6920	-1.0365
0.3542	-0.6038	0.7000	-1.0403
0.3564	-0.6118	0.7080	-1.0433
0.3580	-0.6201	0.7160	-1.0471
0.3602	-0.6281	0.7240	-1.0501
0.3625	-0.6382	0.7340	-1.0542
0.3640	-0.6466	0.7420	-1.0581
0.3670	-0.6564	0.7520	-1.0610
0.3693	-0.6665	0.7620	-1.0649
0.3721	-0.6764	0.7720	-1.0678
0.3741	-0.6867	0.7820	-1.0720
0.3762	-0.6969	0.7920	-1.0758
0.3789	-0.7069	0.8020	-1.0788
0.3809	-0.7171	0.8120	-1.0826
0.3843	-0.7289	0.8240	-1.0856
0.3869	-0.7411	0.8360	-1.0897
0.3902	-0.7529	0.8480	-1.0927
0.2966	-0.7559	0.8120	-1.1969
0.2935	-0.7571	0.8120	-1.2009
0.2914	-0.7601	0.8140	-1.2048
0.2867	-0.7661	0.8180	-1.2127
-0.0586	-0.8039	0.8060	-1.6436
-0.0622	-0.8076	0.8100	-1.6477
-0.0655	-0.8073	0.8100	-1.6517
-0.0686	-0.8071	0.8100	-1.6555
-0.8626	-0.3255	0.9220	-2.7807
-0.8751	-0.3264	0.9340	-2.7846
-0.8820	-0.3251	0.9400	-2.7884
-0.8833	-0.3215	0.9400	-2.7925
-0.8845	-0.3182	0.9400	-2.7963
-0.8857	-0.3148	0.9400	-2.8001
-0.8851	-0.3105	0.9380	-2.8042
-0.8882	-0.3078	0.9400	-2.8080
-0.8894	-0.3043	0.9400	-2.8119
-0.8905	-0.3010	0.9400	-2.8156
-0.8917	-0.2973	0.9400	-2.8197
-0.8929	-0.2939	0.9400	-2.8236
-0.8921	-0.2899	0.9380	-2.8274
-0.8932	-0.2865	0.9380	-2.8312
-0.8943	-0.2829	0.9380	-2.8353
-0.8954	-0.2794	0.9380	-2.8391
-0.8965	-0.2760	0.9380	-2.8429
-0.8976	-0.2723	0.9380	-2.8471
-0.8986	-0.2689	0.9380	-2.8508
-0.8996	-0.2655	0.9380	-2.8546
-0.9007	-0.2620	0.9380	-2.8585
-0.9017	-0.2583	0.9380	-2.8626
-0.9027	-0.2549	0.9380	-2.8663
-0.9037	-0.2512	0.9380	-2.8705
-0.9048	-0.2475	0.9380	-2.8746
-0.9057	-0.2440	0.9380	-2.8784
-0.9067	-0.2404	0.9380	-2.8824
-0.9077	-0.2366	0.9380	-2.8866
-0.9086	-0.2331	0.9380	-2.8904
-0.9095	-0.2295	0.9380	-2.8944
-0.9104	-0.2257	0.9380	-2.8986
-0.9113	-0.2222	0.9380	-2.9024
-0.9122	-0.2185	0.9380	-2.9065
-0.9131	-0.2148	0.9380	-2.9105
-0.9139	-0.2113	0.9380	-2.9144
-0.9148	-0.2075	0.9380	-2.9185
-0.9156	-0.2038	0.9380	-2.9225
-0.9164	-0.2003	0.9380	-2.9264
-0.9172	-0.1966	0.9380	-2.9305
-0.9180	-0.1928	0.9380	-2.9346
-0.9207	-0.1897	0.9400	-2.9383
-0.9214	-0.1859	0.9400	-2.9425
-0.9222	-0.1821	0.9400	-2.9466
-0.9229	-0.1784	0.9400	-2.9506
-0.9236	-0.1749	0.9400	-2.9544
-0.9243	-0.1711	0.9400	-2.9586
-0.9270	-0.1676	0.9420	-2.9627
-0.9276	-0.1642	0.9420	-2.9664
-0.9283	-0.1603	0.9420	-2.9706
-0.9289	-0.1565	0.9420	-2.9747
-0.9295	-0.1529	0.9420	-2.9785
-0.9301	-0.1492	0.9420	-2.9825
-0.9307	-0.1454	0.9420	-2.9867
-0.9332	-0.1421	0.9440	-2.9905
-0.9338	-0.1383	0.9440	-2.9945
-0.9344	-0.1345	0.9440	-2.9986
-0.9349	-0.1309	0.9440	-3.0025
-0.9372	-0.1284	0.9460	-3.0055
-0.9398	-0.1248	0.9480	-3.0096
-0.9442	-0.1215	0.9520	-3.0136
-0.9467	-0.1181	0.9540	-3.0174
-0.9452	-0.1140	0.9520	-3.0216
-0.9060	-0.1048	0.9120	-3.0264
-0.9123	-0.1017	0.9180	-3.0306
-0.9167	-0.0985	0.9220	-3.0346
-0.9171	-0.0947	0.9220	-3.0387
-0.9195	-0.0911	0.9240	-3.0428
-0.9199	-0.0874	0.9240	-3.0469
-0.9222	-0.0840	0.9260	-3.0507
-0.9225	-0.0802	0.9260	-3.0548
-0.9248	-0.0766	0.9280	-3.0589
-0.9251	-0.0729	0.9280	-3.0630
-0.9254	-0.0691	0.9280	-3.0671
-0.9277	-0.0654	0.9300	-3.0712
-0.9280	-0.0617	0.9300	-3.0752
-0.9302	-0.0582	0.9320	-3.0791
-0.9304	-0.0544	0.9320	-3.0832
-0.9306	-0.0506	0.9320	-3.0872
-0.9328	-0.0469	0.9340	-3.0914
-0.9350	-0.0431	0.9360	-3.0955
-0.9352	-0.0394	0.9360	-3.0995
-0.9353	-0.0355	0.9360	-3.1036
-0.9375	-0.0320	0.9380	-3.1075
-0.9376	-0.0281	0.9380	-3.1116
-0.9377	-0.0244	0.9380	-3.1156
-0.9398	-0.0205	0.9400	-3.1197
-0.9399	-0.0167	0.9400	-3.1239
-0.9399	-0.0129	0.9400	-3.1279
-0.9420	-0.0090	0.9420	-3.1320
-0.9440	-0.0054	0.9440	-3.1358
-0.9440	-0.0016	0.9440	-3.1399
-0.2489	-0.0061	0.2490	-3.1172
-0.2489	-0.0050	0.2490	-3.1214
-0.2500	-0.0040	0.2500	-3.1255
-0.2500	-0.0031	0.2500	-3.1293
-0.2510	-0.0023	0.2510	-3.1326
-0.2520	-0.0013	0.2520	-3.1366
-0.2520	-0.0003	0.2520	-3.1404
-0.2183	-0.0174	0.2190	-3.0622
-0.2194	-0.0168	0.2200	-3.0652
-0.2194	-0.0159	0.2200	-3.0693
-0.2195	-0.0150	0.2200	-3.0733
-0.2205	-0.0142	0.2210	-3.0775
-0.2206	-0.0133	0.2210	-3.0813
-0.2207	-0.0124	0.2210	-3.0854
-0.2207	-0.0115	0.2210	-3.0894
-0.2207	-0.0107	0.2210	-3.0933
-0.2208	-0.0098	0.2210	-3.0974
-0.2208	-0.0089	0.2210	-3.1014
-0.2209	-0.0080	0.2210	-3.1055
-0.1960	-0.0041	0.1960	-3.1208
-0.1970	-0.0036	0.1970	-3.1236
-0.1970	-0.0028	0.1970	-3.1276
-0.1970	-0.0020	0.1970	-3.1314
-0.1970	-0.0012	0.1970	-3.1353
-0.1970	-0.0004	0.1970	-3.1394
-0.1657	-0.0104	0.1660	-3.0791
-0.1657	-0.0097	0.1660	-3.0829
-0.1667	-0.0093	0.1670	-3.0859
-0.1668	-0.0087	0.1670	-3.0897
-0.1668	-0.0080	0.1670	-3.0936
-0.1668	-0.0074	0.1670	-3.0974
-0.1669	-0.0067	0.1670	-3.1012
-0.1669	-0.0061	0.1670	-3.1050
-0.1679	-0.0056	0.1680	-3.1080
-0.1679	-0.0050	0.1680	-3.1118
-0.1679	-0.0044	0.1680	-3.1156
-0.1680	-0.0037	0.1680	-3.1194
-0.1680	-0.0031	0.1680	-3.1233
-0.1680	-0.0024	0.1680	-3.1271
-0.1680	-0.0018	0.1680	-3.1310
-0.1690	-0.0013	0.1690	-3.1339
-0.1690	-0.0006	0.1690	-3.1378
-0.3560	-0.0035	0.3560	-3.1317
-0.3580	-0.0025	0.3580	-3.1345
-0.3600	-0.0011	0.3600	-3.1385
