x	y	r	phi
-0.4790	0.0002	0.4790	3.1411
-0.4800	0.0023	0.4800	3.1367
-0.4810	0.0043	0.4810	3.1327
-0.4820	0.0063	0.4820	3.1286
-0.4829	0.0079	0.4830	3.1253
-0.4849	0.0099	0.4850	3.1212
-0.4859	0.0119	0.4860	3.1170
-0.4868	0.0139	0.4870	3.1130
-0.4877	0.0160	0.4880	3.1089
-0.4877	0.0181	0.4880	3.1046
-0.4886	0.0201	0.4890	3.1005
-0.4895	0.0222	0.4900	3.0963
-0.4904	0.0242	0.4910	3.0923
-0.4923	0.0259	0.4930	3.0891
-0.4932	0.0280	0.4940	3.0849
-0.4941	0.0301	0.4950	3.0808
-0.4949	0.0323	0.4960	3.0765
-0.4968	0.0344	0.4980	3.0724
-0.4977	0.0366	0.4990	3.0682
-0.4985	0.0386	0.5000	3.0642
-0.4993	0.0408	0.5010	3.0601
-0.5012	0.0426	0.5030	3.0568
-0.5020	0.0447	0.5040	3.0527
-0.5048	0.0470	0.5070	3.0487
-0.5066	0.0495	0.5090	3.0443
-0.5054	0.0514	0.5080	3.0402
-0.5042	0.0534	0.5070	3.0361
-0.5050	0.0556	0.5080	3.0320
-0.5067	0.0579	0.5100	3.0279
-0.5085	0.0601	0.5120	3.0239
-0.5082	0.0622	0.5120	3.0197
-0.5080	0.0642	0.5120	3.0159
-0.5098	0.0660	0.5140	3.0129
-0.5095	0.0681	0.5140	3.0088
-0.5092	0.0700	0.5140	3.0050
-0.5109	0.0723	0.5160	3.0009
-0.5146	0.0749	0.5200	2.9971
-0.5162	0.0773	0.5220	2.9930
-0.5180	0.0791	0.5240	2.9900
-0.5177	0.0811	0.5240	2.9862
-0.5193	0.0836	0.5260	2.9821
-0.5210	0.0858	0.5280	2.9783
-0.5226	0.0883	0.5300	2.9742
-0.5242	0.0907	0.5320	2.9704
-0.5239	0.0928	0.5320	2.9663
-0.5255	0.0951	0.5340	2.9625
-0.5271	0.0971	0.5360	2.9594
-0.5287	0.0996	0.5380	2.9554
-0.5303	0.1020	0.5400	2.9516
-0.5318	0.1046	0.5420	2.9474
-0.5334	0.1071	0.5440	2.9434
-0.5349	0.1095	0.5460	2.9396
-0.5344	0.1118	0.5460	2.9355
-0.5361	0.1138	0.5480	2.9325
-0.5376	0.1162	0.5500	2.9287
-0.5390	0.1189	0.5520	2.9245
-0.5405	0.1214	0.5540	2.9207
-0.5420	0.1240	0.5560	2.9167
-0.5435	0.1265	0.5580	2.9128
-0.5450	0.1286	0.5600	2.9099
-0.5464	0.1313	0.5620	2.9057
-0.5479	0.1339	0.5640	2.9019
-0.5493	0.1366	0.5660	2.8979
-0.5487	0.1387	0.5660	2.8940
-0.5501	0.1414	0.5680	2.8899
-0.5536	0.1441	0.5720	2.8870
-0.5549	0.1467	0.5740	2.8831
-0.5563	0.1495	0.5760	2.8790
-0.5576	0.1523	0.5780	2.8750
-0.5589	0.1550	0.5800	2.8711
-0.5602	0.1578	0.5820	2.8670
-0.5615	0.1605	0.5840	2.8632
-0.5649	0.1633	0.5880	2.8602
-0.5661	0.1662	0.5900	2.8561
-0.5674	0.1689	0.5920	2.8523
-0.5686	0.1718	0.5940	2.8482
-0.5699	0.1745	0.5960	2.8444
-0.5711	0.1775	0.5980	2.8403
-0.5743	0.1804	0.6020	2.8373
-0.5756	0.1832	0.6040	2.8335
-0.5767	0.1861	0.6060	2.8294
-0.5779	0.1889	0.6080	2.8256
-0.5790	0.1920	0.6100	2.8215
-0.5820	0.1956	0.6140	2.8173
-0.5834	0.1978	0.6160	2.8147
-0.5863	0.2015	0.6200	2.8105
-0.5874	0.2045	0.6220	2.8065
-0.5885	0.2075	0.6240	2.8027
-0.5914	0.2112	0.6280	2.7986
-0.5925	0.2142	0.6300	2.7947
-0.5937	0.2166	0.6320	2.7917
-0.5947	0.2198	0.6340	2.7876
-0.5976	0.2234	0.6380	2.7839
-0.6004	0.2273	0.6420	2.7798
-0.6014	0.2303	0.6440	2.7759
-0.6045	0.2335	0.6480	2.7730
-0.6072	0.2374	0.6520	2.7688
-0.6082	0.2405	0.6540	2.7650
-0.6091	0.2437	0.6560	2.7610
-0.6100	0.2468	0.6580	2.7571
-0.6126	0.2508	0.6620	2.7530
-0.6135	0.2541	0.6640	2.7489
-0.6165	0.2573	0.6680	2.7462
-0.6172	0.2606	0.6700	2.7421
-0.6199	0.2647	0.6740	2.7381
-0.6225	0.2686	0.6780	2.7342
-0.6251	0.2728	0.6820	2.7301
-0.6261	0.2754	0.6840	2.7271
-0.6287	0.2795	0.6880	2.7233
-0.6312	0.2837	0.6920	2.7192
-0.6337	0.2877	0.6960	2.7154
-0.6362	0.2920	0.7000	2.7113
-0.6369	0.2953	0.7020	2.7075
-0.6396	0.2989	0.7060	2.7045
-0.6420	0.3032	0.7100	2.7004
-0.6444	0.3074	0.7140	2.6965
-0.6468	0.3117	0.7180	2.6925
-0.6492	0.3159	0.7220	2.6887
-0.6501	0.3187	0.7240	2.6857
-0.6523	0.3232	0.7280	2.6816
-0.6547	0.3275	0.7320	2.6778
-0.6569	0.3320	0.7360	2.6736
-0.6591	0.3364	0.7400	2.6696
-0.6614	0.3408	0.7440	2.6658
-0.6639	0.3446	0.7480	2.6628
-0.6660	0.3492	0.7520	2.6587
-0.6681	0.3538	0.7560	2.6546
-0.6702	0.3584	0.7600	2.6505
-0.6740	0.3640	0.7660	2.6464
-0.6763	0.3681	0.7700	2.6431
-0.6783	0.3728	0.7740	2.6390
-0.6803	0.3775	0.7780	2.6350
-0.6822	0.3822	0.7820	2.6309
-0.6859	0.3880	0.7880	2.6268
-0.6878	0.3928	0.7920	2.6227
-0.6900	0.3969	0.7960	2.6197
-0.6936	0.4026	0.8020	2.6156
-0.6954	0.4075	0.8060	2.6115
-0.6989	0.4134	0.8120	2.6074
-0.7006	0.4183	0.8160	2.6034
-0.7044	0.4237	0.8220	2.6000
-0.7061	0.4286	0.8260	2.5960
-0.7094	0.4347	0.8320	2.5919
-0.7110	0.4397	0.8360	2.5877
-0.7143	0.4458	0.8420	2.5837
-0.7159	0.4508	0.8460	2.5796
-0.7196	0.4562	0.8520	2.5766
-0.7228	0.4624	0.8580	2.5725
-0.7259	0.4686	0.8640	2.5684
-0.7290	0.4748	0.8700	2.5643
-0.7321	0.4811	0.8760	2.5602
-0.7357	0.4866	0.8820	2.5572
-0.7386	0.4929	0.8880	2.5531
-0.7415	0.4995	0.8940	2.5488
-0.7427	0.5048	0.8980	2.5447
-0.7472	0.5123	0.9060	2.5406
-0.7506	0.5180	0.9120	2.5376
-0.7534	0.5245	0.9180	2.5335
-0.7578	0.5321	0.9260	2.5294
-0.7605	0.5387	0.9320	2.5253
-0.7632	0.5453	0.9380	2.5212
-0.7681	0.5523	0.9460	2.5182
-0.7706	0.5589	0.9520	2.5141
-0.7732	0.5656	0.9580	2.5101
-0.7773	0.5735	0.9660	2.5059
-0.7814	0.5815	0.9740	2.5018
-0.7838	0.5882	0.9800	2.4978
-0.7883	0.5956	0.9880	2.4945
-0.7922	0.6037	0.9960	2.4904
0.4433	0.8941	0.9980	1.1105
0.4450	0.8888	0.9940	1.1067
0.4479	0.8851	0.9920	1.1024
0.4497	0.8797	0.9880	1.0982
0.4515	0.8743	0.9840	1.0941
0.4539	0.8685	0.9800	1.0892
0.4577	0.8666	0.9800	1.0849
0.4622	0.8664	0.9820	1.0808
0.4629	0.8593	0.9760	1.0767
0.4625	0.8504	0.9680	1.0726
0.4670	0.8502	0.9700	1.0685
0.4705	0.8483	0.9700	1.0644
0.4690	0.8376	0.9600	1.0604
0.4695	0.8305	0.9540	1.0562
0.4729	0.8285	0.9540	1.0521
0.4765	0.8265	0.9540	1.0478
0.4789	0.8228	0.9520	1.0437
0.4802	0.8174	0.9480	1.0397
0.4825	0.8137	0.9460	1.0355
0.4869	0.8134	0.9480	1.0314
0.4912	0.8132	0.9500	1.0274
0.4913	0.8037	0.9420	1.0221
0.4882	0.7915	0.9300	1.0181
0.4904	0.7878	0.9280	1.0140
0.4948	0.7875	0.9300	1.0098
0.4969	0.7838	0.9280	1.0058
0.4990	0.7800	0.9260	1.0017
0.5011	0.7763	0.9240	0.9976
0.5032	0.7726	0.9220	0.9935
0.5055	0.7687	0.9200	0.9891
0.5074	0.7650	0.9180	0.9851
0.5106	0.7629	0.9180	0.9810
0.5137	0.7608	0.9180	0.9769
0.5134	0.7538	0.9120	0.9728
0.5139	0.7461	0.9060	0.9677
0.5170	0.7440	0.9060	0.9635
0.5189	0.7402	0.9040	0.9594
0.5219	0.7381	0.9040	0.9554
0.5238	0.7344	0.9020	0.9513
0.5256	0.7306	0.9000	0.9471
0.5262	0.7252	0.8960	0.9431
0.5280	0.7214	0.8940	0.9390
0.5310	0.7192	0.8940	0.9349
0.5329	0.7153	0.8920	0.9306
0.5346	0.7115	0.8900	0.9264
0.5363	0.7077	0.8880	0.9223
0.5380	0.7040	0.8860	0.9183
0.5409	0.7018	0.8860	0.9142
0.5425	0.6979	0.8840	0.9100
0.5441	0.6942	0.8820	0.9060
0.5457	0.6904	0.8800	0.9019
0.5480	0.6860	0.8780	0.8967
0.5483	0.6806	0.8740	0.8926
0.5511	0.6784	0.8740	0.8886
0.5526	0.6745	0.8720	0.8844
0.5528	0.6692	0.8680	0.8803
0.5555	0.6669	0.8680	0.8763
0.5585	0.6645	0.8680	0.8719
0.5598	0.6607	0.8660	0.8678
0.5600	0.6554	0.8620	0.8637
0.5627	0.6530	0.8620	0.8596
0.5640	0.6493	0.8600	0.8556
0.5653	0.6454	0.8580	0.8515
0.5680	0.6431	0.8580	0.8473
0.5692	0.6393	0.8560	0.8433
0.5719	0.6369	0.8560	0.8392
0.5733	0.6329	0.8540	0.8348
0.5745	0.6291	0.8520	0.8307
0.5758	0.6253	0.8500	0.8266
0.5783	0.6229	0.8500	0.8225
0.5795	0.6191	0.8480	0.8185
0.5813	0.6147	0.8460	0.8133
0.5838	0.6123	0.8460	0.8092
0.5850	0.6084	0.8440	0.8051
0.5860	0.6046	0.8420	0.8010
0.5885	0.6022	0.8420	0.7969
0.5910	0.5998	0.8420	0.7928
0.5934	0.5974	0.8420	0.7888
0.5944	0.5935	0.8400	0.7846
0.5954	0.5897	0.8380	0.7805
0.5980	0.5871	0.8380	0.7762
0.5990	0.5832	0.8360	0.7721
0.6014	0.5807	0.8360	0.7679
0.6023	0.5769	0.8340	0.7639
0.6032	0.5731	0.8320	0.7598
0.6055	0.5706	0.8320	0.7557
0.6078	0.5681	0.8320	0.7517
0.6087	0.5643	0.8300	0.7475
0.6110	0.5617	0.8300	0.7434
0.6133	0.5593	0.8300	0.7394
0.6172	0.5579	0.8320	0.7350
0.6195	0.5554	0.8320	0.7309
0.6188	0.5502	0.8280	0.7268
0.6195	0.5463	0.8260	0.7227
0.6202	0.5425	0.8240	0.7187
0.6209	0.5386	0.8220	0.7145
0.6216	0.5348	0.8200	0.7104
0.6213	0.5289	0.8160	0.7052
0.6204	0.5239	0.8120	0.7012
0.6224	0.5215	0.8120	0.6974
0.6261	0.5202	0.8140	0.6933
0.6281	0.5178	0.8140	0.6894
0.6302	0.5152	0.8140	0.6854
0.6323	0.5126	0.8140	0.6813
0.6343	0.5102	0.8140	0.6774
0.6363	0.5076	0.8140	0.6733
0.6382	0.5052	0.8140	0.6696
0.6403	0.5026	0.8140	0.6655
0.6408	0.4987	0.8120	0.6613
0.6427	0.4962	0.8120	0.6575
0.6447	0.4937	0.8120	0.6535
0.6466	0.4912	0.8120	0.6496
0.6470	0.4873	0.8100	0.6455
0.6474	0.4835	0.8080	0.6415
0.6492	0.4810	0.8080	0.6377
0.6512	0.4783	0.8080	0.6335
0.6530	0.4758	0.8080	0.6297
0.6549	0.4732	0.8080	0.6257
0.6553	0.4693	0.8060	0.6215
0.6571	0.4668	0.8060	0.6177
0.6590	0.4641	0.8060	0.6136
0.6591	0.4605	0.8040	0.6099
0.6593	0.4566	0.8020	0.6057
0.6645	0.4562	0.8060	0.6016
0.6711	0.4571	0.8120	0.5979
0.6697	0.4521	0.8080	0.5937
0.6648	0.4450	0.8000	0.5899
0.6633	0.4401	0.7960	0.5858
0.6634	0.4363	0.7940	0.5818
0.6684	0.4359	0.7980	0.5779
0.6719	0.4343	0.8000	0.5738
0.6735	0.4317	0.8000	0.5700
0.6753	0.4290	0.8000	0.5659
0.6770	0.4262	0.8000	0.5618
0.6787	0.4236	0.8000	0.5580
0.6787	0.4198	0.7980	0.5540
0.6803	0.4172	0.7980	0.5501
0.6820	0.4144	0.7980	0.5460
0.6837	0.4116	0.7980	0.5419
0.6852	0.4090	0.7980	0.5381
0.6852	0.4052	0.7960	0.5340
0.6868	0.4023	0.7960	0.5299
0.6884	0.3997	0.7960	0.5261
0.6900	0.3969	0.7960	0.5220
0.6915	0.3943	0.7960	0.5182
0.6931	0.3914	0.7960	0.5141
0.6947	0.3886	0.7960	0.5100
0.6962	0.3860	0.7960	0.5062
0.6978	0.3831	0.7960	0.5021
0.6992	0.3804	0.7960	0.4983
0.7007	0.3776	0.7960	0.4942
0.7023	0.3747	0.7960	0.4901
0.7037	0.3720	0.7960	0.4863
0.7053	0.3691	0.7960	0.4821
0.7066	0.3665	0.7960	0.4784
0.7081	0.3635	0.7960	0.4743
0.7096	0.3606	0.7960	0.4702
0.7110	0.3579	0.7960	0.4663
0.7124	0.3550	0.7960	0.4623
0.7120	0.3514	0.7940	0.4585
0.7134	0.3485	0.7940	0.4543
0.7148	0.3456	0.7940	0.4503
0.7180	0.3437	0.7960	0.4465
0.7194	0.3407	0.7960	0.4424
0.7207	0.3380	0.7960	0.4385
0.7220	0.3351	0.7960	0.4345
0.7234	0.3321	0.7960	0.4304
0.7247	0.3293	0.7960	0.4265
0.7260	0.3264	0.7960	0.4225
0.7272	0.3236	0.7960	0.4187
0.7286	0.3206	0.7960	0.4146
0.7299	0.3176	0.7960	0.4104
0.7329	0.3157	0.7980	0.4067
0.7342	0.3126	0.7980	0.4026
0.7336	0.3091	0.7960	0.3987
0.7348	0.3060	0.7960	0.3946
0.7379	0.3038	0.7980	0.3906
0.7409	0.3017	0.8000	0.3868
0.7403	0.2979	0.7980	0.3826
0.7396	0.2944	0.7960	0.3788
0.7408	0.2914	0.7960	0.3748
0.7438	0.2891	0.7980	0.3706
0.7449	0.2862	0.7980	0.3668
0.7461	0.2832	0.7980	0.3628
0.7471	0.2803	0.7980	0.3590
0.7502	0.2779	0.8000	0.3548
0.7513	0.2748	0.8000	0.3507
0.7523	0.2720	0.8000	0.3470
0.7553	0.2696	0.8020	0.3428
0.7564	0.2667	0.8020	0.3390
0.7574	0.2636	0.8020	0.3349
0.7604	0.2612	0.8040	0.3309
0.7614	0.2583	0.8040	0.3270
0.7624	0.2551	0.8040	0.3229
0.7635	0.2521	0.8040	0.3189
0.7645	0.2489	0.8040	0.3148
0.7674	0.2464	0.8060	0.3106
0.7684	0.2433	0.8060	0.3066
0.7694	0.2401	0.8060	0.3025
0.7704	0.2369	0.8060	0.2984
0.7713	0.2338	0.8060	0.2943
0.7742	0.2312	0.8080	0.2902
0.7752	0.2280	0.8080	0.2861
0.7761	0.2249	0.8080	0.2821
0.7789	0.2225	0.8100	0.2782
0.7798	0.2193	0.8100	0.2741
0.7807	0.2160	0.8100	0.2700
0.7835	0.2134	0.8120	0.2660
0.7843	0.2102	0.8120	0.2618
0.7871	0.2075	0.8140	0.2577
0.7879	0.2043	0.8140	0.2537
0.7888	0.2010	0.8140	0.2496
0.7896	0.1978	0.8140	0.2454
0.7923	0.1951	0.8160	0.2414
0.7931	0.1918	0.8160	0.2373
0.7959	0.1890	0.8180	0.2332
0.7966	0.1858	0.8180	0.2291
0.7991	0.1839	0.8200	0.2262
0.7999	0.1806	0.8200	0.2220
0.8026	0.1777	0.8220	0.2179
0.8033	0.1745	0.8220	0.2139
0.8059	0.1716	0.8240	0.2098
0.8066	0.1683	0.8240	0.2056
0.8073	0.1650	0.8240	0.2016
0.8099	0.1621	0.8260	0.1975
0.8106	0.1587	0.8260	0.1934
0.8132	0.1558	0.8280	0.1894
0.8138	0.1525	0.8280	0.1852
0.8164	0.1495	0.8300	0.1811
0.8190	0.1466	0.8320	0.1771
0.8176	0.1428	0.8300	0.1730
0.8202	0.1398	0.8320	0.1688
0.8227	0.1368	0.8340	0.1648
0.8233	0.1334	0.8340	0.1607
0.8258	0.1304	0.8360	0.1566
0.8263	0.1270	0.8360	0.1525
0.8268	0.1236	0.8360	0.1484
0.8293	0.1205	0.8380	0.1443
0.8317	0.1176	0.8400	0.1405
0.8322	0.1142	0.8400	0.1364
0.8366	0.1113	0.8440	0.1323
0.8429	0.1094	0.8500	0.1290
0.8454	0.1062	0.8520	0.1249
0.8418	0.1023	0.8480	0.1209
0.8403	0.0978	0.8460	0.1159
0.8426	0.0953	0.8480	0.1127
0.8411	0.0910	0.8460	0.1078
0.8434	0.0885	0.8480	0.1045
0.8477	0.0856	0.8520	0.1007
0.8480	0.0821	0.8520	0.0965
0.8484	0.0787	0.8520	0.0925
0.8507	0.0754	0.8540	0.0884
0.8550	0.0722	0.8580	0.0843
0.8572	0.0689	0.8600	0.0802
0.8595	0.0656	0.8620	0.0761
0.8618	0.0622	0.8640	0.0720
0.8620	0.0587	0.8640	0.0680
0.8602	0.0550	0.8620	0.0639
0.8625	0.0516	0.8640	0.0597
0.8647	0.0482	0.8660	0.0557
0.8668	0.0448	0.8680	0.0516
0.8690	0.0413	0.8700	0.0475
0.8732	0.0379	0.8740	0.0434
0.8733	0.0343	0.8740	0.0393
0.8735	0.0307	0.8740	0.0352
0.8756	0.0273	0.8760	0.0312
0.8777	0.0237	0.8780	0.0270
0.8797	0.0212	0.8800	0.0241
0.8818	0.0176	0.8820	0.0199
0.8819	0.0140	0.8820	0.0158
0.8839	0.0104	0.8840	0.0118
0.8860	0.0068	0.8860	0.0077
0.8880	0.0032	0.8880	0.0035
0.8900	-0.0004	0.8900	-0.0005
0.8900	-0.0041	0.8900	-0.0046
0.8920	-0.0078	0.8920	-0.0087
0.8939	-0.0114	0.8940	-0.0128
0.8959	-0.0151	0.8960	-0.0169
0.8978	-0.0189	0.8980	-0.0210
0.8997	-0.0225	0.9000	-0.0250
0.9016	-0.0263	0.9020	-0.0291
0.9035	-0.0301	0.9040	-0.0333
0.9074	-0.0336	0.9080	-0.0370
0.9072	-0.0373	0.9080	-0.0411
0.9071	-0.0411	0.9080	-0.0453
0.9089	-0.0448	0.9100	-0.0493
0.9107	-0.0479	0.9120	-0.0525
0.9145	-0.0519	0.9160	-0.0567
0.9163	-0.0558	0.9180	-0.0608
0.9181	-0.0596	0.9200	-0.0648
0.9198	-0.0635	0.9220	-0.0689
0.9215	-0.0674	0.9240	-0.0731
0.9252	-0.0715	0.9280	-0.0771
0.9269	-0.0754	0.9300	-0.0812
0.9286	-0.0794	0.9320	-0.0853
0.9303	-0.0833	0.9340	-0.0894
0.9352	-0.0954	0.9400	-0.1016
0.9419	-0.3300	0.9980	-0.3370
0.9405	-0.3339	0.9980	-0.3411
0.6357	-0.7459	0.9800	-0.8650
0.6326	-0.7485	0.9800	-0.8691
0.6296	-0.7510	0.9800	-0.8731
0.6298	-0.7560	0.9840	-0.8762
-0.1480	-0.9728	0.9840	-1.7218
-0.1539	-0.9840	0.9960	-1.7259
-0.1576	-0.9814	0.9940	-1.7300
-0.1619	-0.9828	0.9960	-1.7341
-0.2632	-0.4485	0.5200	-2.1015
-0.2676	-0.4529	0.5260	-2.1044
-0.2693	-0.4518	0.5260	-2.1083
-0.2701	-0.4490	0.5240	-2.1124
-0.2718	-0.4480	0.5240	-2.1161
-0.2731	-0.4449	0.5220	-2.1213
-0.2748	-0.4438	0.5220	-2.1251
-0.2755	-0.4410	0.5200	-2.1293
-0.2762	-0.4382	0.5180	-2.1331
-0.2769	-0.4354	0.5160	-2.1371
-0.2785	-0.4344	0.5160	-2.1410
-0.2792	-0.4315	0.5140	-2.1451
-0.2809	-0.4305	0.5140	-2.1489
-0.2819	-0.4274	0.5120	-2.1538
-0.2836	-0.4263	0.5120	-2.1579
-0.2841	-0.4235	0.5100	-2.1617
-0.2853	-0.4215	0.5090	-2.1658
-0.2863	-0.4196	0.5080	-2.1696
-0.2875	-0.4176	0.5070	-2.1737
-0.2885	-0.4157	0.5060	-2.1775
-0.2896	-0.4137	0.5050	-2.1816
-0.2901	-0.4109	0.5030	-2.1854
-0.2912	-0.4089	0.5020	-2.1896
-0.2927	-0.4078	0.5020	-2.1933
-0.2941	-0.4056	0.5010	-2.1983
-0.2952	-0.4036	0.5000	-2.2023
-0.2961	-0.4016	0.4990	-2.2062
-0.2972	-0.3996	0.4980	-2.2103
-0.2981	-0.3977	0.4970	-2.2141
-0.2991	-0.3957	0.4960	-2.2181
-0.3001	-0.3936	0.4950	-2.2223
-0.3010	-0.3917	0.4940	-2.2261
-0.3014	-0.3889	0.4920	-2.2301
-0.3027	-0.3866	0.4910	-2.2351
-0.3035	-0.3847	0.4900	-2.2388
-0.3045	-0.3826	0.4890	-2.2430
-0.3060	-0.3815	0.4890	-2.2468
-0.3075	-0.3802	0.4890	-2.2509
-0.3083	-0.3783	0.4880	-2.2547
-0.3086	-0.3754	0.4860	-2.2588
-0.3094	-0.3735	0.4850	-2.2626
-0.3109	-0.3722	0.4850	-2.2667
-0.3117	-0.3703	0.4840	-2.2705
-0.3126	-0.3682	0.4830	-2.2746
-0.3137	-0.3659	0.4820	-2.2795
-0.3145	-0.3640	0.4810	-2.2833
-0.3160	-0.3627	0.4810	-2.2875
-0.3167	-0.3607	0.4800	-2.2913
-0.3175	-0.3587	0.4790	-2.2953
-0.3182	-0.3567	0.4780	-2.2991
-0.3190	-0.3547	0.4770	-2.3033
-0.3203	-0.3534	0.4770	-2.3071
-0.3211	-0.3514	0.4760	-2.3111
-0.3224	-0.3502	0.4760	-2.3150
-0.3225	-0.3474	0.4740	-2.3191
-0.3238	-0.3462	0.4740	-2.3228
-0.3252	-0.3448	0.4740	-2.3270
-0.3259	-0.3429	0.4730	-2.3308
-0.3269	-0.3404	0.4720	-2.3360
-0.3275	-0.3385	0.4710	-2.3398
-0.3289	-0.3371	0.4710	-2.3439
-0.3295	-0.3352	0.4700	-2.3477
-0.3302	-0.3331	0.4690	-2.3518
-0.3314	-0.3318	0.4690	-2.3556
-0.3321	-0.3298	0.4680	-2.3596
-0.3326	-0.3278	0.4670	-2.3635
-0.3332	-0.3257	0.4660	-2.3676
-0.3345	-0.3245	0.4660	-2.3714
-0.3358	-0.3231	0.4660	-2.3755
-0.3370	-0.3218	0.4660	-2.3793
-0.3376	-0.3197	0.4650	-2.3834
-0.3381	-0.3177	0.4640	-2.3873
-0.3394	-0.3164	0.4640	-2.3913
-0.3402	-0.3140	0.4630	-2.3963
-0.3414	-0.3127	0.4630	-2.4000
-0.3420	-0.3107	0.4620	-2.4041
-0.3432	-0.3093	0.4620	-2.4080
-0.3437	-0.3073	0.4610	-2.4121
-0.3448	-0.3060	0.4610	-2.4158
-0.3461	-0.3045	0.4610	-2.4200
-0.3465	-0.3026	0.4600	-2.4238
-0.3470	-0.3004	0.4590	-2.4281
-0.3483	-0.2990	0.4590	-2.4322
-0.3495	-0.2975	0.4590	-2.4363
-0.3499	-0.2955	0.4580	-2.4404
-0.3512	-0.2940	0.4580	-2.4445
-0.3524	-0.2926	0.4580	-2.4486
-0.3535	-0.2912	0.4580	-2.4526
-0.3540	-0.2890	0.4570	-2.4571
-0.3545	-0.2869	0.4560	-2.4612
-0.3556	-0.2854	0.4560	-2.4652
-0.3568	-0.2840	0.4560	-2.4693
-0.3579	-0.2825	0.4560	-2.4734
-0.3591	-0.2811	0.4560	-2.4775
-0.3597	-0.2786	0.4550	-2.4827
-0.3609	-0.2771	0.4550	-2.4868
-0.3612	-0.2750	0.4540	-2.4909
-0.3623	-0.2735	0.4540	-2.4949
-0.3635	-0.2719	0.4540	-2.4993
-0.3639	-0.2699	0.4530	-2.5035
-0.3649	-0.2684	0.4530	-2.5075
-0.3660	-0.2669	0.4530	-2.5116
-0.3663	-0.2648	0.4520	-2.5157
-0.3674	-0.2633	0.4520	-2.5198
-0.3685	-0.2618	0.4520	-2.5239
-0.3696	-0.2602	0.4520	-2.5282
-0.3707	-0.2587	0.4520	-2.5323
-0.3709	-0.2566	0.4510	-2.5364
-0.3719	-0.2551	0.4510	-2.5405
-0.3730	-0.2535	0.4510	-2.5446
-0.3732	-0.2514	0.4500	-2.5487
-0.3742	-0.2499	0.4500	-2.5527
-0.3753	-0.2483	0.4500	-2.5571
-0.3763	-0.2467	0.4500	-2.5613
-0.3773	-0.2452	0.4500	-2.5653
-0.3783	-0.2437	0.4500	-2.5694
-0.3793	-0.2421	0.4500	-2.5735
-0.3795	-0.2400	0.4490	-2.5776
-0.3804	-0.2385	0.4490	-2.5817
-0.3815	-0.2368	0.4490	-2.5860
-0.3816	-0.2347	0.4480	-2.5901
-0.3826	-0.2331	0.4480	-2.5942
-0.3835	-0.2316	0.4480	-2.5983
-0.3844	-0.2300	0.4480	-2.6024
-0.3862	-0.2289	0.4490	-2.6065
-0.3872	-0.2273	0.4490	-2.6108
-0.3873	-0.2252	0.4480	-2.6150
-0.3882	-0.2236	0.4480	-2.6191
-0.3885	-0.2211	0.4470	-2.6243
-0.3894	-0.2195	0.4470	-2.6283
-0.3903	-0.2179	0.4470	-2.6324
-0.3912	-0.2163	0.4470	-2.6365
-0.3921	-0.2147	0.4470	-2.6406
-0.3929	-0.2131	0.4470	-2.6447
-0.3938	-0.2115	0.4470	-2.6488
-0.3947	-0.2098	0.4470	-2.6531
-0.3956	-0.2081	0.4470	-2.6572
-0.3964	-0.2065	0.4470	-2.6613
-0.3973	-0.2049	0.4470	-2.6654
-0.3981	-0.2033	0.4470	-2.6695
-0.3989	-0.2017	0.4470	-2.6735
-0.4005	-0.2008	0.4480	-2.6769
-0.4013	-0.1992	0.4480	-2.6809
-0.4014	-0.1966	0.4470	-2.6861
-0.4022	-0.1950	0.4470	-2.6902
-0.4030	-0.1933	0.4470	-2.6943
-0.4038	-0.1917	0.4470	-2.6984
-0.4053	-0.1908	0.4480	-2.7016
-0.4061	-0.1891	0.4480	-2.7058
-0.4069	-0.1875	0.4480	-2.7099
-0.4076	-0.1858	0.4480	-2.7139
-0.4093	-0.1845	0.4490	-2.7180
-0.4101	-0.1829	0.4490	-2.7221
-0.4109	-0.1811	0.4490	-2.7265
-0.4116	-0.1794	0.4490	-2.7306
-0.4123	-0.1777	0.4490	-2.7347
-0.4121	-0.1756	0.4480	-2.7387
-0.4138	-0.1743	0.4490	-2.7429
-0.4154	-0.1730	0.4500	-2.7470
-0.4161	-0.1713	0.4500	-2.7510
-0.4169	-0.1695	0.4500	-2.7554
-0.4175	-0.1678	0.4500	-2.7594
-0.4182	-0.1661	0.4500	-2.7636
-0.4189	-0.1644	0.4500	-2.7677
-0.4205	-0.1630	0.4510	-2.7717
-0.4212	-0.1613	0.4510	-2.7758
-0.4218	-0.1596	0.4510	-2.7800
-0.4225	-0.1577	0.4510	-2.7843
-0.4232	-0.1560	0.4510	-2.7884
-0.4238	-0.1543	0.4510	-2.7925
-0.4254	-0.1529	0.4520	-2.7965
-0.4260	-0.1511	0.4520	-2.8007
-0.4266	-0.1494	0.4520	-2.8048
-0.4272	-0.1477	0.4520	-2.8088
-0.4288	-0.1461	0.4530	-2.8132
-0.4294	-0.1444	0.4530	-2.8173
-0.4300	-0.1426	0.4530	-2.8214
-0.4315	-0.1411	0.4540	-2.8255
-0.4321	-0.1394	0.4540	-2.8295
-0.4326	-0.1376	0.4540	-2.8336
-0.4332	-0.1358	0.4540	-2.8378
-0.4347	-0.1344	0.4550	-2.8418
-0.4353	-0.1326	0.4550	-2.8459
-0.4358	-0.1308	0.4550	-2.8500
-0.4371	-0.1298	0.4560	-2.8530
-0.4377	-0.1280	0.4560	-2.8571
-0.4382	-0.1262	0.4560	-2.8612
-0.4397	-0.1247	0.4570	-2.8653
-0.4411	-0.1231	0.4580	-2.8694
-0.4416	-0.1214	0.4580	-2.8734
-0.4431	-0.1198	0.4590	-2.8776
-0.4436	-0.1180	0.4590	-2.8817
-0.4441	-0.1162	0.4590	-2.8857
-0.4455	-0.1146	0.4600	-2.8898
-0.4460	-0.1128	0.4600	-2.8940
-0.4474	-0.1112	0.4610	-2.8980
-0.4478	-0.1094	0.4610	-2.9021
-0.4483	-0.1075	0.4610	-2.9062
-0.4487	-0.1057	0.4610	-2.9102
-0.4501	-0.1041	0.4620	-2.9144
-0.4515	-0.1024	0.4630	-2.9185
-0.4519	-0.1006	0.4630	-2.9225
-0.4532	-0.0994	0.4640	-2.9256
-0.4536	-0.0976	0.4640	-2.9296
-0.4540	-0.0958	0.4640	-2.9337
-0.4554	-0.0941	0.4650	-2.9379
-0.4567	-0.0924	0.4660	-2.9419
-0.4571	-0.0906	0.4660	-2.9460
-0.4585	-0.0889	0.4670	-2.9501
-0.4598	-0.0872	0.4680	-2.9542
-0.4602	-0.0853	0.4680	-2.9583
-0.4615	-0.0836	0.4690	-2.9624
-0.4618	-0.0817	0.4690	-2.9664
-0.4631	-0.0800	0.4700	-2.9706
-0.4645	-0.0783	0.4710	-2.9747
-0.4648	-0.0764	0.4710	-2.9787
-0.4661	-0.0746	0.4720	-2.9828
-0.4664	-0.0727	0.4720	-2.9869
-0.4676	-0.0715	0.4730	-2.9899
-0.4688	-0.0697	0.4740	-2.9940
-0.4701	-0.0679	0.4750	-2.9981
-0.4704	-0.0660	0.4750	-3.0022
-0.4717	-0.0642	0.4760	-3.0063
-0.4719	-0.0623	0.4760	-3.0103
-0.4732	-0.0605	0.4770	-3.0145
-0.4744	-0.0586	0.4780	-3.0186
-0.4756	-0.0569	0.4790	-3.0226
-0.4758	-0.0549	0.4790	-3.0267
-0.4761	-0.0529	0.4790	-3.0309
-0.4773	-0.0511	0.4800	-3.0349
-0.4795	-0.0494	0.4820	-3.0390
-0.4797	-0.0475	0.4820	-3.0428
-0.4808	-0.0461	0.4830	-3.0461
-0.4582	-0.0407	0.4600	-3.0529
-0.4594	-0.0389	0.4610	-3.0570
-0.4605	-0.0372	0.4620	-3.0611
-0.4607	-0.0351	0.4620	-3.0655
-0.4618	-0.0333	0.4630	-3.0696
-0.4629	-0.0320	0.4640	-3.0726
-0.4640	-0.0301	0.4650	-3.0769
-0.4651	-0.0282	0.4660	-3.0810
-0.4653	-0.0263	0.4660	-3.0851
-0.4664	-0.0245	0.4670	-3.0891
-0.4675	-0.0226	0.4680	-3.0933
-0.4685	-0.0206	0.4690	-3.0977
-0.4696	-0.0187	0.4700	-3.1017
-0.4707	-0.0168	0.4710	-3.1058
-0.4718	-0.0149	0.4720	-3.1100
-0.4718	-0.0130	0.4720	-3.1140
-0.4729	-0.0115	0.4730	-3.1172
-0.4739	-0.0096	0.4740	-3.1214
-0.4749	-0.0075	0.4750	-3.1258
-0.4760	-0.0056	0.4760	-3.1298
-0.4770	-0.0037	0.4770	-3.1339
-0.4780	-0.0017	0.4780	-3.1380
-0.4169	-0.0110	0.4170	-3.1151
-0.4179	-0.0094	0.4180	-3.1192
-0.4189	-0.0077	0.4190	-3.1233
-0.4200	-0.0060	0.4200	-3.1274
-0.4200	-0.0043	0.4200	-3.1314
-0.4210	-0.0025	0.4210	-3.1356
-0.4220	-0.0009	0.4220	-3.1394
-0.3620	-0.0027	0.3620	-3.1342
-0.3630	-0.0012	0.3630	-3.1382
-0.3070	-0.0034	0.3070	-3.1304
-0.3070	-0.0022	0.3070	-3.1345
-0.3070	-0.0009	0.3070	-3.1385
-0.2733	-0.0199	0.2740	-3.0690
-0.2734	-0.0187	0.2740	-3.0731
-0.2744	-0.0177	0.2750	-3.0772
-0.2745	-0.0166	0.2750	-3.0813
-0.2468	-0.0108	0.2470	-3.0979
-0.2468	-0.0098	0.2470	-3.1020
-0.2478	-0.0088	0.2480	-3.1061
-0.2479	-0.0078	0.2480	-3.1101
-0.2489	-0.0071	0.2490	-3.1132
-0.2489	-0.0061	0.2490	-3.1172
-0.2489	-0.0050	0.2490	-3.1214
-0.2500	-0.0040	0.2500	-3.1255
-0.2500	-0.0031	0.2500	-3.1293
-0.2510	-0.0023	0.2510	-3.1326
-0.2520	-0.0013	0.2520	-3.1366
-0.2520	-0.0003	0.2520	-3.1404
-0.2183	-0.0174	0.2190	-3.0622
-0.2194	-0.0168	0.2200	-3.0652
-0.2194	-0.0159	0.2200	-3.0693
-0.2195	-0.0150	0.2200	-3.0733
-0.2205	-0.0142	0.2210	-3.0775
-0.2206	-0.0133	0.2210	-3.0813
-0.2207	-0.0124	0.2210	-3.0854
-0.2207	-0.0115	0.2210	-3.0894
-0.2207	-0.0107	0.2210	-3.0933
-0.2208	-0.0098	0.2210	-3.0974
-0.2208	-0.0089	0.2210	-3.1014
-0.2209	-0.0080	0.2210	-3.1055
-0.1960	-0.0041	0.1960	-3.1208
-0.1970	-0.0036	0.1970	-3.1236
-0.1970	-0.0028	0.1970	-3.1276
-0.1970	-0.0020	0.1970	-3.1314
-0.1970	-0.0012	0.1970	-3.1353
-0.1970	-0.0004	0.1970	-3.1394
-0.1657	-0.0104	0.1660	-3.0791
-0.1657	-0.0097	0.1660	-3.0829
-0.1667	-0.0093	0.1670	-3.0859
-0.1668	-0.0087	0.1670	-3.0897
-0.1668	-0.0080	0.1670	-3.0936
-0.1668	-0.0074	0.1670	-3.0974
-0.1669	-0.0067	0.1670	-3.1012
-0.1669	-0.0061	0.1670	-3.1050
-0.1679	-0.0056	0.1680	-3.1080
-0.1679	-0.0050	0.1680	-3.1118
-0.1679	-0.0044	0.1680	-3.1156
-0.1680	-0.0037	0.1680	-3.1194
-0.1680	-0.0031	0.1680	-3.1233
-0.1680	-0.0024	0.1680	-3.1271
-0.1680	-0.0018	0.1680	-3.1310
-0.1690	-0.0013	0.1690	-3.1339
-0.1690	-0.0006	0.1690	-3.1378
-0.3560	-0.0035	0.3560	-3.1317
-0.3580	-0.0025	0.3580	-3.1345
-0.3600	-0.0011	0.3600	-3.1385
