x	y	r	phi
-0.5940	-0.0000	0.5940	-3.1416
-0.5940	0.0024	0.5940	3.1376
-0.5960	0.0047	0.5960	3.1337
-0.5960	0.0070	0.5960	3.1299
-0.5979	0.0093	0.5980	3.1261
-0.5979	0.0117	0.5980	3.1220
-0.5999	0.0134	0.6000	3.1193
-0.6018	0.0159	0.6020	3.1152
-0.6017	0.0182	0.6020	3.1114
-0.6037	0.0206	0.6040	3.1076
-0.6036	0.0230	0.6040	3.1034
-0.6055	0.0254	0.6060	3.0996
-0.6054	0.0277	0.6060	3.0959
-0.6072	0.0303	0.6080	3.0917
-0.6091	0.0327	0.6100	3.0879
-0.6090	0.0351	0.6100	3.0841
-0.6108	0.0376	0.6120	3.0800
-0.6107	0.0400	0.6120	3.0762
-0.6125	0.0425	0.6140	3.0724
-0.6144	0.0444	0.6160	3.0694
-0.6142	0.0468	0.6160	3.0656
-0.6160	0.0493	0.6180	3.0617
-0.6178	0.0520	0.6200	3.0576
-0.6176	0.0543	0.6200	3.0539
-0.6194	0.0569	0.6220	3.0500
-0.6211	0.0596	0.6240	3.0459
-0.6209	0.0620	0.6240	3.0421
-0.6227	0.0646	0.6260	3.0382
-0.6244	0.0673	0.6280	3.0342
-0.6261	0.0699	0.6300	3.0304
-0.6279	0.0720	0.6320	3.0274
-0.6296	0.0747	0.6340	3.0236
-0.6293	0.0772	0.6340	3.0194
-0.6309	0.0800	0.6360	3.0154
-0.6326	0.0829	0.6380	3.0113
-0.6342	0.0858	0.6400	3.0072
-0.6359	0.0886	0.6420	3.0032
-0.6335	0.0909	0.6400	2.9990
-0.6312	0.0931	0.6380	2.9952
-0.6347	0.0963	0.6420	2.9911
-0.6363	0.0991	0.6440	2.9870
-0.6379	0.1021	0.6460	2.9829
-0.6375	0.1047	0.6460	2.9788
-0.6370	0.1073	0.6460	2.9748
-0.6387	0.1096	0.6480	2.9717
-0.6422	0.1128	0.6520	2.9677
-0.6456	0.1162	0.6560	2.9636
-0.6451	0.1188	0.6560	2.9594
-0.6467	0.1216	0.6580	2.9557
-0.6462	0.1243	0.6580	2.9516
-0.6476	0.1273	0.6600	2.9474
-0.6490	0.1303	0.6620	2.9434
-0.6505	0.1334	0.6640	2.9393
-0.6520	0.1357	0.6660	2.9363
-0.6534	0.1389	0.6680	2.9322
-0.6548	0.1420	0.6700	2.9281
-0.6562	0.1450	0.6720	2.9241
-0.6576	0.1480	0.6740	2.9202
-0.6589	0.1511	0.6760	2.9161
-0.6602	0.1543	0.6780	2.9120
-0.6615	0.1574	0.6800	2.9079
-0.6628	0.1606	0.6820	2.9038
-0.6643	0.1631	0.6840	2.9009
-0.6655	0.1663	0.6860	2.8967
-0.6668	0.1695	0.6880	2.8927
-0.6700	0.1732	0.6920	2.8886
-0.6692	0.1760	0.6920	2.8845
-0.6705	0.1791	0.6940	2.8806
-0.6717	0.1823	0.6960	2.8766
-0.6729	0.1856	0.6980	2.8725
-0.6760	0.1894	0.7020	2.8684
-0.6773	0.1920	0.7040	2.8654
-0.6784	0.1953	0.7060	2.8613
-0.6796	0.1986	0.7080	2.8572
-0.6807	0.2020	0.7100	2.8531
-0.6817	0.2054	0.7120	2.8490
-0.6847	0.2093	0.7160	2.8450
-0.6858	0.2125	0.7180	2.8411
-0.6869	0.2159	0.7200	2.8370
-0.6879	0.2193	0.7220	2.8330
-0.6910	0.2226	0.7260	2.8299
-0.6920	0.2260	0.7280	2.8259
-0.6930	0.2295	0.7300	2.8218
-0.6939	0.2330	0.7320	2.8176
-0.6968	0.2371	0.7360	2.8136
-0.6977	0.2406	0.7380	2.8095
-0.7005	0.2448	0.7420	2.8054
-0.7014	0.2482	0.7440	2.8015
-0.7043	0.2518	0.7480	2.7983
-0.7053	0.2551	0.7500	2.7945
-0.7061	0.2587	0.7520	2.7904
-0.7088	0.2630	0.7560	2.7863
-0.7096	0.2666	0.7580	2.7823
-0.7122	0.2709	0.7620	2.7781
-0.7130	0.2745	0.7640	2.7740
-0.7156	0.2789	0.7680	2.7700
-0.7184	0.2825	0.7720	2.7669
-0.7192	0.2862	0.7740	2.7629
-0.7198	0.2899	0.7760	2.7588
-0.7224	0.2941	0.7800	2.7549
-0.7230	0.2979	0.7820	2.7508
-0.7237	0.3016	0.7840	2.7468
-0.7280	0.3069	0.7900	2.7427
-0.7285	0.3106	0.7920	2.7385
-0.7313	0.3144	0.7960	2.7356
-0.7336	0.3190	0.8000	2.7314
-0.7342	0.3228	0.8020	2.7274
-0.7365	0.3274	0.8060	2.7233
-0.7388	0.3321	0.8100	2.7192
-0.7412	0.3365	0.8140	2.7154
-0.7434	0.3412	0.8180	2.7113
-0.7460	0.3453	0.8220	2.7081
-0.7482	0.3499	0.8260	2.7042
-0.7486	0.3538	0.8280	2.7001
-0.7508	0.3585	0.8320	2.6961
-0.7529	0.3634	0.8360	2.6919
-0.7550	0.3682	0.8400	2.6878
-0.7571	0.3730	0.8440	2.6838
-0.7595	0.3771	0.8480	2.6807
-0.7616	0.3820	0.8520	2.6767
-0.7636	0.3869	0.8560	2.6726
-0.7656	0.3917	0.8600	2.6687
-0.7676	0.3966	0.8640	2.6647
-0.7695	0.4016	0.8680	2.6606
-0.7732	0.4076	0.8740	2.6565
-0.7750	0.4125	0.8780	2.6524
-0.7773	0.4168	0.8820	2.6494
-0.7791	0.4218	0.8860	2.6453
-0.7808	0.4272	0.8900	2.6409
-0.7843	0.4333	0.8960	2.6368
-0.7860	0.4384	0.9000	2.6328
-0.7877	0.4436	0.9040	2.6287
-0.7893	0.4488	0.9080	2.6245
-0.7930	0.4544	0.9140	2.6213
-0.7964	0.4606	0.9200	2.6173
-0.7980	0.4659	0.9240	2.6131
-0.8012	0.4722	0.9300	2.6090
-0.8027	0.4775	0.9340	2.6050
-0.8042	0.4828	0.9380	2.6009
-0.8072	0.4895	0.9440	2.5965
-0.8108	0.4950	0.9500	2.5935
-0.8122	0.5005	0.9540	2.5894
-0.8153	0.5069	0.9600	2.5853
-0.8181	0.5137	0.9660	2.5809
-0.8211	0.5202	0.9720	2.5769
-0.8223	0.5257	0.9760	2.5728
-0.8252	0.5323	0.9820	2.5687
-0.8285	0.5383	0.9880	2.5654
-0.8313	0.5449	0.9940	2.5614
0.3466	0.9359	0.9980	1.2161
0.3484	0.9288	0.9920	1.2119
0.3507	0.9237	0.9880	1.2079
0.3531	0.9185	0.9840	1.2038
0.3561	0.9130	0.9800	1.1989
0.3584	0.9078	0.9760	1.1948
0.3607	0.9026	0.9720	1.1907
0.3628	0.8974	0.9680	1.1866
0.3650	0.8922	0.9640	1.1825
0.3671	0.8870	0.9600	1.1784
0.3699	0.8837	0.9580	1.1744
0.3720	0.8785	0.9540	1.1702
0.3748	0.8751	0.9520	1.1661
0.3768	0.8699	0.9480	1.1621
0.3779	0.8607	0.9400	1.1571
0.3805	0.8573	0.9380	1.1531
0.3824	0.8521	0.9340	1.1490
0.3843	0.8469	0.9300	1.1448
0.3860	0.8417	0.9260	1.1408
0.3886	0.8383	0.9240	1.1367
0.3912	0.8349	0.9220	1.1326
0.3929	0.8297	0.9180	1.1285
0.3946	0.8244	0.9140	1.1244
0.3980	0.8228	0.9140	1.1203
0.4013	0.8212	0.9140	1.1163
0.4018	0.8121	0.9060	1.1114
0.4015	0.8032	0.8980	1.1072
0.4039	0.7998	0.8960	1.1031
0.4071	0.7982	0.8960	1.0991
0.4086	0.7929	0.8920	1.0950
0.4109	0.7894	0.8900	1.0909
0.4132	0.7860	0.8880	1.0868
0.4143	0.7809	0.8840	1.0830
0.4185	0.7809	0.8860	1.0789
0.4196	0.7758	0.8820	1.0750
0.4195	0.7667	0.8740	1.0701
0.4198	0.7597	0.8680	1.0660
0.4216	0.7564	0.8660	1.0623
0.4248	0.7547	0.8660	1.0582
0.4267	0.7513	0.8640	1.0543
0.4285	0.7479	0.8620	1.0505
0.4295	0.7427	0.8580	1.0465
0.4314	0.7394	0.8560	1.0426
0.4334	0.7358	0.8540	1.0385
0.4342	0.7307	0.8500	1.0347
0.4371	0.7290	0.8500	1.0306
0.4399	0.7273	0.8500	1.0268
0.4393	0.7183	0.8420	1.0219
0.4402	0.7131	0.8380	1.0178
0.4429	0.7114	0.8380	1.0140
0.4447	0.7079	0.8360	1.0098
0.4453	0.7028	0.8320	1.0061
0.4471	0.6993	0.8300	1.0020
0.4497	0.6976	0.8300	0.9981
0.4515	0.6941	0.8280	0.9940
0.4519	0.6890	0.8240	0.9903
0.4537	0.6855	0.8220	0.9862
0.4552	0.6821	0.8200	0.9823
0.4563	0.6765	0.8160	0.9774
0.4579	0.6730	0.8140	0.9733
0.4594	0.6696	0.8120	0.9695
0.4607	0.6662	0.8100	0.9657
0.4623	0.6627	0.8080	0.9616
0.4649	0.6609	0.8080	0.9578
0.4664	0.6574	0.8060	0.9538
0.4654	0.6507	0.8000	0.9499
0.4669	0.6471	0.7980	0.9458
0.4682	0.6437	0.7960	0.9420
0.4696	0.6402	0.7940	0.9379
0.4716	0.6363	0.7920	0.9329
0.4716	0.6313	0.7880	0.9292
0.4730	0.6278	0.7860	0.9251
0.4754	0.6259	0.7860	0.9213
0.4780	0.6240	0.7860	0.9171
0.4779	0.6190	0.7820	0.9134
0.4792	0.6155	0.7800	0.9093
0.4803	0.6120	0.7780	0.9054
0.4816	0.6085	0.7760	0.9013
0.4838	0.6067	0.7760	0.8976
0.4851	0.6031	0.7740	0.8934
0.4861	0.5997	0.7720	0.8896
0.4872	0.5963	0.7700	0.8858
0.4888	0.5924	0.7680	0.8809
0.4912	0.5903	0.7680	0.8768
0.4922	0.5870	0.7660	0.8730
0.4933	0.5834	0.7640	0.8689
0.4942	0.5800	0.7620	0.8651
0.4953	0.5764	0.7600	0.8609
0.4961	0.5731	0.7580	0.8572
0.4985	0.5710	0.7580	0.8531
0.4994	0.5676	0.7560	0.8493
0.4977	0.5610	0.7500	0.8451
0.4998	0.5592	0.7500	0.8414
0.5048	0.5601	0.7540	0.8373
0.5043	0.5552	0.7500	0.8334
0.5038	0.5501	0.7460	0.8293
0.5059	0.5483	0.7460	0.8256
0.5073	0.5443	0.7440	0.8206
0.5081	0.5408	0.7420	0.8166
0.5101	0.5388	0.7420	0.8127
0.5096	0.5338	0.7380	0.8086
0.5103	0.5304	0.7360	0.8048
0.5136	0.5299	0.7380	0.8010
0.5158	0.5278	0.7380	0.7969
0.5164	0.5244	0.7360	0.7931
0.5186	0.5223	0.7360	0.7889
0.5205	0.5203	0.7360	0.7852
0.5227	0.5182	0.7360	0.7811
0.5204	0.5120	0.7300	0.7772
0.5211	0.5084	0.7280	0.7731
0.5244	0.5079	0.7300	0.7694
0.5250	0.5043	0.7280	0.7653
0.5241	0.4995	0.7240	0.7614
0.5250	0.4956	0.7220	0.7565
0.5256	0.4921	0.7200	0.7524
0.5275	0.4900	0.7200	0.7486
0.5280	0.4865	0.7180	0.7446
0.5299	0.4845	0.7180	0.7407
0.5304	0.4810	0.7160	0.7366
0.5322	0.4790	0.7160	0.7329
0.5340	0.4770	0.7160	0.7290
0.5345	0.4734	0.7140	0.7249
0.5363	0.4714	0.7140	0.7211
0.5367	0.4679	0.7120	0.7170
0.5370	0.4645	0.7100	0.7132
0.5389	0.4623	0.7100	0.7091
0.5406	0.4602	0.7100	0.7052
0.5410	0.4568	0.7080	0.7012
0.5428	0.4545	0.7080	0.6971
0.5447	0.4523	0.7080	0.6930
0.5449	0.4489	0.7060	0.6891
0.5467	0.4467	0.7060	0.6851
0.5485	0.4445	0.7060	0.6810
0.5487	0.4411	0.7040	0.6772
0.5494	0.4370	0.7020	0.6720
0.5511	0.4348	0.7020	0.6680
0.5512	0.4315	0.7000	0.6641
0.5530	0.4292	0.7000	0.6600
0.5548	0.4269	0.7000	0.6559
0.5548	0.4236	0.6980	0.6521
0.5549	0.4201	0.6960	0.6480
0.5598	0.4202	0.7000	0.6439
0.5643	0.4209	0.7040	0.6409
0.5631	0.4158	0.7000	0.6360
0.5600	0.4099	0.6940	0.6319
0.5568	0.4041	0.6880	0.6278
0.5568	0.4007	0.6860	0.6238
0.5616	0.4009	0.6900	0.6199
0.5649	0.3997	0.6920	0.6158
0.5665	0.3974	0.6920	0.6118
0.5681	0.3951	0.6920	0.6076
0.5680	0.3918	0.6900	0.6038
0.5696	0.3894	0.6900	0.5997
0.5712	0.3871	0.6900	0.5957
0.5711	0.3837	0.6880	0.5915
0.5726	0.3815	0.6880	0.5877
0.5741	0.3792	0.6880	0.5837
0.5757	0.3768	0.6880	0.5796
0.5755	0.3733	0.6860	0.5754
0.5770	0.3711	0.6860	0.5716
0.5784	0.3688	0.6860	0.5676
0.5800	0.3664	0.6860	0.5635
0.5797	0.3631	0.6840	0.5596
0.5811	0.3608	0.6840	0.5556
0.5826	0.3584	0.6840	0.5515
0.5841	0.3560	0.6840	0.5473
0.5841	0.3521	0.6820	0.5425
0.5855	0.3497	0.6820	0.5383
0.5868	0.3475	0.6820	0.5346
0.5883	0.3451	0.6820	0.5305
0.5880	0.3416	0.6800	0.5263
0.5893	0.3392	0.6800	0.5223
0.5906	0.3370	0.6800	0.5185
0.5920	0.3345	0.6800	0.5144
0.5934	0.3321	0.6800	0.5102
0.5947	0.3297	0.6800	0.5062
0.5960	0.3274	0.6800	0.5024
0.5973	0.3250	0.6800	0.4983
0.5986	0.3226	0.6800	0.4942
0.6000	0.3201	0.6800	0.4901
0.5994	0.3169	0.6780	0.4863
0.6007	0.3144	0.6780	0.4821
0.6020	0.3120	0.6780	0.4781
0.6033	0.3095	0.6780	0.4740
0.6044	0.3072	0.6780	0.4702
0.6039	0.3038	0.6760	0.4661
0.6051	0.3013	0.6760	0.4620
0.6064	0.2988	0.6760	0.4579
0.6075	0.2965	0.6760	0.4541
0.6087	0.2941	0.6760	0.4500
0.6099	0.2915	0.6760	0.4459
0.6110	0.2892	0.6760	0.4421
0.6122	0.2867	0.6760	0.4380
0.6115	0.2834	0.6740	0.4339
0.6127	0.2808	0.6740	0.4298
0.6156	0.2794	0.6760	0.4261
0.6167	0.2768	0.6760	0.4219
0.6178	0.2743	0.6760	0.4178
0.6189	0.2718	0.6760	0.4138
0.6200	0.2694	0.6760	0.4100
0.6211	0.2669	0.6760	0.4058
0.6203	0.2635	0.6740	0.4017
0.6214	0.2610	0.6740	0.3977
0.6242	0.2594	0.6760	0.3938
0.6272	0.2576	0.6780	0.3897
0.6282	0.2551	0.6780	0.3857
0.6274	0.2517	0.6760	0.3816
0.6265	0.2486	0.6740	0.3777
0.6275	0.2460	0.6740	0.3736
0.6285	0.2435	0.6740	0.3696
0.6295	0.2409	0.6740	0.3655
0.6304	0.2385	0.6740	0.3616
0.6332	0.2366	0.6760	0.3576
0.6342	0.2340	0.6760	0.3535
0.6352	0.2314	0.6760	0.3494
0.6360	0.2290	0.6760	0.3455
0.6370	0.2264	0.6760	0.3415
0.6379	0.2238	0.6760	0.3374
0.6387	0.2213	0.6760	0.3335
0.6396	0.2187	0.6760	0.3295
0.6405	0.2161	0.6760	0.3254
0.6433	0.2141	0.6780	0.3213
0.6441	0.2116	0.6780	0.3174
0.6450	0.2090	0.6780	0.3134
0.6458	0.2064	0.6780	0.3093
0.6467	0.2037	0.6780	0.3052
0.6475	0.2011	0.6780	0.3011
0.6483	0.1984	0.6780	0.2970
0.6491	0.1958	0.6780	0.2929
0.6499	0.1931	0.6780	0.2889
0.6526	0.1910	0.6800	0.2847
0.6534	0.1883	0.6800	0.2806
0.6542	0.1857	0.6800	0.2766
0.6549	0.1830	0.6800	0.2725
0.6576	0.1808	0.6820	0.2684
0.6583	0.1782	0.6820	0.2643
0.6571	0.1749	0.6800	0.2602
0.6598	0.1727	0.6820	0.2561
0.6605	0.1701	0.6820	0.2521
0.6611	0.1674	0.6820	0.2479
0.6618	0.1646	0.6820	0.2438
0.6643	0.1631	0.6840	0.2408
0.6632	0.1592	0.6820	0.2357
0.6656	0.1577	0.6840	0.2327
0.6662	0.1550	0.6840	0.2286
0.6668	0.1522	0.6840	0.2244
0.6675	0.1495	0.6840	0.2204
0.6700	0.1472	0.6860	0.2163
0.6706	0.1445	0.6860	0.2122
0.6712	0.1418	0.6860	0.2081
0.6737	0.1394	0.6880	0.2040
0.6743	0.1366	0.6880	0.1999
0.6748	0.1339	0.6880	0.1959
0.6774	0.1315	0.6900	0.1917
0.6779	0.1287	0.6900	0.1876
0.6784	0.1262	0.6900	0.1839
0.6808	0.1237	0.6920	0.1798
0.6814	0.1209	0.6920	0.1756
0.6818	0.1182	0.6920	0.1716
0.6823	0.1154	0.6920	0.1675
0.6848	0.1129	0.6940	0.1634
0.6852	0.1101	0.6940	0.1593
0.6857	0.1073	0.6940	0.1552
0.6881	0.1048	0.6960	0.1511
0.6905	0.1023	0.6980	0.1471
0.6909	0.0994	0.6980	0.1429
0.6913	0.0966	0.6980	0.1388
0.6917	0.0938	0.6980	0.1348
0.6940	0.0912	0.7000	0.1307
0.6944	0.0884	0.7000	0.1266
0.6948	0.0856	0.7000	0.1225
0.6951	0.0827	0.7000	0.1184
0.6974	0.0801	0.7020	0.1143
0.6977	0.0772	0.7020	0.1103
0.6981	0.0744	0.7020	0.1061
0.7003	0.0725	0.7040	0.1032
0.7006	0.0696	0.7040	0.0990
0.7008	0.0667	0.7040	0.0949
0.7031	0.0641	0.7060	0.0909
0.7053	0.0614	0.7080	0.0868
0.7076	0.0586	0.7100	0.0826
0.7098	0.0559	0.7120	0.0786
0.7120	0.0531	0.7140	0.0745
0.7142	0.0503	0.7160	0.0704
0.7144	0.0475	0.7160	0.0663
0.7126	0.0444	0.7140	0.0622
0.7128	0.0415	0.7140	0.0581
0.7150	0.0387	0.7160	0.0541
0.7151	0.0357	0.7160	0.0500
0.7152	0.0330	0.7160	0.0461
0.7154	0.0301	0.7160	0.0421
0.7175	0.0273	0.7180	0.0380
0.7176	0.0243	0.7180	0.0338
0.7177	0.0214	0.7180	0.0298
0.7218	0.0185	0.7220	0.0257
0.7238	0.0162	0.7240	0.0224
0.7259	0.0133	0.7260	0.0183
0.7299	0.0104	0.7300	0.0142
0.7300	0.0074	0.7300	0.0102
0.7300	0.0046	0.7300	0.0063
0.7320	0.0016	0.7320	0.0022
0.7300	-0.0013	0.7300	-0.0018
0.7300	-0.0043	0.7300	-0.0059
0.7320	-0.0074	0.7320	-0.0101
0.7339	-0.0103	0.7340	-0.0141
0.7359	-0.0134	0.7360	-0.0182
0.7358	-0.0164	0.7360	-0.0223
0.7377	-0.0195	0.7380	-0.0264
0.7397	-0.0226	0.7400	-0.0305
0.7416	-0.0257	0.7420	-0.0346
0.7434	-0.0287	0.7440	-0.0386
0.7433	-0.0318	0.7440	-0.0428
0.7452	-0.0341	0.7460	-0.0457
0.7471	-0.0373	0.7480	-0.0499
0.7469	-0.0404	0.7480	-0.0540
0.7487	-0.0435	0.7500	-0.0580
0.7505	-0.0467	0.7520	-0.0621
0.7523	-0.0499	0.7540	-0.0662
0.7541	-0.0531	0.7560	-0.0703
0.7559	-0.0563	0.7580	-0.0744
0.7557	-0.0592	0.7580	-0.0782
0.7574	-0.0625	0.7600	-0.0824
0.7592	-0.0657	0.7620	-0.0864
0.7609	-0.0688	0.7640	-0.0902
0.7606	-0.0720	0.7640	-0.0943
0.7623	-0.0751	0.7660	-0.0982
0.7620	-0.0782	0.7660	-0.1022
0.7637	-0.0815	0.7680	-0.1063
0.7654	-0.0840	0.7700	-0.1093
0.7671	-0.0872	0.7720	-0.1131
0.7687	-0.0905	0.7740	-0.1173
0.7703	-0.0939	0.7760	-0.1213
0.7719	-0.0971	0.7780	-0.1251
0.7735	-0.1005	0.7800	-0.1292
0.7751	-0.1039	0.7820	-0.1333
0.7747	-0.1069	0.7820	-0.1371
0.7782	-0.1106	0.7860	-0.1412
0.7797	-0.1139	0.7880	-0.1451
0.7812	-0.1173	0.7900	-0.1491
0.7807	-0.1206	0.7900	-0.1532
0.7823	-0.1239	0.7920	-0.1570
0.7839	-0.1265	0.7940	-0.1600
0.7853	-0.1301	0.7960	-0.1641
0.7867	-0.1336	0.7980	-0.1683
0.7882	-0.1369	0.8000	-0.1720
0.7896	-0.1405	0.8020	-0.1761
0.7930	-0.1443	0.8060	-0.1800
0.7977	-0.1518	0.8120	-0.1881
0.9687	-0.1945	0.9880	-0.1982
0.9699	-0.1986	0.9900	-0.2020
0.9710	-0.2030	0.9920	-0.2061
0.9721	-0.2075	0.9940	-0.2103
0.9752	-0.2119	0.9980	-0.2140
0.9288	-0.2581	0.9640	-0.2710
0.9240	-0.2606	0.9600	-0.2749
0.9191	-0.2632	0.9560	-0.2789
0.9161	-0.2661	0.9540	-0.2827
0.9112	-0.2688	0.9500	-0.2869
0.9101	-0.2725	0.9500	-0.2910
0.9110	-0.2765	0.9520	-0.2947
0.9098	-0.2803	0.9520	-0.2988
0.9106	-0.2846	0.9540	-0.3030
0.9114	-0.2887	0.9560	-0.3068
0.9121	-0.2930	0.9580	-0.3108
0.9129	-0.2971	0.9600	-0.3147
0.9154	-0.3021	0.9640	-0.3188
0.9161	-0.3064	0.9660	-0.3228
0.9187	-0.3112	0.9700	-0.3266
0.9193	-0.3157	0.9720	-0.3308
0.9199	-0.3200	0.9740	-0.3348
0.9225	-0.3249	0.9780	-0.3386
0.9290	-0.3304	0.9860	-0.3417
0.9333	-0.3362	0.9920	-0.3457
0.9339	-0.3404	0.9940	-0.3496
0.9362	-0.3457	0.9980	-0.3537
0.8597	-0.3752	0.9380	-0.4115
0.8490	-0.3746	0.9280	-0.4155
0.8439	-0.3762	0.9240	-0.4194
0.8406	-0.3789	0.9220	-0.4235
0.8408	-0.3832	0.9240	-0.4276
0.8430	-0.3880	0.9280	-0.4313
0.8450	-0.3931	0.9320	-0.4355
0.8381	-0.3938	0.9260	-0.4393
0.7930	-0.3814	0.8800	-0.4483
0.7893	-0.3847	0.8780	-0.4535
0.7841	-0.3861	0.8740	-0.4575
0.7826	-0.3891	0.8740	-0.4613
0.7810	-0.3923	0.8740	-0.4655
0.7830	-0.3973	0.8780	-0.4696
0.7852	-0.4017	0.8820	-0.4728
0.7872	-0.4065	0.8860	-0.4767
0.7891	-0.4115	0.8900	-0.4807
0.7910	-0.4167	0.8940	-0.4848
0.7928	-0.4218	0.8980	-0.4890
0.7946	-0.4269	0.9020	-0.4930
0.7963	-0.4321	0.9060	-0.4971
0.7981	-0.4373	0.9100	-0.5012
0.8003	-0.4416	0.9140	-0.5042
0.8037	-0.4478	0.9200	-0.5083
0.8054	-0.4530	0.9240	-0.5123
0.8070	-0.4583	0.9280	-0.5165
0.8103	-0.4646	0.9340	-0.5206
0.8120	-0.4696	0.9380	-0.5243
0.8135	-0.4750	0.9420	-0.5285
0.8171	-0.4806	0.9480	-0.5317
0.8186	-0.4861	0.9520	-0.5358
0.8218	-0.4923	0.9580	-0.5397
0.8233	-0.4976	0.9620	-0.5437
0.8263	-0.5042	0.9680	-0.5478
0.8277	-0.5097	0.9720	-0.5519
0.8307	-0.5162	0.9780	-0.5560
0.8342	-0.5219	0.9840	-0.5590
0.8355	-0.5274	0.9880	-0.5631
0.8400	-0.5351	0.9960	-0.5672
0.4453	-0.7821	0.9000	-1.0532
0.4422	-0.7839	0.9000	-1.0572
0.4399	-0.7874	0.9020	-1.0613
-0.4213	-0.4216	0.5960	-2.3559
-0.4268	-0.4245	0.6020	-2.3589
-0.4314	-0.4256	0.6060	-2.3630
-0.4331	-0.4238	0.6060	-2.3670
-0.4334	-0.4207	0.6040	-2.3712
-0.4352	-0.4189	0.6040	-2.3753
-0.4354	-0.4157	0.6020	-2.3793
-0.4371	-0.4139	0.6020	-2.3834
-0.4374	-0.4108	0.6000	-2.3875
-0.4390	-0.4090	0.6000	-2.3916
-0.4407	-0.4072	0.6000	-2.3957
-0.4424	-0.4054	0.6000	-2.3998
-0.4429	-0.4018	0.5980	-2.4047
-0.4430	-0.3987	0.5960	-2.4087
-0.4446	-0.3969	0.5960	-2.4129
-0.4463	-0.3951	0.5960	-2.4170
-0.4465	-0.3918	0.5940	-2.4213
-0.4481	-0.3900	0.5940	-2.4254
-0.4482	-0.3868	0.5920	-2.4295
-0.4497	-0.3850	0.5920	-2.4336
-0.4498	-0.3818	0.5900	-2.4377
-0.4513	-0.3800	0.5900	-2.4418
-0.4529	-0.3782	0.5900	-2.4458
-0.4544	-0.3763	0.5900	-2.4500
-0.4544	-0.3732	0.5880	-2.4541
-0.4559	-0.3713	0.5880	-2.4581
-0.4574	-0.3694	0.5880	-2.4622
-0.4574	-0.3663	0.5860	-2.4664
-0.4589	-0.3645	0.5860	-2.4704
-0.4604	-0.3626	0.5860	-2.4745
-0.4607	-0.3589	0.5840	-2.4797
-0.4621	-0.3570	0.5840	-2.4838
-0.4636	-0.3552	0.5840	-2.4878
-0.4634	-0.3521	0.5820	-2.4920
-0.4649	-0.3501	0.5820	-2.4961
-0.4663	-0.3483	0.5820	-2.5001
-0.4677	-0.3463	0.5820	-2.5042
-0.4675	-0.3432	0.5800	-2.5083
-0.4689	-0.3413	0.5800	-2.5124
-0.4703	-0.3394	0.5800	-2.5165
-0.4701	-0.3363	0.5780	-2.5206
-0.4714	-0.3344	0.5780	-2.5246
-0.4728	-0.3325	0.5780	-2.5288
-0.4742	-0.3305	0.5780	-2.5329
-0.4755	-0.3286	0.5780	-2.5369
-0.4752	-0.3255	0.5760	-2.5410
-0.4766	-0.3235	0.5760	-2.5452
-0.4778	-0.3216	0.5760	-2.5492
-0.4792	-0.3196	0.5760	-2.5533
-0.4805	-0.3177	0.5760	-2.5574
-0.4801	-0.3146	0.5740	-2.5615
-0.4815	-0.3125	0.5740	-2.5659
-0.4828	-0.3105	0.5740	-2.5700
-0.4840	-0.3086	0.5740	-2.5740
-0.4853	-0.3066	0.5740	-2.5781
-0.4865	-0.3046	0.5740	-2.5823
-0.4878	-0.3026	0.5740	-2.5863
-0.4873	-0.2996	0.5720	-2.5904
-0.4885	-0.2975	0.5720	-2.5945
-0.4897	-0.2956	0.5720	-2.5986
-0.4909	-0.2935	0.5720	-2.6027
-0.4921	-0.2915	0.5720	-2.6068
-0.4919	-0.2880	0.5700	-2.6120
-0.4945	-0.2875	0.5720	-2.6150
-0.4942	-0.2839	0.5700	-2.6201
-0.4954	-0.2819	0.5700	-2.6243
-0.4965	-0.2799	0.5700	-2.6283
-0.4977	-0.2779	0.5700	-2.6324
-0.4988	-0.2758	0.5700	-2.6365
-0.4999	-0.2738	0.5700	-2.6406
-0.4993	-0.2708	0.5680	-2.6447
-0.5004	-0.2687	0.5680	-2.6488
-0.5015	-0.2667	0.5680	-2.6528
-0.5026	-0.2646	0.5680	-2.6570
-0.5037	-0.2626	0.5680	-2.6611
-0.5047	-0.2605	0.5680	-2.6651
-0.5058	-0.2584	0.5680	-2.6692
-0.5069	-0.2564	0.5680	-2.6733
-0.5079	-0.2543	0.5680	-2.6774
-0.5089	-0.2522	0.5680	-2.6815
-0.5100	-0.2501	0.5680	-2.6856
-0.5110	-0.2481	0.5680	-2.6896
-0.5120	-0.2459	0.5680	-2.6938
-0.5130	-0.2438	0.5680	-2.6979
-0.5140	-0.2418	0.5680	-2.7019
-0.5150	-0.2395	0.5680	-2.7063
-0.5160	-0.2374	0.5680	-2.7104
-0.5170	-0.2353	0.5680	-2.7145
-0.5179	-0.2332	0.5680	-2.7186
-0.5170	-0.2303	0.5660	-2.7226
-0.5180	-0.2281	0.5660	-2.7267
-0.5189	-0.2260	0.5660	-2.7309
-0.5198	-0.2239	0.5660	-2.7349
-0.5208	-0.2218	0.5660	-2.7390
-0.5217	-0.2196	0.5660	-2.7431
-0.5225	-0.2175	0.5660	-2.7472
-0.5234	-0.2153	0.5660	-2.7513
-0.5262	-0.2139	0.5680	-2.7554
-0.5289	-0.2126	0.5700	-2.7594
-0.5260	-0.2089	0.5660	-2.7636
-0.5250	-0.2060	0.5640	-2.7677
-0.5259	-0.2039	0.5640	-2.7717
-0.5286	-0.2024	0.5660	-2.7758
-0.5294	-0.2003	0.5660	-2.7800
-0.5302	-0.1981	0.5660	-2.7840
-0.5310	-0.1959	0.5660	-2.7881
-0.5318	-0.1937	0.5660	-2.7922
-0.5326	-0.1916	0.5660	-2.7963
-0.5353	-0.1899	0.5680	-2.8007
-0.5360	-0.1879	0.5680	-2.8045
-0.5367	-0.1858	0.5680	-2.8083
-0.5375	-0.1836	0.5680	-2.8124
-0.5382	-0.1816	0.5680	-2.8162
-0.5389	-0.1795	0.5680	-2.8200
-0.5396	-0.1773	0.5680	-2.8242
-0.5403	-0.1753	0.5680	-2.8279
-0.5410	-0.1730	0.5680	-2.8320
-0.5417	-0.1710	0.5680	-2.8359
-0.5423	-0.1689	0.5680	-2.8397
-0.5449	-0.1673	0.5700	-2.8437
-0.5436	-0.1646	0.5680	-2.8475
-0.5443	-0.1624	0.5680	-2.8517
-0.5468	-0.1609	0.5700	-2.8555
-0.5474	-0.1588	0.5700	-2.8593
-0.5481	-0.1566	0.5700	-2.8634
-0.5487	-0.1544	0.5700	-2.8672
-0.5493	-0.1523	0.5700	-2.8710
-0.5499	-0.1501	0.5700	-2.8751
-0.5504	-0.1480	0.5700	-2.8789
-0.5528	-0.1468	0.5720	-2.8820
-0.5534	-0.1448	0.5720	-2.8857
-0.5540	-0.1425	0.5720	-2.8898
-0.5545	-0.1404	0.5720	-2.8937
-0.5551	-0.1381	0.5720	-2.8978
-0.5556	-0.1360	0.5720	-2.9015
-0.5581	-0.1343	0.5740	-2.9054
-0.5586	-0.1320	0.5740	-2.9095
-0.5591	-0.1299	0.5740	-2.9133
-0.5596	-0.1277	0.5740	-2.9172
-0.5621	-0.1259	0.5760	-2.9212
-0.5625	-0.1238	0.5760	-2.9250
-0.5630	-0.1215	0.5760	-2.9291
-0.5635	-0.1193	0.5760	-2.9330
-0.5640	-0.1172	0.5760	-2.9367
-0.5664	-0.1153	0.5780	-2.9408
-0.5668	-0.1131	0.5780	-2.9447
-0.5673	-0.1108	0.5780	-2.9487
-0.5697	-0.1090	0.5800	-2.9525
-0.5701	-0.1068	0.5800	-2.9564
-0.5705	-0.1045	0.5800	-2.9605
-0.5729	-0.1026	0.5820	-2.9643
-0.5733	-0.1005	0.5820	-2.9681
-0.5737	-0.0981	0.5820	-2.9722
-0.5740	-0.0959	0.5820	-2.9760
-0.5744	-0.0936	0.5820	-2.9801
-0.5768	-0.0917	0.5840	-2.9839
-0.5771	-0.0895	0.5840	-2.9877
-0.5775	-0.0871	0.5840	-2.9918
-0.5797	-0.0857	0.5860	-2.9948
-0.5800	-0.0835	0.5860	-2.9986
-0.5803	-0.0813	0.5860	-3.0025
-0.5827	-0.0791	0.5880	-3.0066
-0.5829	-0.0770	0.5880	-3.0103
-0.5833	-0.0746	0.5880	-3.0145
-0.5855	-0.0726	0.5900	-3.0183
-0.5858	-0.0703	0.5900	-3.0221
-0.5861	-0.0680	0.5900	-3.0262
-0.5883	-0.0659	0.5920	-3.0300
-0.5886	-0.0637	0.5920	-3.0338
-0.5888	-0.0612	0.5920	-3.0380
-0.5672	-0.0565	0.5700	-3.0423
-0.5674	-0.0543	0.5700	-3.0461
-0.5696	-0.0528	0.5720	-3.0491
-0.5698	-0.0507	0.5720	-3.0529
-0.5719	-0.0486	0.5740	-3.0567
-0.5721	-0.0463	0.5740	-3.0609
-0.5723	-0.0441	0.5740	-3.0646
-0.5745	-0.0421	0.5760	-3.0684
-0.5746	-0.0399	0.5760	-3.0723
-0.5768	-0.0377	0.5780	-3.0764
-0.5769	-0.0354	0.5780	-3.0802
-0.5790	-0.0334	0.5800	-3.0840
-0.5792	-0.0310	0.5800	-3.0881
-0.5793	-0.0288	0.5800	-3.0919
-0.5814	-0.0267	0.5820	-3.0958
-0.5835	-0.0244	0.5840	-3.0998
-0.5836	-0.0222	0.5840	-3.1036
-0.5837	-0.0199	0.5840	-3.1075
-0.5837	-0.0177	0.5840	-3.1113
-0.5858	-0.0160	0.5860	-3.1143
-0.5878	-0.0138	0.5880	-3.1181
-0.5879	-0.0114	0.5880	-3.1222
-0.5899	-0.0092	0.5900	-3.1260
-0.5900	-0.0070	0.5900	-3.1298
-0.5920	-0.0045	0.5920	-3.1339
-0.5920	-0.0023	0.5920	-3.1378
-0.5480	-0.0023	0.5480	-3.1375
-0.2779	-0.0081	0.2780	-3.1124
-0.2789	-0.0070	0.2790	-3.1165
-0.2789	-0.0059	0.2790	-3.1205
-0.2800	-0.0050	0.2800	-3.1236
-0.2800	-0.0039	0.2800	-3.1276
-0.2800	-0.0028	0.2800	-3.1317
-0.2800	-0.0017	0.2800	-3.1356
-0.2800	-0.0005	0.2800	-3.1397
-0.2430	-0.0222	0.2440	-3.0504
-0.2431	-0.0212	0.2440	-3.0545
-0.2442	-0.0204	0.2450	-3.0584
-0.2452	-0.0196	0.2460	-3.0616
-0.2453	-0.0186	0.2460	-3.0658
-0.2454	-0.0177	0.2460	-3.0696
-0.2454	-0.0167	0.2460	-3.0736
-0.2465	-0.0158	0.2470	-3.0777
-0.2466	-0.0147	0.2470	-3.0819
-0.2466	-0.0138	0.2470	-3.0859
-0.2467	-0.0127	0.2470	-3.0900
-0.2467	-0.0118	0.2470	-3.0938
-0.2209	-0.0071	0.2210	-3.1094
-0.2209	-0.0063	0.2210	-3.1132
-0.2219	-0.0056	0.2220	-3.1162
-0.2219	-0.0048	0.2220	-3.1200
-0.2230	-0.0040	0.2230	-3.1239
-0.2240	-0.0033	0.2240	-3.1268
-0.2240	-0.0024	0.2240	-3.1307
-0.2240	-0.0015	0.2240	-3.1347
-0.2240	-0.0007	0.2240	-3.1385
-0.1937	-0.0106	0.1940	-3.0868
-0.1947	-0.0099	0.1950	-3.0906
-0.1948	-0.0092	0.1950	-3.0943
-0.1948	-0.0085	0.1950	-3.0982
-0.1948	-0.0077	0.1950	-3.1023
-0.1949	-0.0069	0.1950	-3.1061
-0.1959	-0.0064	0.1960	-3.1091
-0.1959	-0.0056	0.1960	-3.1129
-0.1959	-0.0049	0.1960	-3.1168
