x	y	r	phi
-0.5800	0.0009	0.5800	3.1400
-0.5800	0.0033	0.5800	3.1359
-0.5800	0.0057	0.5800	3.1318
-0.5799	0.0081	0.5800	3.1277
-0.5799	0.0102	0.5800	3.1240
-0.5799	0.0126	0.5800	3.1198
-0.5798	0.0150	0.5800	3.1157
-0.5797	0.0173	0.5800	3.1117
-0.5817	0.0198	0.5820	3.1076
-0.5816	0.0222	0.5820	3.1034
-0.5815	0.0245	0.5820	3.0994
-0.5814	0.0268	0.5820	3.0956
-0.5813	0.0292	0.5820	3.0915
-0.5811	0.0316	0.5820	3.0873
-0.5810	0.0339	0.5820	3.0833
-0.5809	0.0363	0.5820	3.0792
-0.5807	0.0385	0.5820	3.0753
-0.5806	0.0409	0.5820	3.0713
-0.5804	0.0431	0.5820	3.0675
-0.5802	0.0453	0.5820	3.0636
-0.5820	0.0479	0.5840	3.0595
-0.5818	0.0501	0.5840	3.0557
-0.5817	0.0523	0.5840	3.0520
-0.5814	0.0547	0.5840	3.0478
-0.5833	0.0564	0.5860	3.0451
-0.5830	0.0588	0.5860	3.0410
-0.5828	0.0611	0.5860	3.0372
-0.5826	0.0633	0.5860	3.0334
-0.5823	0.0657	0.5860	3.0293
-0.5821	0.0679	0.5860	3.0255
-0.5818	0.0701	0.5860	3.0217
-0.5835	0.0728	0.5880	3.0175
-0.5131	0.0711	0.5180	3.0039
-0.5068	0.0727	0.5120	2.9990
-0.5055	0.0745	0.5110	2.9952
-0.5023	0.0760	0.5080	2.9914
-0.5010	0.0779	0.5070	2.9873
-0.4987	0.0795	0.5050	2.9835
-0.4974	0.0813	0.5040	2.9797
-0.4971	0.0833	0.5040	2.9755
-0.4967	0.0852	0.5040	2.9717
-0.4954	0.0869	0.5030	2.9680
-0.4951	0.0889	0.5030	2.9638
-0.4957	0.0910	0.5040	2.9600
-0.4963	0.0931	0.5050	2.9562
-0.4950	0.0949	0.5040	2.9521
-0.4956	0.0970	0.5050	2.9483
-0.4962	0.0991	0.5060	2.9445
-0.4968	0.1013	0.5070	2.9404
-0.4964	0.1032	0.5070	2.9365
-0.4979	0.1055	0.5090	2.9328
-0.4995	0.1080	0.5110	2.9287
-0.5021	0.1101	0.5140	2.9257
-0.5055	0.1129	0.5180	2.9218
-0.5090	0.1157	0.5220	2.9180
-0.5126	0.1181	0.5260	2.9150
-0.5179	0.1215	0.5320	2.9112
-0.5867	0.1437	0.6040	2.9014
-0.5881	0.1464	0.6060	2.8976
-0.5874	0.1488	0.6060	2.8935
-0.5869	0.1511	0.6060	2.8896
-0.5863	0.1533	0.6060	2.8858
-0.5876	0.1562	0.6080	2.8818
-0.5889	0.1590	0.6100	2.8779
-0.5883	0.1612	0.6100	2.8741
-0.5876	0.1637	0.6100	2.8700
-0.5889	0.1664	0.6120	2.8662
-0.5883	0.1686	0.6120	2.8624
-0.5876	0.1711	0.6120	2.8583
-0.5889	0.1739	0.6140	2.8545
-0.5882	0.1761	0.6140	2.8506
-0.5896	0.1785	0.6160	2.8476
-0.5889	0.1808	0.6160	2.8436
-0.5901	0.1837	0.6180	2.8398
-0.5894	0.1860	0.6180	2.8359
-0.5905	0.1890	0.6200	2.8318
-0.5898	0.1913	0.6200	2.8280
-0.5909	0.1941	0.6220	2.8243
-0.5901	0.1965	0.6220	2.8201
-0.5894	0.1988	0.6220	2.8163
-0.5905	0.2017	0.6240	2.8125
-0.4103	0.1533	0.4380	2.7841
-0.4060	0.1534	0.4340	2.7803
-0.3771	0.1476	0.4050	2.7685
-0.3513	0.1422	0.3790	2.7569
-0.3478	0.1428	0.3760	2.7520
-0.3434	0.1430	0.3720	2.7471
-0.3401	0.1432	0.3690	2.7429
-0.3386	0.1441	0.3680	2.7391
-0.3399	0.1462	0.3700	2.7353
-0.3393	0.1476	0.3700	2.7313
-0.3387	0.1489	0.3700	2.7274
-0.3391	0.1506	0.3710	2.7236
-0.3393	0.1524	0.3720	2.7195
-0.3398	0.1537	0.3730	2.7168
-0.3401	0.1555	0.3740	2.7127
-0.3395	0.1569	0.3740	2.7088
-0.3398	0.1585	0.3750	2.7051
-0.3401	0.1604	0.3760	2.7010
-0.3404	0.1621	0.3770	2.6971
-0.3397	0.1634	0.3770	2.6933
-0.3391	0.1648	0.3770	2.6893
-0.3404	0.1666	0.3790	2.6865
-0.3406	0.1684	0.3800	2.6824
-0.3408	0.1703	0.3810	2.6783
-0.3401	0.1717	0.3810	2.6742
-0.3404	0.1734	0.3820	2.6704
-0.3406	0.1752	0.3830	2.6663
-0.3407	0.1771	0.3840	2.6622
-0.3410	0.1787	0.3850	2.6590
-0.3403	0.1800	0.3850	2.6551
-0.3405	0.1819	0.3860	2.6510
-0.3406	0.1837	0.3870	2.6470
-0.3407	0.1856	0.3880	2.6429
-0.3408	0.1875	0.3890	2.6387
-0.3410	0.1893	0.3900	2.6347
-0.3413	0.1909	0.3910	2.6316
-0.3414	0.1927	0.3920	2.6276
-0.3414	0.1946	0.3930	2.6235
-0.3415	0.1965	0.3940	2.6194
-0.3416	0.1984	0.3950	2.6153
-0.3416	0.2003	0.3960	2.6112
-0.3408	0.2016	0.3960	2.6074
-0.3419	0.2038	0.3980	2.6041
-0.3419	0.2057	0.3990	2.6000
-0.3419	0.2076	0.4000	2.5960
-0.3420	0.2094	0.4010	2.5921
-0.3420	0.2113	0.4020	2.5880
-0.3420	0.2132	0.4030	2.5840
-0.3421	0.2149	0.4040	2.5806
-0.3421	0.2167	0.4050	2.5769
-0.3421	0.2187	0.4060	2.5728
-0.3428	0.2212	0.4080	2.5687
-0.3428	0.2231	0.4090	2.5646
-0.3419	0.2245	0.4090	2.5605
-0.3420	0.2261	0.4100	2.5575
-0.3428	0.2286	0.4120	2.5534
-0.3426	0.2306	0.4130	2.5493
-0.3425	0.2325	0.4140	2.5453
-0.3424	0.2345	0.4150	2.5411
-0.3434	0.2366	0.4170	2.5382
-0.3432	0.2386	0.4180	2.5340
-0.3430	0.2406	0.4190	2.5299
-0.3429	0.2426	0.4200	2.5259
-0.3427	0.2446	0.4210	2.5218
-0.3434	0.2470	0.4230	2.5179
-0.3434	0.2487	0.4240	2.5147
-0.3432	0.2507	0.4250	2.5106
-0.3437	0.2533	0.4270	2.5065
-0.3436	0.2552	0.4280	2.5027
-0.3433	0.2572	0.4290	2.4986
-0.3431	0.2592	0.4300	2.4945
-0.3439	0.2615	0.4320	2.4915
-0.3436	0.2635	0.4330	2.4874
-0.3441	0.2661	0.4350	2.4833
-0.3438	0.2681	0.4360	2.4792
-0.3435	0.2701	0.4370	2.4752
-0.3440	0.2728	0.4390	2.4711
-0.3439	0.2744	0.4400	2.4681
-0.3443	0.2771	0.4420	2.4640
-0.3440	0.2792	0.4430	2.4598
-0.3436	0.2812	0.4440	2.4558
-0.3440	0.2839	0.4460	2.4517
-0.3447	0.2862	0.4480	2.4487
-0.3443	0.2882	0.4490	2.4446
-0.3446	0.2909	0.4510	2.4405
-0.3450	0.2936	0.4530	2.4364
-0.3445	0.2957	0.4540	2.4323
-0.3451	0.2980	0.4560	2.4293
-0.3454	0.3007	0.4580	2.4252
-0.3449	0.3028	0.4590	2.4211
-0.3445	0.3049	0.4600	2.4171
-0.3455	0.3082	0.4630	2.4132
-0.3453	0.3100	0.4640	2.4100
-0.3455	0.3127	0.4660	2.4059
-0.3449	0.3148	0.4670	2.4018
-0.3459	0.3182	0.4700	2.3980
-0.3461	0.3209	0.4720	2.3939
-0.3458	0.3228	0.4730	2.3906
-0.3460	0.3254	0.4750	2.3868
-0.3461	0.3282	0.4770	2.3827
-0.3462	0.3310	0.4790	2.3786
-0.3463	0.3338	0.4810	2.3745
-0.3456	0.3360	0.4820	2.3704
-0.3468	0.3391	0.4850	2.3674
-0.3468	0.3419	0.4870	2.3633
-0.3468	0.3447	0.4890	2.3593
-0.3468	0.3476	0.4910	2.3551
-0.3472	0.3500	0.4930	2.3522
-0.3472	0.3529	0.4950	2.3480
-0.3471	0.3557	0.4970	2.3439
-0.3470	0.3586	0.4990	2.3399
-0.3470	0.3614	0.5010	2.3358
-0.3473	0.3639	0.5030	2.3328
-0.3478	0.3675	0.5060	2.3287
-0.3477	0.3704	0.5080	2.3247
-0.3475	0.3733	0.5100	2.3205
-0.3485	0.3765	0.5130	2.3176
-0.3476	0.3787	0.5140	2.3134
-0.3487	0.3830	0.5180	2.3093
-0.3485	0.3859	0.5200	2.3053
-0.3482	0.3889	0.5220	2.3012
-0.3484	0.3914	0.5240	2.2982
-0.3481	0.3943	0.5260	2.2941
-0.3491	0.3988	0.5300	2.2899
-0.3488	0.4017	0.5320	2.2859
-0.3485	0.4046	0.5340	2.2818
-0.3499	0.4087	0.5380	2.2788
-0.3495	0.4117	0.5400	2.2747
-0.3491	0.4146	0.5420	2.2706
-0.3500	0.4191	0.5460	2.2666
-0.3500	0.4217	0.5480	2.2635
-0.3508	0.4262	0.5520	2.2595
-0.3503	0.4292	0.5540	2.2553
-0.3510	0.4337	0.5580	2.2512
-0.3510	0.4363	0.5600	2.2482
-0.3517	0.4409	0.5640	2.2441
-0.3524	0.4455	0.5680	2.2401
-0.3511	0.4541	0.5740	2.2289
-0.5388	0.7109	0.8920	2.2194
-0.5383	0.7163	0.8960	2.2153
-0.5377	0.7217	0.9000	2.2111
-0.5372	0.7271	0.9040	2.2071
-0.5366	0.7325	0.9080	2.2030
-0.5379	0.7390	0.9140	2.2000
-0.5384	0.7460	0.9200	2.1959
-0.5376	0.7515	0.9240	2.1918
-0.5369	0.7569	0.9280	2.1877
-0.5372	0.7640	0.9340	2.1836
-0.5375	0.7712	0.9400	2.1795
-0.5386	0.7777	0.9460	2.1765
-0.5377	0.7832	0.9500	2.1724
-0.5379	0.7903	0.9560	2.1684
-0.5380	0.7975	0.9620	2.1643
-0.5380	0.8047	0.9680	2.1601
-0.5305	0.8144	0.9720	2.1481
-0.2626	0.4278	0.5020	2.1214
-0.2595	0.4274	0.5000	2.1165
-0.2568	0.4267	0.4980	2.1125
-0.2545	0.4269	0.4970	2.1084
-0.2532	0.4288	0.4980	2.1042
-0.2525	0.4316	0.5000	2.1002
-0.2512	0.4335	0.5010	2.0961
-0.2496	0.4378	0.5040	2.0890
-0.2387	0.8283	0.8620	1.8514
-0.2362	0.8311	0.8640	1.8477
-0.2319	0.8281	0.8600	1.8438
-0.2285	0.8291	0.8600	1.8397
-0.2237	0.8366	0.8660	1.8321
0.1170	0.8076	0.8160	1.4269
0.1204	0.8091	0.8180	1.4231
0.1271	0.8081	0.8180	1.4148
0.0941	0.4052	0.4160	1.3426
0.0958	0.4069	0.4180	1.3395
0.0974	0.4065	0.4180	1.3355
0.0991	0.4061	0.4180	1.3314
0.1009	0.4067	0.4190	1.3276
0.1025	0.4063	0.4190	1.3235
0.1042	0.4058	0.4190	1.3194
0.1058	0.4054	0.4190	1.3156
0.1082	0.4079	0.4220	1.3115
0.8997	0.3231	0.9560	0.3448
0.8992	0.3187	0.9540	0.3406
0.9023	0.3159	0.9560	0.3368
0.8998	0.3110	0.9520	0.3328
0.9010	0.3075	0.9520	0.3289
0.8293	-0.2120	0.8560	-0.2503
0.8227	-0.2139	0.8500	-0.2544
0.8041	-0.2135	0.8320	-0.2595
0.7876	-0.2133	0.8160	-0.2645
0.7908	-0.2167	0.8200	-0.2675
0.7996	-0.2227	0.8300	-0.2716
0.8006	-0.2264	0.8320	-0.2756
0.8016	-0.2303	0.8340	-0.2798
0.8006	-0.2336	0.8340	-0.2839
0.8017	-0.2371	0.8360	-0.2876
0.8007	-0.2405	0.8360	-0.2917
0.8016	-0.2443	0.8380	-0.2959
0.8025	-0.2482	0.8400	-0.2999
0.8015	-0.2515	0.8400	-0.3040
0.8023	-0.2554	0.8420	-0.3081
0.8033	-0.2591	0.8440	-0.3120
0.8041	-0.2629	0.8460	-0.3160
0.8030	-0.2662	0.8460	-0.3201
0.8041	-0.2692	0.8480	-0.3231
0.8030	-0.2726	0.8480	-0.3272
0.8038	-0.2765	0.8500	-0.3313
0.8026	-0.2797	0.8500	-0.3354
0.8034	-0.2837	0.8520	-0.3395
0.8042	-0.2875	0.8540	-0.3433
0.8049	-0.2914	0.8560	-0.3474
0.8037	-0.2947	0.8560	-0.3515
0.8043	-0.2987	0.8580	-0.3556
0.8050	-0.3027	0.8600	-0.3596
0.8056	-0.3067	0.8620	-0.3637
0.8043	-0.3100	0.8620	-0.3679
0.8049	-0.3140	0.8640	-0.3719
0.8055	-0.3180	0.8660	-0.3760
0.8060	-0.3221	0.8680	-0.3801
0.8067	-0.3258	0.8700	-0.3839
0.8072	-0.3299	0.8720	-0.3880
0.8058	-0.3332	0.8720	-0.3921
0.8063	-0.3373	0.8740	-0.3962
0.8068	-0.3414	0.8760	-0.4003
0.8053	-0.3447	0.8760	-0.4044
0.8058	-0.3487	0.8780	-0.4084
0.8064	-0.3522	0.8800	-0.4118
0.8069	-0.3560	0.8820	-0.4155
0.8073	-0.3602	0.8840	-0.4196
0.8076	-0.3643	0.8860	-0.4238
0.8080	-0.3684	0.8880	-0.4278
0.8083	-0.3726	0.8900	-0.4319
0.8067	-0.3759	0.8900	-0.4360
0.8070	-0.3800	0.8920	-0.4401
0.8072	-0.3842	0.8940	-0.4442
0.8075	-0.3884	0.8960	-0.4483
0.8077	-0.3925	0.8980	-0.4523
0.8079	-0.3967	0.9000	-0.4565
0.8080	-0.4009	0.9020	-0.4606
0.8082	-0.4051	0.9040	-0.4646
0.8101	-0.4102	0.9080	-0.4687
0.8084	-0.4135	0.9080	-0.4728
0.8085	-0.4177	0.9100	-0.4769
0.8090	-0.4211	0.9120	-0.4799
0.8108	-0.4262	0.9160	-0.4840
0.8126	-0.4314	0.9200	-0.4881
0.8143	-0.4367	0.9240	-0.4922
0.8161	-0.4418	0.9280	-0.4962
0.8125	-0.4442	0.9260	-0.5004
0.8089	-0.4466	0.9240	-0.5045
0.8071	-0.4499	0.9240	-0.5085
0.8070	-0.4542	0.9260	-0.5126
0.8068	-0.4585	0.9280	-0.5168
0.8084	-0.4637	0.9320	-0.5208
0.8101	-0.4688	0.9360	-0.5246
0.8099	-0.4732	0.9380	-0.5287
0.8114	-0.4785	0.9420	-0.5329
0.8112	-0.4828	0.9440	-0.5369
0.8113	-0.4865	0.9460	-0.5402
0.8110	-0.4909	0.9480	-0.5443
0.8124	-0.4963	0.9520	-0.5484
0.8121	-0.5006	0.9540	-0.5524
0.8119	-0.5048	0.9560	-0.5563
0.8132	-0.5102	0.9600	-0.5604
0.8111	-0.5136	0.9600	-0.5645
0.8107	-0.5179	0.9620	-0.5685
0.8119	-0.5234	0.9660	-0.5727
0.8114	-0.5279	0.9680	-0.5768
0.8109	-0.5322	0.9700	-0.5808
0.8121	-0.5378	0.9740	-0.5849
0.8132	-0.5433	0.9780	-0.5890
0.8126	-0.5477	0.9800	-0.5931
0.8120	-0.5522	0.9820	-0.5972
0.8137	-0.5569	0.9860	-0.6002
0.8147	-0.5625	0.9900	-0.6043
0.8140	-0.5669	0.9920	-0.6083
0.8133	-0.5714	0.9940	-0.6124
0.8142	-0.5771	0.9980	-0.6166
-0.4114	-0.9049	0.9940	-1.9975
-0.4118	-0.8959	0.9860	-2.0017
-0.4128	-0.8866	0.9780	-2.0065
-0.4128	-0.8778	0.9700	-2.0104
-0.4129	-0.8689	0.9620	-2.0144
-0.4136	-0.8619	0.9560	-2.0182
-0.4137	-0.8530	0.9480	-2.0224
-0.4143	-0.8438	0.9400	-2.0273
-0.4140	-0.8350	0.9320	-2.0311
-0.4148	-0.8279	0.9260	-2.0352
-0.4142	-0.8192	0.9180	-2.0389
-0.4149	-0.8122	0.9120	-2.0431
-0.4161	-0.8048	0.9060	-2.0480
-0.4164	-0.7979	0.9000	-2.0518
-0.4150	-0.7873	0.8900	-2.0559
-0.4143	-0.7787	0.8820	-2.0598
-0.4162	-0.7731	0.8780	-2.0646
-0.4164	-0.7661	0.8720	-2.0687
-0.4165	-0.7593	0.8660	-2.0725
-0.4165	-0.7524	0.8600	-2.0763
-0.4167	-0.7455	0.8540	-2.0805
-0.4166	-0.7386	0.8480	-2.0843
-0.4172	-0.7314	0.8420	-2.0892
-0.4181	-0.7262	0.8380	-2.0932
-0.4179	-0.7194	0.8320	-2.0970
-0.4178	-0.7125	0.8260	-2.1012
-0.4175	-0.7058	0.8200	-2.1050
-0.4179	-0.6986	0.8140	-2.1099
-0.4177	-0.6917	0.8080	-2.1140
-0.4182	-0.6867	0.8040	-2.1178
-0.4178	-0.6799	0.7980	-2.1219
-0.4183	-0.6749	0.7940	-2.1257
-0.4184	-0.6677	0.7880	-2.1306
-0.4191	-0.6626	0.7840	-2.1347
-0.4194	-0.6576	0.7800	-2.1386
-0.4188	-0.6509	0.7740	-2.1426
-0.4192	-0.6459	0.7700	-2.1464
-0.4190	-0.6388	0.7640	-2.1513
-0.4194	-0.6338	0.7600	-2.1554
-0.4196	-0.6288	0.7560	-2.1593
-0.4198	-0.6239	0.7520	-2.1631
-0.4201	-0.6189	0.7480	-2.1671
-0.4209	-0.6135	0.7440	-2.1721
-0.4209	-0.6086	0.7400	-2.1759
-0.4200	-0.6020	0.7340	-2.1800
-0.4200	-0.5971	0.7300	-2.1838
-0.4201	-0.5921	0.7260	-2.1878
-0.4212	-0.5889	0.7240	-2.1917
-0.4218	-0.5835	0.7200	-2.1967
-0.4218	-0.5786	0.7160	-2.2007
-0.4216	-0.5737	0.7120	-2.2045
-0.4216	-0.5688	0.7080	-2.2086
-0.4213	-0.5640	0.7040	-2.2124
-0.4217	-0.5587	0.7000	-2.2174
-0.4228	-0.5554	0.6980	-2.2214
-0.4224	-0.5506	0.6940	-2.2252
-0.4223	-0.5457	0.6900	-2.2294
-0.4219	-0.5409	0.6860	-2.2332
-0.4227	-0.5378	0.6840	-2.2369
-0.4229	-0.5325	0.6800	-2.2419
-0.4225	-0.5277	0.6760	-2.2459
-0.4233	-0.5245	0.6740	-2.2498
-0.4242	-0.5212	0.6720	-2.2539
-0.4236	-0.5165	0.6680	-2.2577
-0.4244	-0.5132	0.6660	-2.2618
-0.4231	-0.5065	0.6600	-2.2667
-0.4224	-0.5019	0.6560	-2.2705
-0.4245	-0.5001	0.6560	-2.2746
-0.4238	-0.4955	0.6520	-2.2784
-0.4246	-0.4922	0.6500	-2.2826
-0.4251	-0.4891	0.6480	-2.2863
-0.4249	-0.4840	0.6440	-2.2913
-0.4255	-0.4807	0.6420	-2.2953
-0.4260	-0.4776	0.6400	-2.2991
-0.4253	-0.4729	0.6360	-2.3033
-0.4259	-0.4697	0.6340	-2.3073
-0.4264	-0.4664	0.6320	-2.3114
-0.4274	-0.4629	0.6300	-2.3163
-0.4265	-0.4582	0.6260	-2.3204
-0.4271	-0.4550	0.6240	-2.3246
-0.4275	-0.4518	0.6220	-2.3286
-0.4279	-0.4487	0.6200	-2.3324
-0.4269	-0.4441	0.6160	-2.3365
-0.4278	-0.4404	0.6140	-2.3417
-0.4281	-0.4373	0.6120	-2.3456
-0.4285	-0.4342	0.6100	-2.3496
-0.4288	-0.4310	0.6080	-2.3537
-0.4292	-0.4278	0.6060	-2.3578
-0.4295	-0.4247	0.6040	-2.3619
-0.4297	-0.4216	0.6020	-2.3657
-0.4300	-0.4184	0.6000	-2.3698
-0.4307	-0.4148	0.5980	-2.3750
-0.4309	-0.4118	0.5960	-2.3788
-0.4296	-0.4073	0.5920	-2.3828
-0.4298	-0.4042	0.5900	-2.3870
-0.4315	-0.4024	0.5900	-2.3911
-0.4316	-0.3993	0.5880	-2.3951
-0.4317	-0.3963	0.5860	-2.3990
-0.4323	-0.3927	0.5840	-2.4041
-0.4324	-0.3896	0.5820	-2.4083
-0.4324	-0.3866	0.5800	-2.4121
-0.4324	-0.3835	0.5780	-2.4161
-0.4325	-0.3804	0.5760	-2.4202
-0.4326	-0.3773	0.5740	-2.4244
-0.4326	-0.3742	0.5720	-2.4284
-0.4329	-0.3708	0.5700	-2.4333
-0.4344	-0.3690	0.5700	-2.4374
-0.4344	-0.3659	0.5680	-2.4415
-0.4343	-0.3630	0.5660	-2.4454
-0.4342	-0.3600	0.5640	-2.4494
-0.4341	-0.3569	0.5620	-2.4535
-0.4356	-0.3551	0.5620	-2.4576
-0.4355	-0.3521	0.5600	-2.4617
-0.4357	-0.3487	0.5580	-2.4666
-0.4355	-0.3457	0.5560	-2.4707
-0.4353	-0.3426	0.5540	-2.4748
-0.4351	-0.3397	0.5520	-2.4786
-0.4364	-0.3380	0.5520	-2.4827
-0.4362	-0.3350	0.5500	-2.4868
-0.4360	-0.3319	0.5480	-2.4909
-0.4374	-0.3302	0.5480	-2.4949
-0.4374	-0.3268	0.5460	-2.4999
-0.4371	-0.3239	0.5440	-2.5039
-0.4368	-0.3209	0.5420	-2.5081
-0.4364	-0.3180	0.5400	-2.5119
-0.4377	-0.3162	0.5400	-2.5159
-0.4374	-0.3133	0.5380	-2.5200
-0.4387	-0.3115	0.5380	-2.5242
-0.4383	-0.3085	0.5360	-2.5282
-0.4382	-0.3052	0.5340	-2.5332
-0.4394	-0.3035	0.5340	-2.5372
-0.4390	-0.3005	0.5320	-2.5413
-0.4401	-0.2988	0.5320	-2.5452
-0.4397	-0.2959	0.5300	-2.5492
-0.4409	-0.2941	0.5300	-2.5533
-0.4421	-0.2923	0.5300	-2.5574
-0.4399	-0.2883	0.5260	-2.5615
-0.4394	-0.2855	0.5240	-2.5653
-0.4392	-0.2822	0.5220	-2.5705
-0.4403	-0.2804	0.5220	-2.5746
-0.4397	-0.2776	0.5200	-2.5784
-0.4374	-0.2737	0.5160	-2.5825
-0.4368	-0.2709	0.5140	-2.5866
-0.4397	-0.2701	0.5160	-2.5907
-0.4407	-0.2683	0.5160	-2.5947
-0.4401	-0.2656	0.5140	-2.5986
-0.4412	-0.2638	0.5140	-2.6027
-0.4422	-0.2620	0.5140	-2.6068
-0.4418	-0.2588	0.5120	-2.6117
-0.4428	-0.2570	0.5120	-2.6157
-0.4430	-0.2547	0.5110	-2.6198
-0.4432	-0.2524	0.5100	-2.6240
-0.4451	-0.2511	0.5110	-2.6280
-0.4460	-0.2494	0.5110	-2.6318
-0.4471	-0.2475	0.5110	-2.6360
-0.4454	-0.2442	0.5080	-2.6401
-0.4438	-0.2410	0.5050	-2.6441
-0.4430	-0.2382	0.5030	-2.6482
-0.4430	-0.2360	0.5020	-2.6521
-0.4434	-0.2333	0.5010	-2.6572
-0.4443	-0.2315	0.5010	-2.6613
-0.4434	-0.2289	0.4990	-2.6651
-0.4408	-0.2252	0.4950	-2.6692
-0.4408	-0.2230	0.4940	-2.6733
-0.4426	-0.2216	0.4950	-2.6774
-0.4435	-0.2198	0.4950	-2.6815
-0.4444	-0.2181	0.4950	-2.6853
-0.4443	-0.2159	0.4940	-2.6894
-0.4443	-0.2136	0.4930	-2.6935
-0.4443	-0.2113	0.4920	-2.6976
-0.4451	-0.2095	0.4920	-2.7016
-0.4453	-0.2069	0.4910	-2.7066
-0.4452	-0.2047	0.4900	-2.7106
-0.4460	-0.2029	0.4900	-2.7148
-0.4460	-0.2006	0.4890	-2.7189
-0.4458	-0.1984	0.4880	-2.7229
-0.4457	-0.1962	0.4870	-2.7270
-0.4466	-0.1943	0.4870	-2.7312
-0.4464	-0.1921	0.4860	-2.7352
-0.4463	-0.1899	0.4850	-2.7393
-0.4471	-0.1880	0.4850	-2.7434
-0.4469	-0.1859	0.4840	-2.7475
-0.4467	-0.1836	0.4830	-2.7516
-0.4475	-0.1818	0.4830	-2.7557
-0.4482	-0.1801	0.4830	-2.7594
-0.4472	-0.1771	0.4810	-2.7646
-0.4470	-0.1749	0.4800	-2.7687
-0.4477	-0.1730	0.4800	-2.7729
-0.4475	-0.1708	0.4790	-2.7769
-0.4473	-0.1686	0.4780	-2.7810
-0.4480	-0.1668	0.4780	-2.7851
-0.4477	-0.1647	0.4770	-2.7892
-0.4483	-0.1629	0.4770	-2.7930
-0.4480	-0.1607	0.4760	-2.7971
-0.4478	-0.1586	0.4750	-2.8012
-0.4484	-0.1568	0.4750	-2.8053
-0.4490	-0.1549	0.4750	-2.8094
-0.4487	-0.1527	0.4740	-2.8135
-0.4484	-0.1506	0.4730	-2.8175
-0.4490	-0.1488	0.4730	-2.8217
-0.4488	-0.1463	0.4720	-2.8266
-0.4494	-0.1444	0.4720	-2.8307
-0.4500	-0.1425	0.4720	-2.8348
-0.4505	-0.1407	0.4720	-2.8388
-0.4502	-0.1386	0.4710	-2.8429
-0.4498	-0.1364	0.4700	-2.8471
-0.4503	-0.1346	0.4700	-2.8511
-0.4509	-0.1328	0.4700	-2.8552
-0.4514	-0.1309	0.4700	-2.8593
-0.4510	-0.1288	0.4690	-2.8634
-0.4505	-0.1267	0.4680	-2.8675
-0.4510	-0.1248	0.4680	-2.8716
-0.4515	-0.1230	0.4680	-2.8756
-0.4511	-0.1209	0.4670	-2.8798
-0.4515	-0.1192	0.4670	-2.8836
-0.4511	-0.1171	0.4660	-2.8876
-0.4515	-0.1152	0.4660	-2.8917
-0.4510	-0.1131	0.4650	-2.8959
-0.4515	-0.1113	0.4650	-2.8999
-0.4519	-0.1094	0.4650	-2.9040
-0.4514	-0.1073	0.4640	-2.9081
-0.4518	-0.1055	0.4640	-2.9122
-0.4514	-0.1030	0.4630	-2.9172
-0.4518	-0.1012	0.4630	-2.9212
-0.4522	-0.0994	0.4630	-2.9253
-0.4526	-0.0975	0.4630	-2.9294
-0.4530	-0.0957	0.4630	-2.9335
-0.4524	-0.0936	0.4620	-2.9376
-0.4528	-0.0917	0.4620	-2.9417
-0.4532	-0.0899	0.4620	-2.9457
-0.4526	-0.0879	0.4610	-2.9498
-0.4529	-0.0860	0.4610	-2.9540
-0.4533	-0.0842	0.4610	-2.9580
-0.4546	-0.0825	0.4620	-2.9621
-0.4549	-0.0806	0.4620	-2.9662
-0.4552	-0.0789	0.4620	-2.9700
-0.4574	-0.0777	0.4640	-2.9732
-0.4597	-0.0762	0.4660	-2.9774
-0.4610	-0.0745	0.4670	-2.9815
-0.4653	-0.0732	0.4710	-2.9855
-0.4744	-0.0732	0.4800	-2.9886
-0.4861	-0.0694	0.4910	-2.9997
-0.6005	-0.0817	0.6060	-3.0063
-0.6008	-0.0793	0.6060	-3.0103
-0.6011	-0.0768	0.6060	-3.0145
-0.6014	-0.0744	0.6060	-3.0186
-0.6017	-0.0719	0.6060	-3.0226
-0.6020	-0.0695	0.6060	-3.0267
-0.6023	-0.0670	0.6060	-3.0309
-0.6025	-0.0647	0.6060	-3.0346
-0.5771	-0.0578	0.5800	-3.0417
-0.5773	-0.0555	0.5800	-3.0458
-0.5776	-0.0531	0.5800	-3.0499
-0.5778	-0.0508	0.5800	-3.0540
-0.5780	-0.0484	0.5800	-3.0581
-0.5782	-0.0460	0.5800	-3.0622
-0.5784	-0.0437	0.5800	-3.0662
-0.5785	-0.0414	0.5800	-3.0701
-0.5787	-0.0391	0.5800	-3.0742
-0.5788	-0.0367	0.5800	-3.0783
-0.5790	-0.0343	0.5800	-3.0823
-0.5791	-0.0320	0.5800	-3.0865
-0.5792	-0.0296	0.5800	-3.0906
-0.5794	-0.0272	0.5800	-3.0946
-0.5795	-0.0250	0.5800	-3.0984
-0.5796	-0.0226	0.5800	-3.1026
-0.5796	-0.0203	0.5800	-3.1066
-0.5797	-0.0179	0.5800	-3.1107
-0.5798	-0.0155	0.5800	-3.1148
-0.5799	-0.0132	0.5800	-3.1189
-0.5799	-0.0108	0.5800	-3.1230
-0.5799	-0.0086	0.5800	-3.1268
-0.5800	-0.0062	0.5800	-3.1310
-0.5800	-0.0038	0.5800	-3.1350
-0.5800	-0.0014	0.5800	-3.1391
-0.5300	-0.0002	0.5300	-3.1413
-0.3092	-0.0225	0.3100	-3.0690
-0.3083	-0.0211	0.3090	-3.0731
-0.1950	-0.0029	0.1950	-3.1265
-0.2050	-0.0012	0.2050	-3.1358
-0.2060	-0.0004	0.2060	-3.1399
-0.2623	-0.0301	0.2640	-3.0273
-0.2614	-0.0289	0.2630	-3.0313
-0.2596	-0.0274	0.2610	-3.0363
-0.2587	-0.0264	0.2600	-3.0401
-0.2578	-0.0253	0.2590	-3.0439
-0.5494	-0.0534	0.5520	-3.0448
-0.2559	-0.0238	0.2570	-3.0488
-0.5417	-0.0501	0.5440	-3.0494
-0.5339	-0.0472	0.5360	-3.0535
-0.2550	-0.0225	0.2560	-3.0538
-0.2541	-0.0214	0.2550	-3.0575
-0.5262	-0.0440	0.5280	-3.0581
-0.2522	-0.0200	0.2530	-3.0625
-0.5204	-0.0410	0.5220	-3.0630
-0.2513	-0.0190	0.2520	-3.0662
-0.5136	-0.0385	0.5150	-3.0668
-0.2504	-0.0179	0.2510	-3.0701
-0.5067	-0.0356	0.5080	-3.0714
-0.2494	-0.0166	0.2500	-3.0750
-0.4999	-0.0326	0.5010	-3.0764
-0.2485	-0.0156	0.2490	-3.0788
-0.4941	-0.0304	0.4950	-3.0802
-0.2466	-0.0143	0.2470	-3.0837
-0.4872	-0.0275	0.4880	-3.0851
-0.2456	-0.0133	0.2460	-3.0875
-0.4823	-0.0254	0.4830	-3.0890
-0.2447	-0.0120	0.2450	-3.0925
-0.4764	-0.0229	0.4770	-3.0936
-0.4706	-0.0203	0.4710	-3.0984
-0.4646	-0.0183	0.4650	-3.1023
-0.4597	-0.0160	0.4600	-3.1069
-0.4538	-0.0135	0.4540	-3.1118
-0.4488	-0.0117	0.4490	-3.1156
-0.4439	-0.0094	0.4440	-3.1205
-0.4389	-0.0072	0.4390	-3.1252
-0.4340	-0.0055	0.4340	-3.1290
-0.4300	-0.0033	0.4300	-3.1339
-0.4250	-0.0016	0.4250	-3.1378
